0 0
0.01 0
0.02 0
0.03 0
0.04 0
0.05 0
0.06 0
0.07 0
0.08 0
0.09 0
0.1 0
0.11 0
0.12 0
0.13 0
0.14 0
0.15 0
0.16 0
0.17 0
0.18 0
0.19 0
0.2 0
0.21 82
0.22 35
0.23 30
0.24 35
0.25 21
0.26 2
0.27 0
0.28 0
0.29 0
0.3 0
0.31 0
0.32 0
0.33 0
0.34 0
0.35 0
0.36 0
0.37 0
0.38 0
0.39 0
0.4 0
0.41 0
0.42 0
0.43 0
0.44 1
0.45 8
0.46 10
0.47 14
0.48 17
0.49 24
0.5 27
0.51 32
0.52 33
0.53 17
0.54 17
0.55 17
0.56 17
0.57 14
0.58 16
0.59 11
0.6 0
0.61 0
0.62 0
0.63 0
0.64 0
0.65 0
0.66 0
0.67 0
0.68 0
0.69 5
0.7 10
0.71 16
0.72 19
0.73 24
0.74 25
0.75 29
0.76 36
0.77 18
0.78 18
0.79 18
0.8 18
0.81 15
0.82 15
0.83 0
0.84 0
0.85 0
0.86 0
0.87 0
0.88 0
0.89 0
0.9 0
0.91 0
0.92 0
0.93 0
0.94 0
0.95 2
0.96 9
0.97 13
0.98 18
0.99 24
1 29
1.01 34
1.02 29
1.03 17
1.04 17
1.05 17
1.06 17
1.07 12
1.08 6
1.09 3
1.1 0
1.11 0
1.12 0
1.13 0
1.14 0
1.15 0
1.16 0
1.17 0
1.18 1
1.19 4
1.2 12
1.21 15
1.22 18
1.23 22
1.24 26
1.25 29
1.26 33
1.27 17
1.28 17
1.29 17
1.3 17
1.31 9
1.32 6
1.33 0
1.34 0
1.35 0
1.36 0
1.37 0
1.38 0
1.39 0
1.4 0
1.41 0
1.42 0
1.43 0
1.44 0
1.45 1
1.46 5
1.47 11
1.48 16
1.49 19
1.5 24
1.51 27
1.52 34
1.53 28
1.54 17
1.55 18
1.56 17
1.57 17
1.58 16
1.59 16
1.6 9
1.61 2
1.62 0
1.63 0
1.64 0
1.65 0
1.66 0
1.67 0
1.68 0
1.69 0
1.7 0
1.71 0
1.72 2
1.73 7
1.74 11
1.75 15
1.76 19
1.77 26
1.78 29
1.79 33
1.8 22
1.81 17
1.82 17
1.83 17
1.84 13
1.85 3
1.86 3
1.87 1
1.88 0
1.89 0
1.9 0
1.91 0
1.92 0
1.93 0
1.94 0
1.95 0
1.96 0
1.97 0
1.98 0
1.99 0
2 0
2.01 0
2.02 0
2.03 6
2.04 11
2.05 13
2.06 18
2.07 25
2.08 28
2.09 32
2.1 35
2.11 17
2.12 17
2.13 18
2.14 17
2.15 9
2.16 11
2.17 3
2.18 0
2.19 0
2.2 0
2.21 0
2.22 0
2.23 0
2.24 0
2.25 0
2.26 0
2.27 0
2.28 0
2.29 0
2.3 0
2.31 2
2.32 8
2.33 12
2.34 15
2.35 19
2.36 22
2.37 26
2.38 28
2.39 33
2.4 18
2.41 18
2.42 18
2.43 18
2.44 18
2.45 14
2.46 4
2.47 1
2.48 0
2.49 0
2.5 0
2.51 0
2.52 0
2.53 0
2.54 0
2.55 0
2.56 0
2.57 0
2.58 0
2.59 0
2.6 0
2.61 0
2.62 2
2.63 7
2.64 12
2.65 15
2.66 17
2.67 22
2.68 27
2.69 32
2.7 33
2.71 17
2.72 17
2.73 17
2.74 17
2.75 16
2.76 14
2.77 12
2.78 0
2.79 0
2.8 0
2.81 0
2.82 0
2.83 0
2.84 0
2.85 0
2.86 0
2.87 0
2.88 0
2.89 0
2.9 0
2.91 0
2.92 2
2.93 8
2.94 13
2.95 18
2.96 24
2.97 28
2.98 32
2.99 35
3 18
3.01 18
3.02 18
3.03 18
3.04 13
3.05 13
3.06 4
3.07 5
3.08 7
3.09 0
3.1 0
3.11 0
3.12 0
3.13 0
3.14 0
3.15 0
3.16 1
3.17 5
3.18 9
3.19 13
3.2 16
3.21 20
3.22 25
3.23 30
3.24 33
3.25 17
3.26 17
3.27 17
3.28 17
3.29 12
3.3 11
3.31 8
3.32 0
3.33 0
3.34 0
3.35 0
3.36 0
3.37 0
3.38 0
3.39 0
3.4 0
3.41 0
3.42 0
3.43 0
3.44 0
3.45 0
3.46 2
3.47 8
3.48 13
3.49 16
3.5 20
3.51 22
3.52 26
3.53 30
3.54 33
3.55 19
3.56 19
3.57 18
3.58 18
3.59 16
3.6 10
3.61 6
3.62 2
3.63 0
3.64 0
3.65 0
3.66 0
3.67 0
3.68 0
3.69 0
3.7 0
3.71 0
3.72 0
3.73 0
3.74 0
3.75 1
3.76 6
3.77 13
3.78 15
3.79 20
3.8 25
3.81 28
3.82 30
3.83 33
3.84 18
3.85 18
3.86 18
3.87 18
3.88 15
3.89 12
3.9 6
3.91 0
3.92 0
3.93 0
3.94 0
3.95 0
3.96 0
3.97 0
3.98 0
3.99 0
4 0
4.01 0
4.02 0
4.03 0
4.04 0
4.05 1
4.06 7
4.07 13
4.08 17
4.09 21
4.1 25
4.11 29
4.12 32
4.13 35
4.14 18
4.15 18
4.16 18
4.17 18
4.18 14
4.19 9
4.2 10
4.21 7
4.22 4
4.23 0
4.24 0
4.25 0
4.26 0
4.27 0
4.28 0
4.29 0
4.3 0
4.31 0
4.32 1
4.33 5
4.34 8
4.35 12
4.36 18
4.37 22
4.38 26
4.39 31
4.4 32
4.41 16
4.42 17
4.43 16
4.44 16
4.45 5
4.46 4
4.47 0
4.48 0
4.49 0
4.5 0
4.51 0
4.52 0
4.53 0
4.54 0
4.55 0
4.56 0
4.57 0
4.58 0
4.59 0
4.6 0
4.61 8
4.62 11
4.63 15
4.64 21
4.65 24
4.66 28
4.67 32
4.68 32
4.69 17
4.7 17
4.71 17
4.72 17
4.73 12
4.74 14
4.75 15
4.76 14
4.77 0
4.78 0
4.79 0
4.8 0
4.81 0
4.82 0
4.83 0
4.84 0
4.85 2
4.86 6
4.87 11
4.88 17
4.89 21
4.9 25
4.91 28
4.92 32
4.93 16
4.94 16
4.95 16
4.96 16
4.97 14
4.98 15
4.99 10
5 1
5.01 0
5.02 0
5.03 0
5.04 0
5.05 0
5.06 0
5.07 0
5.08 0
5.09 0
5.1 0
5.11 2
5.12 6
5.13 10
5.14 16
5.15 22
5.16 25
5.17 30
5.18 35
5.19 16
5.2 17
5.21 16
5.22 16
5.23 7
5.24 3
5.25 0
5.26 0
5.27 0
5.28 0
5.29 0
5.3 0
5.31 0
5.32 0
5.33 0
5.34 0
5.35 0
5.36 0
5.37 2
5.38 6
5.39 13
5.4 17
5.41 20
5.42 23
5.43 27
5.44 31
5.45 34
5.46 18
5.47 18
5.48 18
5.49 18
5.5 14
5.51 15
5.52 11
5.53 3
5.54 0
5.55 0
5.56 0
5.57 0
5.58 0
5.59 0
5.6 0
5.61 0
5.62 0
5.63 0
5.64 0
5.65 0
5.66 0
5.67 2
5.68 6
5.69 10
5.7 13
5.71 16
5.72 19
5.73 24
5.74 27
5.75 30
5.76 23
5.77 17
5.78 17
5.79 17
5.8 14
5.81 12
5.82 8
5.83 9
5.84 4
5.85 0
5.86 0
5.87 0
5.88 0
5.89 0
5.9 0
5.91 0
5.92 0
5.93 0
5.94 0
5.95 0
5.96 0
5.97 0
5.98 1
5.99 8
6 12
6.01 15
6.02 20
6.03 24
6.04 29
6.05 32
6.06 31
6.07 17
6.08 17
6.09 17
6.1 17
6.11 15
6.12 12
6.13 9
6.14 0
6.15 0
6.16 0
6.17 0
6.18 0
6.19 0
6.2 0
6.21 0
6.22 0
6.23 0
6.24 0
6.25 0
6.26 0
6.27 1
6.28 6
6.29 10
6.3 15
6.31 20
6.32 24
6.33 29
6.34 32
6.35 37
6.36 18
6.37 19
6.38 18
6.39 18
6.4 13
6.41 10
6.42 7
6.43 3
6.44 0
6.45 0
6.46 0
6.47 0
6.48 0
6.49 0
6.5 0
6.51 0
6.52 0
6.53 0
6.54 3
6.55 6
6.56 12
6.57 17
6.58 21
6.59 25
6.6 30
6.61 34
6.62 16
6.63 16
6.64 17
6.65 16
6.66 7
6.67 0
6.68 0
6.69 0
6.7 0
6.71 0
6.72 0
6.73 0
6.74 0
6.75 0
6.76 0
6.77 0
6.78 0
6.79 0
6.8 0
6.81 0
6.82 0
6.83 3
6.84 9
6.85 13
6.86 17
6.87 21
6.88 26
6.89 31
6.9 35
6.91 18
6.92 19
6.93 18
6.94 18
6.95 18
6.96 13
6.97 7
6.98 5
6.99 0
7 0
7.01 0
7.02 0
7.03 0
7.04 0
7.05 0
7.06 0
7.07 0
7.08 0
7.09 0
7.1 0
7.11 0
7.12 2
7.13 7
7.14 12
7.15 17
7.16 20
7.17 23
7.18 28
7.19 32
7.2 31
7.21 17
7.22 17
7.23 17
7.24 17
7.25 13
7.26 12
7.27 5
7.28 0
7.29 0
7.3 0
7.31 0
7.32 0
7.33 0
7.34 0
7.35 0
7.36 0
7.37 0
7.38 1
7.39 6
7.4 8
7.41 13
7.42 18
7.43 23
7.44 27
7.45 30
7.46 33
7.47 17
7.48 17
7.49 17
7.5 18
7.51 13
7.52 14
7.53 16
7.54 6
7.55 0
7.56 0
7.57 0
7.58 0
7.59 0
7.6 0
7.61 0
7.62 0
7.63 0
7.64 0
7.65 0
7.66 0
7.67 0
7.68 3
7.69 7
7.7 11
7.71 15
7.72 21
7.73 25
7.74 30
7.75 32
7.76 34
7.77 18
7.78 18
7.79 18
7.8 18
7.81 18
7.82 11
7.83 9
7.84 5
7.85 0
7.86 0
7.87 0
7.88 0
7.89 0
7.9 0
7.91 0
7.92 0
7.93 0
7.94 0
7.95 0
7.96 0
7.97 6
7.98 10
7.99 16
8 20
8.01 25
8.02 30
8.03 34
8.04 17
8.05 17
8.06 18
8.07 17
8.08 17
8.09 17
8.1 0
8.11 0
8.12 0
8.13 0
8.14 0
8.15 0
8.16 0
8.17 0
8.18 0
8.19 0
8.2 0
8.21 0
8.22 0
8.23 0
8.24 0
8.25 3
8.26 7
8.27 16
8.28 18
8.29 22
8.3 26
8.31 30
8.32 33
8.33 17
8.34 17
8.35 17
8.36 17
8.37 11
8.38 9
8.39 7
8.4 0
8.41 0
8.42 0
8.43 0
8.44 0
8.45 0
8.46 0
8.47 0
8.48 0
8.49 0
8.5 0
8.51 0
8.52 0
8.53 2
8.54 8
8.55 13
8.56 17
8.57 21
8.58 27
8.59 30
8.6 33
8.61 30
8.62 18
8.63 18
8.64 18
8.65 18
8.66 15
8.67 14
8.68 13
8.69 7
8.7 0
8.71 0
8.72 0
8.73 0
8.74 0
8.75 0
8.76 0
8.77 0
8.78 0
8.79 0
8.8 0
8.81 0
8.82 4
8.83 9
8.84 15
8.85 19
8.86 22
8.87 27
8.88 31
8.89 35
8.9 18
8.91 18
8.92 18
8.93 18
8.94 11
8.95 9
8.96 7
8.97 2
8.98 0
8.99 0
9 0
9.01 0
9.02 0
9.03 0
9.04 0
9.05 0
9.06 0
9.07 0
9.08 0
9.09 0
9.1 9
9.11 13
9.12 18
9.13 24
9.14 29
9.15 33
9.16 37
9.17 19
9.18 18
9.19 18
9.2 18
9.21 16
9.22 14
9.23 5
9.24 5
9.25 0
9.26 0
9.27 0
9.28 0
9.29 0
9.3 0
9.31 0
9.32 0
9.33 0
9.34 0
9.35 0
9.36 0
9.37 2
9.38 9
9.39 14
9.4 16
9.41 21
9.42 25
9.43 31
9.44 35
9.45 18
9.46 17
9.47 17
9.48 18
9.49 13
9.5 13
9.51 11
9.52 9
9.53 1
9.54 0
9.55 0
9.56 0
9.57 0
9.58 0
9.59 0
9.6 0
9.61 0
9.62 0
9.63 0
9.64 0
9.65 4
9.66 9
9.67 15
9.68 19
9.69 23
9.7 26
9.71 30
9.72 34
9.73 17
9.74 17
9.75 17
9.76 17
9.77 13
9.78 3
9.79 4
9.8 2
9.81 0
9.82 0
9.83 0
9.84 0
9.85 0
9.86 0
9.87 0
9.88 0
9.89 0
9.9 0
9.91 0
9.92 0
9.93 0
9.94 4
9.95 8
9.96 15
9.97 19
9.98 22
9.99 27
10 34
10.01 37
10.02 18
10.03 18
10.04 18
10.05 18
10.06 15
10.07 11
10.08 8
10.09 0
10.1 2
10.11 0
10.12 0
10.13 0
10.14 0
10.15 0
10.16 0
10.17 0
10.18 0
10.19 0
10.2 4
10.21 9
10.22 12
10.23 19
10.24 24
10.25 28
10.26 34
10.27 36
10.28 18
10.29 18
10.3 18
10.31 18
10.32 14
10.33 9
10.34 4
10.35 4
10.36 0
10.37 0
10.38 0
10.39 0
10.4 0
10.41 0
10.42 0
10.43 0
10.44 0
10.45 0
10.46 0
10.47 0
10.48 3
10.49 8
10.5 12
10.51 18
10.52 22
10.53 25
10.54 27
10.55 33
10.56 33
10.57 18
10.58 19
10.59 18
10.6 18
10.61 11
10.62 10
10.63 4
10.64 1
10.65 0
10.66 0
10.67 0
10.68 0
10.69 0
10.7 0
10.71 0
10.72 0
10.73 0
10.74 0
10.75 2
10.76 6
10.77 11
10.78 15
10.79 17
10.8 20
10.81 25
10.82 28
10.83 31
10.84 25
10.85 18
10.86 18
10.87 18
10.88 17
10.89 10
10.9 7
10.91 6
10.92 0
10.93 0
10.94 0
10.95 0
10.96 0
10.97 0
10.98 0
10.99 0
11 0
11.01 0
11.02 0
11.03 0
11.04 0
11.05 0
11.06 1
11.07 6
11.08 12
11.09 16
11.1 21
11.11 26
11.12 29
11.13 33
11.14 23
11.15 17
11.16 17
11.17 18
11.18 14
11.19 15
11.2 16
11.21 16
11.22 2
11.23 0
11.24 0
11.25 0
11.26 0
11.27 0
11.28 0
11.29 0
11.3 0
11.31 0
11.32 0
11.33 0
11.34 0
11.35 0
11.36 2
11.37 8
11.38 14
11.39 16
11.4 20
11.41 25
11.42 29
11.43 32
11.44 24
11.45 17
11.46 17
11.47 17
11.48 16
11.49 16
11.5 13
11.51 1
11.52 0
11.53 0
11.54 0
11.55 0
11.56 0
11.57 0
11.58 0
11.59 0
11.6 0
11.61 0
11.62 0
11.63 0
11.64 0
11.65 4
11.66 9
11.67 14
11.68 19
11.69 25
11.7 28
11.71 31
11.72 33
11.73 17
11.74 17
11.75 17
11.76 17
11.77 13
11.78 12
11.79 15
11.8 16
11.81 7
11.82 0
11.83 0
11.84 0
11.85 0
11.86 0
11.87 0
11.88 0
11.89 1
11.9 5
11.91 8
11.92 11
11.93 14
11.94 17
11.95 22
11.96 27
11.97 30
11.98 29
11.99 17
12 17
12.01 18
12.02 17
12.03 7
12.04 0
12.05 0
12.06 0
12.07 0
12.08 0
12.09 0
12.1 0
12.11 0
12.12 0
12.13 0
12.14 0
12.15 0
12.16 0
12.17 0
12.18 0
12.19 0
12.2 0
12.21 3
12.22 7
12.23 13
12.24 17
12.25 21
12.26 24
12.27 29
12.28 32
12.29 36
12.3 19
12.31 18
12.32 18
12.33 18
12.34 15
12.35 12
12.36 10
12.37 7
12.38 0
12.39 0
12.4 0
12.41 0
12.42 0
12.43 0
12.44 0
12.45 0
12.46 0
12.47 0
12.48 0
12.49 0
12.5 0
12.51 0
12.52 3
12.53 6
12.54 11
12.55 15
12.56 18
12.57 24
12.58 29
12.59 32
12.6 34
12.61 17
12.62 17
12.63 17
12.64 17
12.65 11
12.66 8
12.67 6
12.68 4
12.69 0
12.7 0
12.71 0
12.72 0
12.73 0
12.74 0
12.75 0
12.76 0
12.77 0
12.78 0
12.79 0
12.8 0
12.81 1
12.82 8
12.83 13
12.84 17
12.85 22
12.86 27
12.87 31
12.88 34
12.89 17
12.9 17
12.91 17
12.92 18
12.93 10
12.94 9
12.95 4
12.96 6
12.97 0
12.98 0
12.99 0
13 0
13.01 0
13.02 0
13.03 0
13.04 0
13.05 0
13.06 0
13.07 0
13.08 2
13.09 7
13.1 13
13.11 18
13.12 20
13.13 25
13.14 31
13.15 35
13.16 17
13.17 17
13.18 17
13.19 17
13.2 16
13.21 16
13.22 16
13.23 15
13.24 0
13.25 0
13.26 0
13.27 0
13.28 0
13.29 0
13.3 0
13.31 0
13.32 0
13.33 0
13.34 0
13.35 0
13.36 0
13.37 5
13.38 9
13.39 14
13.4 19
13.41 24
13.42 29
13.43 34
13.44 20
13.45 17
13.46 17
13.47 17
13.48 17
13.49 2
13.5 0
13.51 1
13.52 0
13.53 0
13.54 0
13.55 0
13.56 0
13.57 0
13.58 0
13.59 0
13.6 0
13.61 0
13.62 0
13.63 0
13.64 2
13.65 7
13.66 11
13.67 17
13.68 22
13.69 26
13.7 31
13.71 36
13.72 20
13.73 18
13.74 18
13.75 18
13.76 18
13.77 18
13.78 16
13.79 9
13.8 0
13.81 0
13.82 0
13.83 0
13.84 0
13.85 0
13.86 0
13.87 0
13.88 0
13.89 0
13.9 0
13.91 0
13.92 0
13.93 0
13.94 0
13.95 3
13.96 8
13.97 13
13.98 15
13.99 20
14 24
14.01 28
14.02 32
14.03 32
14.04 18
14.05 18
14.06 19
14.07 18
14.08 16
14.09 7
14.1 7
14.11 0
14.12 0
14.13 0
14.14 0
14.15 0
14.16 0
14.17 0
14.18 0
14.19 0
14.2 0
14.21 0
14.22 0
14.23 2
14.24 9
14.25 13
14.26 16
14.27 21
14.28 25
14.29 29
14.3 33
14.31 18
14.32 17
14.33 17
14.34 17
14.35 12
14.36 1
14.37 0
14.38 0
14.39 0
14.4 0
14.41 0
14.42 0
14.43 0
14.44 0
14.45 0
14.46 0
14.47 0
14.48 0
14.49 0
14.5 0
14.51 0
14.52 3
14.53 8
14.54 14
14.55 17
14.56 21
14.57 25
14.58 29
14.59 33
14.6 37
14.61 19
14.62 19
14.63 19
14.64 19
14.65 15
14.66 14
14.67 1
14.68 1
14.69 0
14.7 0
14.71 0
14.72 0
14.73 0
14.74 0
14.75 0
14.76 0
14.77 0
14.78 0
14.79 0
14.8 4
14.81 9
14.82 13
14.83 18
14.84 23
14.85 27
14.86 31
14.87 36
14.88 18
14.89 18
14.9 18
14.91 18
14.92 12
14.93 13
14.94 16
14.95 15
14.96 1
14.97 0
14.98 0
14.99 0
15 0
15.01 0
15.02 0
15.03 0
15.04 0
15.05 0
15.06 0
15.07 0
15.08 0
15.09 0
15.1 3
15.11 7
15.12 13
15.13 17
15.14 21
15.15 25
15.16 29
15.17 34
15.18 17
15.19 17
15.2 17
15.21 18
15.22 16
15.23 13
15.24 2
15.25 0
15.26 0
15.27 0
15.28 0
15.29 0
15.3 0
15.31 0
15.32 0
15.33 0
15.34 0
15.35 0
15.36 0
15.37 2
15.38 6
15.39 11
15.4 16
15.41 19
15.42 22
15.43 29
15.44 33
15.45 35
15.46 18
15.47 18
15.48 18
15.49 18
15.5 16
15.51 12
15.52 2
15.53 0
15.54 0
15.55 0
15.56 0
15.57 0
15.58 0
15.59 0
15.6 0
15.61 0
15.62 0
15.63 0
15.64 5
15.65 10
15.66 14
15.67 20
15.68 25
15.69 30
15.7 33
15.71 32
15.72 18
15.73 18
15.74 18
15.75 18
15.76 13
15.77 9
15.78 0
15.79 0
15.8 0
15.81 0
15.82 0
15.83 0
15.84 0
15.85 0
15.86 0
15.87 0
15.88 0
15.89 0
15.9 0
15.91 0
15.92 3
15.93 9
15.94 14
15.95 20
15.96 25
15.97 28
15.98 32
15.99 36
16 21
16.01 19
16.02 19
16.03 19
16.04 15
16.05 9
16.06 5
16.07 4
16.08 0
16.09 0
16.1 0
16.11 0
16.12 0
16.13 0
16.14 0
16.15 0
16.16 0
16.17 0
16.18 0
16.19 0
16.2 0
16.21 0
16.22 3
16.23 7
16.24 12
16.25 17
16.26 20
16.27 24
16.28 28
16.29 32
16.3 30
16.31 17
16.32 17
16.33 17
16.34 17
16.35 12
16.36 8
16.37 5
16.38 0
16.39 0
16.4 0
16.41 0
16.42 0
16.43 0
16.44 0
16.45 0
16.46 0
16.47 0
16.48 0
16.49 0
16.5 4
16.51 8
16.52 14
16.53 18
16.54 22
16.55 26
16.56 28
16.57 32
16.58 17
16.59 17
16.6 17
16.61 17
16.62 15
16.63 15
16.64 4
16.65 0
16.66 0
16.67 0
16.68 0
16.69 0
16.7 0
16.71 0
16.72 0
16.73 0
16.74 0
16.75 0
16.76 0
16.77 0
16.78 0
16.79 3
16.8 7
16.81 12
16.82 16
16.83 21
16.84 25
16.85 29
16.86 32
16.87 32
16.88 18
16.89 18
16.9 18
16.91 18
16.92 11
16.93 2
16.94 4
16.95 0
16.96 0
16.97 0
16.98 0
16.99 0
17 0
17.01 0
17.02 0
17.03 0
17.04 0
17.05 0
17.06 0
17.07 3
17.08 8
17.09 14
17.1 17
17.11 21
17.12 27
17.13 31
17.14 33
17.15 17
17.16 17
17.17 17
17.18 18
17.19 16
17.2 17
17.21 6
17.22 0
17.23 0
17.24 0
17.25 0
17.26 0
17.27 0
17.28 0
17.29 0
17.3 0
17.31 0
17.32 0
17.33 0
17.34 1
17.35 5
17.36 10
17.37 18
17.38 23
17.39 26
17.4 31
17.41 35
17.42 17
17.43 17
17.44 17
17.45 17
17.46 16
17.47 9
17.48 4
17.49 1
17.5 0
17.51 0
17.52 0
17.53 0
17.54 0
17.55 0
17.56 0
17.57 4
17.58 10
17.59 15
17.6 19
17.61 23
17.62 26
17.63 30
17.64 34
17.65 18
17.66 18
17.67 18
17.68 18
17.69 17
17.7 18
17.71 17
17.72 15
17.73 1
17.74 0
17.75 0
17.76 0
17.77 0
17.78 0
17.79 0
17.8 0
17.81 0
17.82 0
17.83 0
17.84 0
17.85 0
17.86 1
17.87 6
17.88 12
17.89 15
17.9 20
17.91 24
17.92 27
17.93 31
17.94 19
17.95 16
17.96 16
17.97 16
17.98 14
17.99 1
18 0
18.01 0
18.02 0
18.03 0
18.04 0
18.05 0
18.06 0
18.07 0
18.08 0
18.09 0
18.1 0
18.11 0
18.12 0
18.13 0
18.14 2
18.15 7
18.16 11
18.17 15
18.18 20
18.19 22
18.2 25
18.21 30
18.22 34
18.23 18
18.24 18
18.25 18
18.26 18
18.27 14
18.28 11
18.29 14
18.3 16
18.31 0
18.32 0
18.33 0
18.34 0
18.35 0
18.36 0
18.37 0
18.38 0
18.39 0
18.4 0
18.41 0
18.42 0
18.43 0
18.44 0
18.45 0
18.46 5
18.47 7
18.48 12
18.49 16
18.5 20
18.51 24
18.52 27
18.53 32
18.54 28
18.55 17
18.56 17
18.57 17
18.58 17
18.59 13
18.6 14
18.61 9
18.62 7
18.63 0
18.64 0
18.65 0
18.66 0
18.67 0
18.68 0
18.69 0
18.7 0
18.71 0
18.72 0
18.73 0
18.74 0
18.75 0
18.76 3
18.77 9
18.78 12
18.79 16
18.8 20
18.81 24
18.82 29
18.83 30
18.84 35
18.85 18
18.86 18
18.87 18
18.88 18
18.89 14
18.9 6
18.91 5
18.92 0
18.93 0
18.94 0
18.95 0
18.96 0
18.97 0
18.98 0
18.99 0
19 0
19.01 0
19.02 0
19.03 0
19.04 1
19.05 7
19.06 11
19.07 17
19.08 22
19.09 26
19.1 28
19.11 32
19.12 17
19.13 18
19.14 17
19.15 17
19.16 13
19.17 8
19.18 2
19.19 0
19.2 0
19.21 0
19.22 0
19.23 0
19.24 0
19.25 0
19.26 0
19.27 0
19.28 0
19.29 0
19.3 0
19.31 5
19.32 9
19.33 14
19.34 18
19.35 21
19.36 25
19.37 31
19.38 35
19.39 17
19.4 17
19.41 17
19.42 17
19.43 17
19.44 10
19.45 6
19.46 0
19.47 0
19.48 0
19.49 0
19.5 0
19.51 0
19.52 0
19.53 0
19.54 0
19.55 0
19.56 0
19.57 0
19.58 0
19.59 4
19.6 8
19.61 11
19.62 16
19.63 22
19.64 26
19.65 30
19.66 33
19.67 17
19.68 17
19.69 17
19.7 17
19.71 15
19.72 13
19.73 14
19.74 10
19.75 0
19.76 0
19.77 0
19.78 0
19.79 0
19.8 0
19.81 0
19.82 0
19.83 0
19.84 0
19.85 0
19.86 0
19.87 1
19.88 6
19.89 11
19.9 16
19.91 22
19.92 26
19.93 29
19.94 33
19.95 17
19.96 17
19.97 17
19.98 17
19.99 9
20 7
20.01 7
20.02 1
20.03 1
20.04 0
20.05 0
20.06 0
20.07 0
20.08 0
20.09 0
20.1 0
20.11 0
20.12 0
20.13 0
20.14 0
20.15 4
20.16 9
20.17 12
20.18 17
20.19 23
20.2 28
20.21 31
20.22 35
20.23 17
20.24 17
20.25 18
20.26 17
20.27 15
20.28 15
20.29 11
20.3 6
20.31 0
20.32 0
20.33 0
20.34 0
20.35 0
20.36 0
20.37 0
20.38 0
20.39 0
20.4 0
20.41 0
20.42 0
20.43 0
20.44 1
20.45 5
20.46 8
20.47 11
20.48 15
20.49 18
20.5 22
20.51 25
20.52 29
20.53 33
20.54 17
20.55 17
20.56 17
20.57 18
20.58 14
20.59 12
20.6 11
20.61 3
20.62 0
20.63 0
20.64 0
20.65 0
20.66 0
20.67 0
20.68 0
20.69 0
20.7 0
20.71 0
20.72 0
20.73 0
20.74 0
20.75 1
20.76 6
20.77 10
20.78 14
20.79 18
20.8 21
20.81 24
20.82 28
20.83 32
20.84 18
20.85 17
20.86 17
20.87 17
20.88 14
20.89 12
20.9 10
20.91 8
20.92 0
20.93 0
20.94 0
20.95 0
20.96 0
20.97 0
20.98 0
20.99 0
21 0
21.01 0
21.02 2
21.03 7
21.04 10
21.05 13
21.06 17
21.07 22
21.08 27
21.09 30
21.1 33
21.11 17
21.12 17
21.13 17
21.14 17
21.15 15
21.16 12
21.17 6
21.18 0
21.19 0
21.2 0
21.21 0
21.22 0
21.23 0
21.24 0
21.25 0
21.26 0
21.27 0
21.28 0
21.29 3
21.3 10
21.31 15
21.32 19
21.33 22
21.34 27
21.35 31
21.36 27
21.37 16
21.38 16
21.39 16
21.4 16
21.41 14
21.42 13
21.43 2
21.44 0
21.45 0
21.46 0
21.47 0
21.48 0
21.49 0
21.5 0
21.51 0
21.52 0
21.53 0
21.54 0
21.55 0
21.56 2
21.57 7
21.58 12
21.59 16
21.6 22
21.61 25
21.62 30
21.63 33
21.64 25
21.65 18
21.66 18
21.67 18
21.68 17
21.69 16
21.7 12
21.71 8
21.72 3
21.73 0
21.74 0
21.75 0
21.76 0
21.77 0
21.78 0
21.79 0
21.8 0
21.81 0
21.82 0
21.83 4
21.84 8
21.85 14
21.86 17
21.87 20
21.88 25
21.89 29
21.9 31
21.91 34
21.92 19
21.93 20
21.94 19
21.95 20
21.96 13
21.97 11
21.98 12
21.99 7
22 0
22.01 0
22.02 0
22.03 0
22.04 0
22.05 0
22.06 0
22.07 0
22.08 0
22.09 0
22.1 0
22.11 0
22.12 0
22.13 2
22.14 4
22.15 8
22.16 13
22.17 18
22.18 23
22.19 26
22.2 30
22.21 36
22.22 18
22.23 18
22.24 18
22.25 18
22.26 18
22.27 17
22.28 17
22.29 7
22.3 0
22.31 0
22.32 0
22.33 0
22.34 0
22.35 0
22.36 0
22.37 0
22.38 0
22.39 0
22.4 0
22.41 0
22.42 0
22.43 2
22.44 6
22.45 12
22.46 15
22.47 19
22.48 23
22.49 28
22.5 32
22.51 33
22.52 17
22.53 17
22.54 17
22.55 17
22.56 17
22.57 10
22.58 3
22.59 0
22.6 0
22.61 0
22.62 0
22.63 0
22.64 0
22.65 0
22.66 0
22.67 0
22.68 0
22.69 0
22.7 0
22.71 0
22.72 0
22.73 2
22.74 6
22.75 12
22.76 14
22.77 18
22.78 23
22.79 27
22.8 32
22.81 35
22.82 17
22.83 18
22.84 17
22.85 17
22.86 17
22.87 3
22.88 2
22.89 0
22.9 0
22.91 0
22.92 0
22.93 0
22.94 0
22.95 0
22.96 0
22.97 0
22.98 0
22.99 0
23 0
23.01 2
23.02 7
23.03 13
23.04 17
23.05 22
23.06 27
23.07 31
23.08 35
23.09 20
23.1 19
23.11 18
23.12 18
23.13 15
23.14 7
23.15 7
23.16 6
23.17 0
23.18 0
23.19 0
23.2 0
23.21 0
23.22 0
23.23 0
23.24 0
23.25 0
23.26 5
23.27 8
23.28 10
23.29 14
23.3 19
23.31 22
23.32 26
23.33 31
23.34 35
23.35 18
23.36 17
23.37 18
23.38 17
23.39 16
23.4 6
23.41 0
23.42 0
23.43 0
23.44 0
23.45 0
23.46 0
23.47 0
23.48 0
23.49 0
23.5 0
23.51 0
23.52 0
23.53 0
23.54 0
23.55 0
23.56 4
23.57 10
23.58 14
23.59 17
23.6 21
23.61 27
23.62 30
23.63 33
23.64 25
23.65 18
23.66 18
23.67 18
23.68 18
23.69 11
23.7 10
23.71 2
23.72 0
23.73 0
23.74 0
23.75 0
23.76 0
23.77 0
23.78 0
23.79 0
23.8 0
23.81 0
23.82 0
23.83 0
23.84 5
23.85 11
23.86 15
23.87 19
23.88 24
23.89 28
23.9 32
23.91 37
23.92 18
23.93 18
23.94 18
23.95 18
23.96 13
23.97 14
23.98 11
23.99 3
24 0
24.01 0
24.02 0
24.03 0
24.04 0
24.05 0
24.06 0
24.07 0
24.08 0
24.09 0
24.1 2
24.11 6
24.12 11
24.13 17
24.14 23
24.15 28
24.16 32
24.17 35
24.18 17
24.19 17
24.2 17
24.21 17
24.22 8
24.23 7
24.24 2
24.25 1
24.26 0
24.27 0
24.28 0
24.29 0
24.3 0
24.31 0
24.32 0
24.33 0
24.34 0
24.35 0
24.36 0
24.37 0
24.38 2
24.39 10
24.4 14
24.41 18
24.42 22
24.43 28
24.44 32
24.45 36
24.46 17
24.47 17
24.48 17
24.49 17
24.5 12
24.51 6
24.52 8
24.53 5
24.54 0
24.55 0
24.56 0
24.57 0
24.58 0
24.59 0
24.6 0
24.61 0
24.62 0
24.63 0
24.64 0
24.65 0
24.66 1
24.67 4
24.68 9
24.69 14
24.7 17
24.71 22
24.72 26
24.73 30
24.74 34
24.75 20
24.76 18
24.77 18
24.78 18
24.79 17
24.8 18
24.81 12
24.82 1
24.83 0
24.84 0
24.85 0
24.86 0
24.87 0
24.88 0
24.89 0
24.9 0
24.91 0
24.92 0
24.93 0
24.94 0
24.95 1
24.96 7
24.97 12
24.98 15
24.99 19
25 24
25.01 26
25.02 29
25.03 34
25.04 17
25.05 17
25.06 17
25.07 17
25.08 15
25.09 7
25.1 7
25.11 1
25.12 0
25.13 0
25.14 0
25.15 0
25.16 0
25.17 0
25.18 0
25.19 0
25.2 0
25.21 0
25.22 0
25.23 6
25.24 13
25.25 12
25.26 18
25.27 21
25.28 24
25.29 28
25.3 34
25.31 27
25.32 18
25.33 18
25.34 18
25.35 18
25.36 8
25.37 13
25.38 9
25.39 0
25.4 0
25.41 0
25.42 0
25.43 0
25.44 0
25.45 0
25.46 0
25.47 0
25.48 0
25.49 0
25.5 0
25.51 0
25.52 3
25.53 7
25.54 12
25.55 17
25.56 19
25.57 23
25.58 27
25.59 32
25.6 28
25.61 17
25.62 17
25.63 18
25.64 17
25.65 9
25.66 7
25.67 3
25.68 0
25.69 0
25.7 0
25.71 0
25.72 0
25.73 0
25.74 0
25.75 0
25.76 0
25.77 0
25.78 0
25.79 0
25.8 0
25.81 3
25.82 6
25.83 11
25.84 16
25.85 21
25.86 25
25.87 29
25.88 34
25.89 17
25.9 17
25.91 17
25.92 17
25.93 12
25.94 14
25.95 14
25.96 6
25.97 0
25.98 0
25.99 0
26 0
26.01 0
26.02 0
26.03 0
26.04 0
26.05 0
26.06 0
26.07 0
26.08 1
26.09 7
26.1 13
26.11 17
26.12 21
26.13 25
26.14 28
26.15 32
26.16 25
26.17 17
26.18 17
26.19 17
26.2 16
26.21 17
26.22 16
26.23 12
26.24 2
26.25 0
26.26 0
26.27 0
26.28 0
26.29 0
26.3 0
26.31 0
26.32 0
26.33 0
26.34 0
26.35 0
26.36 0
26.37 5
26.38 9
26.39 13
26.4 19
26.41 24
26.42 25
26.43 30
26.44 36
26.45 22
26.46 19
26.47 19
26.48 19
26.49 19
26.5 12
26.51 10
26.52 8
26.53 0
26.54 0
26.55 0
26.56 0
26.57 0
26.58 0
26.59 0
26.6 0
26.61 0
26.62 0
26.63 0
26.64 0
26.65 0
26.66 7
26.67 11
26.68 15
26.69 21
26.7 25
26.71 29
26.72 32
26.73 24
26.74 17
26.75 17
26.76 17
26.77 17
26.78 11
26.79 2
26.8 0
26.81 0
26.82 0
26.83 0
26.84 0
26.85 0
26.86 0
26.87 0
26.88 0
26.89 0
26.9 0
26.91 0
26.92 0
26.93 2
26.94 8
26.95 16
26.96 20
26.97 23
26.98 29
26.99 34
27 36
27.01 19
27.02 18
27.03 18
27.04 18
27.05 15
27.06 17
27.07 13
27.08 11
27.09 0
27.1 0
27.11 0
27.12 0
27.13 0
27.14 0
27.15 0
27.16 0
27.17 0
27.18 0
27.19 0
27.2 0
27.21 3
27.22 9
27.23 13
27.24 18
27.25 22
27.26 25
27.27 28
27.28 32
27.29 17
27.3 17
27.31 17
27.32 17
27.33 16
27.34 16
27.35 7
27.36 2
27.37 0
27.38 0
27.39 0
27.4 0
27.41 0
27.42 0
27.43 0
27.44 0
27.45 0
27.46 0
27.47 0
27.48 0
27.49 0
27.5 2
27.51 7
27.52 10
27.53 14
27.54 17
27.55 22
27.56 25
27.57 30
27.58 33
27.59 20
27.6 18
27.61 18
27.62 18
27.63 14
27.64 4
27.65 4
27.66 6
27.67 0
27.68 0
27.69 0
27.7 0
27.71 0
27.72 0
27.73 0
27.74 0
27.75 0
27.76 0
27.77 1
27.78 4
27.79 9
27.8 15
27.81 19
27.82 24
27.83 29
27.84 32
27.85 24
27.86 17
27.87 17
27.88 17
27.89 15
27.9 13
27.91 15
27.92 13
27.93 2
27.94 0
27.95 0
27.96 0
27.97 0
27.98 0
27.99 0
28 0
28.01 0
28.02 0
28.03 0
28.04 0
28.05 0
28.06 4
28.07 11
28.08 15
28.09 20
28.1 27
28.11 32
28.12 36
28.13 18
28.14 18
28.15 18
28.16 19
28.17 17
28.18 8
28.19 5
28.2 0
28.21 0
28.22 0
28.23 0
28.24 0
28.25 0
28.26 0
28.27 0
28.28 0
28.29 0
28.3 0
28.31 0
28.32 0
28.33 3
28.34 7
28.35 12
28.36 16
28.37 19
28.38 24
28.39 30
28.4 33
28.41 32
28.42 18
28.43 18
28.44 18
28.45 18
28.46 8
28.47 2
28.48 0
28.49 0
28.5 0
28.51 0
28.52 0
28.53 0
28.54 0
28.55 0
28.56 0
28.57 0
28.58 0
28.59 0
28.6 0
28.61 0
28.62 3
28.63 7
28.64 12
28.65 15
28.66 20
28.67 24
28.68 27
28.69 31
28.7 33
28.71 20
28.72 19
28.73 19
28.74 19
28.75 15
28.76 5
28.77 0
28.78 0
28.79 0
28.8 0
28.81 0
28.82 0
28.83 0
28.84 0
28.85 0
28.86 0
28.87 0
28.88 3
28.89 7
28.9 10
28.91 14
28.92 19
28.93 23
28.94 27
28.95 30
28.96 33
28.97 18
28.98 18
28.99 18
29 18
29.01 18
29.02 10
29.03 4
29.04 0
29.05 0
29.06 0
29.07 0
29.08 0
29.09 0
29.1 0
29.11 0
29.12 0
29.13 0
29.14 0
29.15 4
29.16 9
29.17 15
29.18 17
29.19 21
29.2 28
29.21 32
29.22 36
29.23 18
29.24 18
29.25 18
29.26 18
29.27 18
29.28 7
29.29 4
29.3 2
29.31 0
29.32 0
29.33 0
29.34 0
29.35 0
29.36 0
29.37 0
29.38 0
29.39 0
29.4 0
29.41 0
29.42 0
29.43 2
29.44 6
29.45 10
29.46 13
29.47 17
29.48 25
29.49 27
29.5 31
29.51 35
29.52 18
29.53 18
29.54 18
29.55 18
29.56 9
29.57 4
29.58 6
29.59 1
29.6 0
29.61 0
29.62 0
29.63 0
29.64 0
29.65 0
29.66 0
29.67 0
29.68 0
29.69 0
29.7 0
29.71 0
29.72 0
29.73 0
29.74 0
29.75 2
29.76 6
29.77 10
29.78 13
29.79 18
29.8 22
29.81 24
29.82 29
29.83 33
29.84 22
29.85 17
29.86 17
29.87 17
29.88 17
29.89 10
29.9 9
29.91 10
29.92 0
29.93 0
29.94 0
29.95 0
29.96 0
29.97 0
29.98 0
29.99 0
30 0
30.01 0
30.02 0
30.03 0
30.04 0
30.05 0
30.06 0
30.07 0
30.08 0
30.09 0
30.1 1
30.11 6
30.12 10
30.13 11
30.14 15
30.15 20
30.16 23
30.17 26
30.18 29
30.19 32
30.2 18
30.21 18
30.22 18
30.23 18
30.24 14
30.25 0
30.26 0
30.27 0
30.28 0
30.29 0
30.3 0
30.31 0
30.32 0
30.33 0
30.34 0
30.35 0
30.36 0
30.37 0
30.38 0
30.39 3
30.4 8
30.41 12
30.42 16
30.43 21
30.44 27
30.45 29
30.46 33
30.47 21
30.48 17
30.49 17
30.5 18
30.51 17
30.52 11
30.53 0
30.54 0
30.55 0
30.56 0
30.57 0
30.58 0
30.59 0
30.6 0
30.61 0
30.62 4
30.63 10
30.64 14
30.65 17
30.66 22
30.67 25
30.68 30
30.69 33
30.7 16
30.71 16
30.72 16
30.73 16
30.74 12
30.75 10
30.76 1
30.77 0
30.78 0
30.79 0
30.8 0
30.81 0
30.82 0
30.83 0
30.84 0
30.85 0
30.86 0
30.87 0
30.88 0
30.89 0
30.9 5
30.91 8
30.92 13
30.93 18
30.94 22
30.95 26
30.96 30
30.97 36
30.98 19
30.99 18
31 18
31.01 18
31.02 14
31.03 9
31.04 4
31.05 2
31.06 4
31.07 0
31.08 0
31.09 0
31.1 0
31.11 0
31.12 0
31.13 0
31.14 1
31.15 7
31.16 10
31.17 14
31.18 18
31.19 21
31.2 24
31.21 29
31.22 33
31.23 18
31.24 18
31.25 18
31.26 18
31.27 16
31.28 4
31.29 5
31.3 2
31.31 0
31.32 0
31.33 0
31.34 0
31.35 0
31.36 0
31.37 0
31.38 0
31.39 0
31.4 0
31.41 0
31.42 0
31.43 4
31.44 9
31.45 14
31.46 15
31.47 22
31.48 25
31.49 28
31.5 32
31.51 16
31.52 16
31.53 16
31.54 16
31.55 14
31.56 16
31.57 10
31.58 11
31.59 0
31.6 0
31.61 0
31.62 0
31.63 0
31.64 0
31.65 0
31.66 0
31.67 0
31.68 0
31.69 0
31.7 0
31.71 0
31.72 0
31.73 0
31.74 0
31.75 3
31.76 8
31.77 11
31.78 15
31.79 19
31.8 24
31.81 27
31.82 31
31.83 35
31.84 18
31.85 18
31.86 18
31.87 18
31.88 11
31.89 12
31.9 8
31.91 0
31.92 0
31.93 0
31.94 0
31.95 0
31.96 0
31.97 0
31.98 0
31.99 0
32 0
32.01 0
32.02 0
32.03 0
32.04 5
32.05 9
32.06 13
32.07 17
32.08 20
32.09 24
32.1 28
32.11 31
32.12 17
32.13 17
32.14 17
32.15 17
32.16 16
32.17 5
32.18 0
32.19 0
32.2 0
32.21 0
32.22 0
32.23 0
32.24 0
32.25 0
32.26 0
32.27 0
32.28 0
32.29 0
32.3 0
32.31 4
32.32 7
32.33 11
32.34 16
32.35 20
32.36 23
32.37 27
32.38 30
32.39 34
32.4 18
32.41 18
32.42 18
32.43 18
32.44 12
32.45 9
32.46 3
32.47 0
32.48 0
32.49 0
32.5 0
32.51 0
32.52 0
32.53 0
32.54 0
32.55 0
32.56 0
32.57 0
32.58 0
32.59 2
32.6 8
32.61 12
32.62 16
32.63 20
32.64 25
32.65 28
32.66 32
32.67 17
32.68 17
32.69 18
32.7 18
32.71 14
32.72 7
32.73 8
32.74 9
32.75 0
32.76 0
32.77 0
32.78 0
32.79 0
32.8 0
32.81 0
32.82 0
32.83 0
32.84 0
32.85 0
32.86 0
32.87 0
32.88 0
32.89 0
32.9 6
32.91 9
32.92 13
32.93 17
32.94 21
32.95 24
32.96 28
32.97 30
32.98 29
32.99 17
33 17
33.01 17
33.02 17
33.03 0
33.04 0
33.05 0
33.06 0
33.07 0
33.08 0
33.09 0
33.1 0
33.11 0
33.12 0
33.13 0
33.14 0
33.15 0
33.16 1
33.17 6
33.18 13
33.19 17
33.2 22
33.21 26
33.22 30
33.23 33
33.24 18
33.25 17
33.26 17
33.27 17
33.28 13
33.29 13
33.3 10
33.31 8
33.32 0
33.33 0
33.34 0
33.35 0
33.36 0
33.37 0
33.38 0
33.39 0
33.4 0
33.41 0
33.42 2
33.43 5
33.44 11
33.45 15
33.46 18
33.47 25
33.48 29
33.49 32
33.5 17
33.51 17
33.52 17
33.53 17
33.54 17
33.55 13
33.56 13
33.57 6
33.58 0
33.59 0
33.6 0
33.61 0
33.62 0
33.63 0
33.64 0
33.65 0
33.66 0
33.67 0
33.68 0
33.69 1
33.7 7
33.71 10
33.72 14
33.73 21
33.74 25
33.75 29
33.76 34
33.77 17
33.78 17
33.79 17
33.8 17
33.81 13
33.82 12
33.83 9
33.84 12
33.85 0
33.86 0
33.87 0
33.88 0
33.89 0
33.9 0
33.91 0
33.92 0
33.93 0
33.94 0
33.95 0
33.96 0
33.97 4
33.98 8
33.99 14
34 19
34.01 24
34.02 27
34.03 33
34.04 36
34.05 17
34.06 17
34.07 17
34.08 17
34.09 13
34.1 13
34.11 7
34.12 0
34.13 0
34.14 0
34.15 0
34.16 0
34.17 0
34.18 0
34.19 0
34.2 0
34.21 0
34.22 0
34.23 1
34.24 6
34.25 12
34.26 17
34.27 21
34.28 26
34.29 29
34.3 35
34.31 18
34.32 17
34.33 17
34.34 17
34.35 10
34.36 7
34.37 1
34.38 0
34.39 0
34.4 0
34.41 0
34.42 0
34.43 0
34.44 0
34.45 0
34.46 0
34.47 0
34.48 0
34.49 0
34.5 2
34.51 6
34.52 10
34.53 13
34.54 19
34.55 23
34.56 26
34.57 32
34.58 36
34.59 19
34.6 20
34.61 19
34.62 19
34.63 16
34.64 16
34.65 18
34.66 17
34.67 0
34.68 0
34.69 0
34.7 0
34.71 0
34.72 0
34.73 0
34.74 0
34.75 0
34.76 0
34.77 0
34.78 0
34.79 0
34.8 1
34.81 6
34.82 8
34.83 13
34.84 15
34.85 19
34.86 23
34.87 31
34.88 34
34.89 17
34.9 17
34.91 17
34.92 17
34.93 11
34.94 2
34.95 0
34.96 0
34.97 0
34.98 0
34.99 0
35 0
35.01 0
35.02 0
35.03 0
35.04 0
35.05 0
35.06 0
35.07 0
35.08 0
35.09 0
35.1 4
35.11 8
35.12 12
35.13 15
35.14 21
35.15 26
35.16 30
35.17 33
35.18 21
35.19 18
35.2 17
35.21 17
35.22 17
35.23 13
35.24 8
35.25 1
35.26 0
35.27 0
35.28 0
35.29 0
35.3 0
35.31 0
35.32 0
35.33 0
35.34 0
35.35 0
35.36 0
35.37 2
35.38 5
35.39 10
35.4 16
35.41 19
35.42 23
35.43 27
35.44 31
35.45 34
35.46 17
35.47 17
35.48 17
35.49 17
35.5 7
35.51 5
35.52 2
35.53 0
35.54 0
35.55 0
35.56 0
35.57 0
35.58 0
35.59 0
35.6 0
35.61 0
35.62 0
35.63 0
35.64 0
35.65 1
35.66 6
35.67 11
35.68 18
35.69 22
35.7 25
35.71 30
35.72 34
35.73 17
35.74 17
35.75 18
35.76 17
35.77 17
35.78 7
35.79 7
35.8 7
35.81 0
35.82 0
35.83 0
35.84 0
35.85 0
35.86 0
35.87 0
35.88 0
35.89 0
35.9 2
35.91 6
35.92 9
35.93 11
35.94 15
35.95 20
35.96 23
35.97 25
35.98 29
35.99 30
36 18
36.01 18
36.02 17
36.03 17
36.04 10
36.05 4
36.06 0
36.07 0
36.08 0
36.09 0
36.1 0
36.11 0
36.12 0
36.13 0
36.14 0
36.15 0
36.16 0
36.17 0
36.18 0
36.19 0
36.2 3
36.21 8
36.22 11
36.23 15
36.24 20
36.25 24
36.26 28
36.27 32
36.28 31
36.29 17
36.3 17
36.31 17
36.32 17
36.33 16
36.34 10
36.35 9
36.36 0
36.37 0
36.38 0
36.39 0
36.4 0
36.41 0
36.42 0
36.43 0
36.44 0
36.45 0
36.46 0
36.47 0
36.48 0
36.49 3
36.5 6
36.51 10
36.52 16
36.53 20
36.54 22
36.55 28
36.56 31
36.57 35
36.58 17
36.59 17
36.6 17
36.61 17
36.62 17
36.63 18
36.64 12
36.65 0
36.66 0
36.67 0
36.68 0
36.69 0
36.7 0
36.71 0
36.72 0
36.73 0
36.74 0
36.75 0
36.76 0
36.77 3
36.78 9
36.79 16
36.8 21
36.81 24
36.82 29
36.83 32
36.84 20
36.85 17
36.86 17
36.87 17
36.88 17
36.89 14
36.9 15
36.91 11
36.92 7
36.93 0
36.94 0
36.95 0
36.96 0
36.97 0
36.98 0
36.99 0
37 0
37.01 0
37.02 0
37.03 0
37.04 2
37.05 7
37.06 12
37.07 15
37.08 19
37.09 24
37.1 29
37.11 34
37.12 23
37.13 17
37.14 17
37.15 17
37.16 17
37.17 17
37.18 17
37.19 10
37.2 0
37.21 0
37.22 0
37.23 0
37.24 0
37.25 0
37.26 0
37.27 0
37.28 0
37.29 0
37.3 0
37.31 0
37.32 0
37.33 4
37.34 9
37.35 13
37.36 18
37.37 23
37.38 25
37.39 29
37.4 34
37.41 17
37.42 17
37.43 17
37.44 17
37.45 13
37.46 8
37.47 9
37.48 8
37.49 0
37.5 0
37.51 0
37.52 0
37.53 0
37.54 0
37.55 0
37.56 0
37.57 0
37.58 0
37.59 0
37.6 3
37.61 9
37.62 14
37.63 17
37.64 25
37.65 29
37.66 34
37.67 34
37.68 18
37.69 18
37.7 18
37.71 18
37.72 7
37.73 9
37.74 12
37.75 12
37.76 0
37.77 0
37.78 0
37.79 0
37.8 0
37.81 0
37.82 0
37.83 0
37.84 0
37.85 0
37.86 0
37.87 1
37.88 6
37.89 11
37.9 16
37.91 20
37.92 25
37.93 28
37.94 31
37.95 35
37.96 17
37.97 17
37.98 17
37.99 17
38 11
38.01 10
38.02 6
38.03 2
38.04 0
38.05 0
38.06 0
38.07 0
38.08 0
38.09 0
38.1 0
38.11 0
38.12 0
38.13 0
38.14 0
38.15 0
38.16 0
38.17 0
38.18 4
38.19 9
38.2 12
38.21 15
38.22 18
38.23 22
38.24 27
38.25 30
38.26 34
38.27 17
38.28 18
38.29 17
38.3 17
38.31 5
38.32 4
38.33 1
38.34 3
38.35 0
38.36 0
38.37 0
38.38 0
38.39 0
38.4 0
38.41 0
38.42 0
38.43 0
38.44 0
38.45 0
38.46 0
38.47 1
38.48 4
38.49 7
38.5 13
38.51 16
38.52 20
38.53 23
38.54 29
38.55 32
38.56 32
38.57 17
38.58 17
38.59 18
38.6 17
38.61 15
38.62 15
38.63 8
38.64 0
38.65 0
38.66 0
38.67 0
38.68 0
38.69 0
38.7 0
38.71 0
38.72 0
38.73 0
38.74 0
38.75 4
38.76 7
38.77 12
38.78 16
38.79 21
38.8 26
38.81 31
38.82 34
38.83 23
38.84 18
38.85 18
38.86 18
38.87 14
38.88 17
38.89 14
38.9 13
38.91 6
38.92 0
38.93 0
38.94 0
38.95 0
38.96 0
38.97 0
38.98 0
38.99 0
39 0
39.01 0
39.02 0
39.03 0
39.04 6
39.05 9
39.06 13
39.07 16
39.08 22
39.09 26
39.1 30
39.11 34
39.12 17
39.13 17
39.14 18
39.15 17
39.16 15
39.17 3
39.18 3
39.19 0
39.2 0
39.21 0
39.22 0
39.23 0
39.24 0
39.25 0
39.26 0
39.27 0
39.28 0
39.29 0
39.3 0
39.31 0
39.32 2
39.33 5
39.34 10
39.35 15
39.36 19
39.37 24
39.38 28
39.39 33
39.4 36
39.41 18
39.42 18
39.43 18
39.44 18
39.45 13
39.46 3
39.47 3
39.48 0
39.49 0
39.5 0
39.51 0
39.52 0
39.53 0
39.54 0
39.55 0
39.56 0
39.57 0
39.58 0
39.59 0
39.6 0
39.61 0
39.62 4
39.63 9
39.64 14
39.65 18
39.66 25
39.67 29
39.68 34
39.69 37
39.7 18
39.71 18
39.72 18
39.73 18
39.74 10
39.75 8
39.76 1
39.77 3
39.78 0
39.79 0
39.8 0
39.81 0
39.82 0
39.83 0
39.84 0
39.85 0
39.86 0
39.87 1
39.88 4
39.89 9
39.9 15
39.91 18
39.92 23
39.93 26
39.94 30
39.95 34
39.96 18
39.97 18
39.98 19
39.99 18
40 17
40.01 13
40.02 7
40.03 4
40.04 0
40.05 0
40.06 0
40.07 0
40.08 0
40.09 0
40.1 0
40.11 0
40.12 0
40.13 0
40.14 0
40.15 0
40.16 0
40.17 5
40.18 11
40.19 14
40.2 17
40.21 22
40.22 26
40.23 28
40.24 31
40.25 30
40.26 18
40.27 18
40.28 18
40.29 19
40.3 10
40.31 1
40.32 0
40.33 0
40.34 0
40.35 0
40.36 0
40.37 0
40.38 0
40.39 0
40.4 0
40.41 0
40.42 0
40.43 0
40.44 0
40.45 0
40.46 3
40.47 6
40.48 11
40.49 14
40.5 18
40.51 21
40.52 24
40.53 31
40.54 33
40.55 26
40.56 18
40.57 18
40.58 18
40.59 18
40.6 8
40.61 5
40.62 1
40.63 0
40.64 0
40.65 0
40.66 0
40.67 0
40.68 0
40.69 0
40.7 0
40.71 0
40.72 0
40.73 0
40.74 4
40.75 9
40.76 16
40.77 19
40.78 25
40.79 30
40.8 33
40.81 38
40.82 19
40.83 19
40.84 19
40.85 19
40.86 16
40.87 10
40.88 10
40.89 4
40.9 0
40.91 0
40.92 0
40.93 0
40.94 0
40.95 0
40.96 0
40.97 0
40.98 0
40.99 0
41 1
41.01 4
41.02 13
41.03 15
41.04 20
41.05 25
41.06 30
41.07 33
41.08 25
41.09 19
41.1 18
41.11 18
41.12 18
41.13 14
41.14 9
41.15 4
41.16 1
41.17 0
41.18 0
41.19 0
41.2 0
41.21 0
41.22 0
41.23 0
41.24 0
41.25 0
41.26 0
41.27 1
41.28 5
41.29 10
41.3 13
41.31 18
41.32 22
41.33 25
41.34 30
41.35 34
41.36 27
41.37 18
41.38 19
41.39 18
41.4 18
41.41 11
41.42 2
41.43 2
41.44 0
41.45 0
41.46 0
41.47 0
41.48 0
41.49 0
41.5 0
41.51 0
41.52 0
41.53 0
41.54 0
41.55 0
41.56 0
41.57 3
41.58 7
41.59 14
41.6 18
41.61 22
41.62 28
41.63 33
41.64 37
41.65 18
41.66 18
41.67 18
41.68 18
41.69 13
41.7 13
41.71 16
41.72 9
41.73 0
41.74 0
41.75 0
41.76 0
41.77 0
41.78 0
41.79 0
41.8 0
41.81 0
41.82 0
41.83 0
41.84 0
41.85 1
41.86 5
41.87 9
41.88 17
41.89 20
41.9 25
41.91 27
41.92 33
41.93 29
41.94 17
41.95 17
41.96 17
41.97 17
41.98 12
41.99 9
42 6
42.01 0
42.02 0
42.03 0
42.04 0
42.05 0
42.06 0
42.07 0
42.08 0
42.09 0
42.1 0
42.11 0
42.12 0
42.13 2
42.14 6
42.15 12
42.16 15
42.17 20
42.18 24
42.19 28
42.2 31
42.21 34
42.22 18
42.23 18
42.24 18
42.25 18
42.26 16
42.27 7
42.28 8
42.29 6
42.3 0
42.31 0
42.32 0
42.33 0
42.34 0
42.35 0
42.36 0
42.37 0
42.38 0
42.39 0
42.4 0
42.41 1
42.42 4
42.43 9
42.44 14
42.45 18
42.46 21
42.47 25
42.48 29
42.49 33
42.5 16
42.51 16
42.52 16
42.53 16
42.54 16
42.55 11
42.56 10
42.57 4
42.58 0
42.59 0
42.6 0
42.61 0
42.62 0
42.63 0
42.64 0
42.65 0
42.66 0
42.67 0
42.68 0
42.69 1
42.7 5
42.71 12
42.72 17
42.73 20
42.74 23
42.75 29
42.76 32
42.77 20
42.78 18
42.79 17
42.8 17
42.81 17
42.82 17
42.83 15
42.84 16
42.85 3
42.86 0
42.87 0
42.88 0
42.89 0
42.9 0
42.91 0
42.92 0
42.93 0
42.94 0
42.95 0
42.96 0
42.97 0
42.98 0
42.99 1
43 5
43.01 10
43.02 14
43.03 17
43.04 21
43.05 24
43.06 29
43.07 33
43.08 17
43.09 17
43.1 17
43.11 17
43.12 14
43.13 11
43.14 1
43.15 0
43.16 0
43.17 0
43.18 0
43.19 0
43.2 0
43.21 0
43.22 0
43.23 0
43.24 0
43.25 3
43.26 7
43.27 10
43.28 16
43.29 19
43.3 25
43.31 27
43.32 30
43.33 34
43.34 18
43.35 18
43.36 18
43.37 18
43.38 14
43.39 6
43.4 0
43.41 0
43.42 0
43.43 0
43.44 0
43.45 0
43.46 0
43.47 0
43.48 0
43.49 0
43.5 0
43.51 0
43.52 0
43.53 0
43.54 4
43.55 9
43.56 15
43.57 18
43.58 23
43.59 27
43.6 30
43.61 34
43.62 31
43.63 20
43.64 19
43.65 19
43.66 19
43.67 17
43.68 15
43.69 11
43.7 4
43.71 0
43.72 0
43.73 0
43.74 0
43.75 0
43.76 0
43.77 0
43.78 0
43.79 0
43.8 0
43.81 0
43.82 0
43.83 1
43.84 5
43.85 7
43.86 12
43.87 18
43.88 22
43.89 24
43.9 31
43.91 34
43.92 17
43.93 17
43.94 17
43.95 17
43.96 14
43.97 13
43.98 1
43.99 0
44 0
44.01 0
44.02 0
44.03 0
44.04 0
44.05 0
44.06 0
44.07 0
44.08 0
44.09 0
44.1 0
44.11 1
44.12 7
44.13 11
44.14 17
44.15 22
44.16 26
44.17 30
44.18 35
44.19 17
44.2 17
44.21 17
44.22 17
44.23 15
44.24 13
44.25 3
44.26 1
44.27 0
44.28 0
44.29 0
44.3 0
44.31 0
44.32 0
44.33 0
44.34 0
44.35 0
44.36 0
44.37 0
44.38 5
44.39 11
44.4 18
44.41 24
44.42 27
44.43 31
44.44 33
44.45 16
44.46 16
44.47 16
44.48 17
44.49 9
44.5 12
44.51 11
44.52 6
44.53 0
44.54 0
44.55 0
44.56 0
44.57 0
44.58 0
44.59 0
44.6 0
44.61 0
44.62 0
44.63 0
44.64 6
44.65 9
44.66 13
44.67 20
44.68 25
44.69 29
44.7 33
44.71 35
44.72 18
44.73 18
44.74 18
44.75 18
44.76 6
44.77 1
44.78 2
44.79 0
44.8 0
44.81 0
44.82 0
44.83 0
44.84 0
44.85 0
44.86 0
44.87 0
44.88 0
44.89 0
44.9 4
44.91 5
44.92 10
44.93 16
44.94 20
44.95 23
44.96 27
44.97 32
44.98 35
44.99 17
45 17
45.01 18
45.02 17
45.03 13
45.04 14
45.05 10
45.06 5
45.07 0
45.08 0
45.09 0
45.1 0
45.11 0
45.12 0
45.13 0
45.14 0
45.15 0
45.16 0
45.17 0
45.18 0
45.19 3
45.2 6
45.21 12
45.22 17
45.23 22
45.24 26
45.25 30
45.26 37
45.27 17
45.28 17
45.29 17
45.3 17
45.31 14
45.32 3
45.33 0
45.34 0
45.35 0
45.36 0
45.37 0
45.38 0
45.39 0
45.4 0
45.41 0
45.42 0
45.43 0
45.44 0
45.45 0
45.46 1
45.47 5
45.48 12
45.49 16
45.5 19
45.51 24
45.52 28
45.53 31
45.54 34
45.55 18
45.56 18
45.57 18
45.58 18
45.59 15
45.6 18
45.61 10
45.62 10
45.63 6
45.64 0
45.65 0
45.66 0
45.67 0
45.68 0
45.69 0
45.7 0
45.71 0
45.72 0
45.73 0
45.74 0
45.75 0
45.76 5
45.77 10
45.78 14
45.79 18
45.8 22
45.81 26
45.82 28
45.83 32
45.84 16
45.85 16
45.86 16
45.87 17
45.88 14
45.89 11
45.9 11
45.91 0
45.92 0
45.93 0
45.94 0
45.95 0
45.96 0
45.97 0
45.98 0
45.99 0
46 0
46.01 0
46.02 0
46.03 0
46.04 0
46.05 3
46.06 8
46.07 11
46.08 16
46.09 19
46.1 24
46.11 28
46.12 31
46.13 32
46.14 17
46.15 17
46.16 17
46.17 17
46.18 14
46.19 6
46.2 5
46.21 0
46.22 0
46.23 0
46.24 0
46.25 0
46.26 0
46.27 0
46.28 0
46.29 0
46.3 0
46.31 0
46.32 0
46.33 3
46.34 6
46.35 9
46.36 13
46.37 19
46.38 21
46.39 26
46.4 30
46.41 36
46.42 17
46.43 17
46.44 17
46.45 17
46.46 9
46.47 2
46.48 1
46.49 2
46.5 0
46.51 0
46.52 0
46.53 0
46.54 0
46.55 0
46.56 0
46.57 0
46.58 0
46.59 1
46.6 5
46.61 12
46.62 17
46.63 23
46.64 27
46.65 33
46.66 36
46.67 18
46.68 18
46.69 18
46.7 18
46.71 15
46.72 9
46.73 3
46.74 0
46.75 1
46.76 0
46.77 0
46.78 0
46.79 0
46.8 0
46.81 0
46.82 0
46.83 0
46.84 3
46.85 9
46.86 10
46.87 14
46.88 19
46.89 24
46.9 28
46.91 31
46.92 36
46.93 19
46.94 19
46.95 19
46.96 19
46.97 12
46.98 14
46.99 14
47 16
47.01 1
47.02 0
47.03 0
47.04 0
47.05 0
47.06 0
47.07 0
47.08 0
47.09 0
47.1 0
47.11 0
47.12 0
47.13 0
47.14 2
47.15 8
47.16 12
47.17 18
47.18 23
47.19 27
47.2 29
47.21 33
47.22 20
47.23 18
47.24 18
47.25 18
47.26 18
47.27 14
47.28 6
47.29 1
47.3 0
47.31 0
47.32 0
47.33 0
47.34 0
47.35 0
47.36 0
47.37 0
47.38 0
47.39 0
47.4 0
47.41 0
47.42 1
47.43 8
47.44 10
47.45 16
47.46 21
47.47 26
47.48 29
47.49 34
47.5 27
47.51 18
47.52 18
47.53 18
47.54 18
47.55 10
47.56 6
47.57 4
47.58 5
47.59 0
47.6 0
47.61 0
47.62 0
47.63 0
47.64 0
47.65 0
47.66 0
47.67 0
47.68 0
47.69 0
47.7 0
47.71 2
47.72 5
47.73 11
47.74 16
47.75 19
47.76 22
47.77 25
47.78 29
47.79 32
47.8 18
47.81 18
47.82 18
47.83 18
47.84 16
47.85 16
47.86 13
47.87 10
47.88 0
47.89 0
47.9 0
47.91 0
47.92 0
47.93 0
47.94 0
47.95 0
47.96 0
47.97 0
47.98 0
47.99 0
48 0
48.01 0
48.02 4
48.03 8
48.04 12
48.05 16
48.06 19
48.07 25
48.08 28
48.09 30
48.1 24
48.11 17
48.12 18
48.13 17
48.14 16
48.15 16
48.16 5
48.17 6
48.18 0
48.19 0
48.2 0
48.21 0
48.22 0
48.23 0
48.24 0
48.25 0
48.26 0
48.27 0
48.28 0
48.29 0
48.3 0
48.31 0
48.32 2
48.33 6
48.34 11
48.35 17
48.36 19
48.37 24
48.38 28
48.39 31
48.4 35
48.41 18
48.42 17
48.43 17
48.44 17
48.45 14
48.46 17
48.47 14
48.48 7
48.49 0
48.5 0
48.51 0
48.52 0
48.53 0
48.54 0
48.55 0
48.56 0
48.57 0
48.58 0
48.59 0
48.6 0
48.61 1
48.62 7
48.63 13
48.64 17
48.65 22
48.66 27
48.67 32
48.68 35
48.69 17
48.7 17
48.71 17
48.72 17
48.73 7
48.74 6
48.75 7
48.76 2
48.77 0
48.78 0
48.79 0
48.8 0
48.81 0
48.82 0
48.83 0
48.84 0
48.85 0
48.86 0
48.87 0
48.88 0
48.89 0
48.9 4
48.91 7
48.92 12
48.93 17
48.94 21
48.95 24
48.96 29
48.97 33
48.98 24
48.99 17
49 17
49.01 17
49.02 17
49.03 12
49.04 11
49.05 8
49.06 0
49.07 0
49.08 0
49.09 0
49.1 0
49.11 0
49.12 0
49.13 0
49.14 0
49.15 0
49.16 0
49.17 0
49.18 0
49.19 0
49.2 4
49.21 10
49.22 16
49.23 18
49.24 21
49.25 24
49.26 29
49.27 33
49.28 18
49.29 17
49.3 17
49.31 17
49.32 15
49.33 6
49.34 4
49.35 0
49.36 0
49.37 0
49.38 0
49.39 0
49.4 0
49.41 0
49.42 0
49.43 0
49.44 0
49.45 0
49.46 0
49.47 4
49.48 7
49.49 14
49.5 17
49.51 22
49.52 25
49.53 30
49.54 33
49.55 17
49.56 17
49.57 17
49.58 17
49.59 17
49.6 17
49.61 10
49.62 8
49.63 0
49.64 0
49.65 0
49.66 0
49.67 0
49.68 0
49.69 0
49.7 0
49.71 0
49.72 0
49.73 0
49.74 0
49.75 7
49.76 11
49.77 16
49.78 21
49.79 23
49.8 28
49.81 31
49.82 30
49.83 17
49.84 17
49.85 17
49.86 17
49.87 17
49.88 17
49.89 14
49.9 0
49.91 0
49.92 0
49.93 0
49.94 0
49.95 0
49.96 0
49.97 0
49.98 0
49.99 0
50 0
50.01 0
50.02 0
50.03 0
50.04 6
50.05 11
50.06 17
50.07 21
50.08 25
50.09 28
50.1 33
50.11 29
50.12 18
50.13 18
50.14 18
50.15 18
50.16 12
50.17 8
50.18 1
50.19 0
50.2 0
50.21 0
50.22 0
50.23 0
50.24 0
50.25 0
50.26 0
50.27 0
50.28 0
50.29 0
50.3 1
50.31 7
50.32 12
50.33 17
50.34 20
50.35 26
50.36 30
50.37 35
50.38 17
50.39 17
50.4 17
50.41 17
50.42 13
50.43 12
50.44 6
50.45 0
50.46 0
50.47 0
50.48 0
50.49 0
50.5 0
50.51 0
50.52 0
50.53 0
50.54 0
50.55 1
50.56 4
50.57 10
50.58 14
50.59 18
50.6 23
50.61 26
50.62 32
50.63 26
50.64 16
50.65 16
50.66 17
50.67 16
50.68 8
50.69 0
50.7 0
50.71 0
50.72 0
50.73 0
50.74 0
50.75 0
50.76 0
50.77 0
50.78 0
50.79 0
50.8 0
50.81 0
50.82 0
50.83 3
50.84 8
50.85 12
50.86 16
50.87 20
50.88 24
50.89 26
50.9 29
50.91 32
50.92 17
50.93 18
50.94 18
50.95 17
50.96 18
50.97 10
50.98 9
50.99 1
51 0
51.01 0
51.02 0
51.03 0
51.04 0
51.05 0
51.06 0
51.07 0
51.08 0
51.09 0
51.1 0
51.11 0
51.12 0
51.13 0
51.14 0
51.15 5
51.16 8
51.17 14
51.18 19
51.19 22
51.2 25
51.21 31
51.22 34
51.23 17
51.24 17
51.25 17
51.26 17
51.27 7
51.28 10
51.29 7
51.3 0
51.31 0
51.32 0
51.33 0
51.34 0
51.35 0
51.36 0
51.37 0
51.38 0
51.39 0
51.4 0
51.41 0
51.42 0
51.43 0
51.44 3
51.45 8
51.46 14
51.47 19
51.48 25
51.49 29
51.5 33
51.51 34
51.52 17
51.53 17
51.54 17
51.55 17
51.56 17
51.57 11
51.58 5
51.59 4
51.6 0
51.61 0
51.62 0
51.63 0
51.64 0
51.65 0
51.66 0
51.67 0
51.68 0
51.69 0
51.7 0
51.71 2
51.72 6
51.73 11
51.74 15
51.75 19
51.76 25
51.77 30
51.78 35
51.79 17
51.8 17
51.81 17
51.82 17
51.83 11
51.84 12
51.85 7
51.86 0
51.87 0
51.88 0
51.89 0
51.9 0
51.91 0
51.92 0
51.93 0
51.94 4
51.95 9
51.96 15
51.97 20
51.98 24
51.99 28
52 32
52.01 37
52.02 19
52.03 19
52.04 19
52.05 19
52.06 19
52.07 19
52.08 13
52.09 14
52.1 0
52.11 0
52.12 0
52.13 0
52.14 0
52.15 0
52.16 0
52.17 0
52.18 0
52.19 0
52.2 0
52.21 0
52.22 0
52.23 2
52.24 5
52.25 11
52.26 17
52.27 21
52.28 25
52.29 31
52.3 35
52.31 17
52.32 17
52.33 17
52.34 17
52.35 12
52.36 5
52.37 7
52.38 8
52.39 3
52.4 0
52.41 0
52.42 0
52.43 0
52.44 0
52.45 0
52.46 0
52.47 0
52.48 2
52.49 6
52.5 12
52.51 14
52.52 20
52.53 24
52.54 29
52.55 32
52.56 27
52.57 17
52.58 17
52.59 17
52.6 17
52.61 1
52.62 0
52.63 0
52.64 0
52.65 0
52.66 0
52.67 0
52.68 0
52.69 0
52.7 0
52.71 0
52.72 0
52.73 0
52.74 0
52.75 3
52.76 9
52.77 13
52.78 16
52.79 22
52.8 26
52.81 29
52.82 33
52.83 27
52.84 18
52.85 18
52.86 19
52.87 18
52.88 15
52.89 9
52.9 5
52.91 0
52.92 0
52.93 0
52.94 0
52.95 0
52.96 0
52.97 0
52.98 0
52.99 0
53 0
53.01 0
53.02 0
53.03 0
53.04 1
53.05 6
53.06 12
53.07 16
53.08 20
53.09 24
53.1 27
53.11 30
53.12 33
53.13 17
53.14 17
53.15 17
53.16 18
53.17 9
53.18 12
53.19 9
53.2 8
53.21 0
53.22 0
53.23 0
53.24 0
53.25 0
53.26 0
53.27 0
53.28 0
53.29 0
53.3 0
53.31 0
53.32 0
53.33 0
53.34 0
53.35 3
53.36 7
53.37 11
53.38 15
53.39 20
53.4 25
53.41 29
53.42 33
53.43 36
53.44 18
53.45 18
53.46 18
53.47 18
53.48 10
53.49 9
53.5 0
53.51 0
53.52 0
53.53 0
53.54 0
53.55 0
53.56 0
53.57 0
53.58 0
53.59 0
53.6 0
53.61 0
53.62 0
53.63 0
53.64 0
53.65 0
53.66 6
53.67 10
53.68 13
53.69 17
53.7 22
53.71 26
53.72 30
53.73 34
53.74 22
53.75 18
53.76 18
53.77 19
53.78 16
53.79 9
53.8 12
53.81 13
53.82 12
53.83 0
53.84 0
53.85 0
53.86 0
53.87 0
53.88 0
53.89 0
53.9 0
53.91 0
53.92 5
53.93 10
53.94 16
53.95 20
53.96 23
53.97 27
53.98 31
53.99 35
54 18
54.01 18
54.02 18
54.03 18
54.04 17
54.05 12
54.06 5
54.07 0
54.08 0
54.09 0
54.1 0
54.11 0
54.12 0
54.13 0
54.14 0
54.15 0
54.16 0
54.17 0
54.18 0
54.19 3
54.2 8
54.21 11
54.22 15
54.23 21
54.24 24
54.25 31
54.26 35
54.27 26
54.28 18
54.29 19
54.3 18
54.31 18
54.32 12
54.33 3
54.34 4
54.35 0
54.36 0
54.37 0
54.38 0
54.39 0
54.4 0
54.41 0
54.42 0
54.43 0
54.44 0
54.45 0
54.46 0
54.47 6
54.48 11
54.49 14
54.5 21
54.51 26
54.52 29
54.53 33
54.54 22
54.55 17
54.56 18
54.57 17
54.58 16
54.59 13
54.6 10
54.61 7
54.62 0
54.63 0
54.64 0
54.65 0
54.66 0
54.67 0
54.68 0
54.69 0
54.7 0
54.71 0
54.72 0
54.73 0
54.74 0
54.75 0
54.76 4
54.77 10
54.78 13
54.79 18
54.8 22
54.81 26
54.82 30
54.83 35
54.84 17
54.85 17
54.86 17
54.87 18
54.88 15
54.89 15
54.9 17
54.91 11
54.92 0
54.93 0
54.94 0
54.95 0
54.96 0
54.97 0
54.98 0
54.99 0
55 0
55.01 0
55.02 0
55.03 0
55.04 0
55.05 0
55.06 2
55.07 6
55.08 10
55.09 16
55.1 21
55.11 25
55.12 29
55.13 33
55.14 27
55.15 17
55.16 17
55.17 18
55.18 17
55.19 14
55.2 15
55.21 11
55.22 3
55.23 0
55.24 0
55.25 0
55.26 0
55.27 0
55.28 0
55.29 0
55.3 0
55.31 0
55.32 0
55.33 0
55.34 0
55.35 4
55.36 8
55.37 12
55.38 16
55.39 20
55.4 26
55.41 29
55.42 33
55.43 22
55.44 18
55.45 18
55.46 18
55.47 16
55.48 13
55.49 12
55.5 13
55.51 3
55.52 0
55.53 0
55.54 0
55.55 0
55.56 0
55.57 0
55.58 0
55.59 0
55.6 0
55.61 0
55.62 0
55.63 0
55.64 0
55.65 2
55.66 8
55.67 12
55.68 16
55.69 20
55.7 25
55.71 28
55.72 32
55.73 19
55.74 17
55.75 17
55.76 17
55.77 12
55.78 13
55.79 11
55.8 12
55.81 1
55.82 0
55.83 0
55.84 0
55.85 0
55.86 0
55.87 0
55.88 0
55.89 0
55.9 0
55.91 0
55.92 0
55.93 0
55.94 0
55.95 5
55.96 9
55.97 13
55.98 17
55.99 22
56 26
56.01 30
56.02 34
56.03 17
56.04 17
56.05 17
56.06 17
56.07 9
56.08 3
56.09 1
56.1 0
56.11 0
56.12 0
56.13 0
56.14 0
56.15 0
56.16 0
56.17 0
56.18 0
56.19 0
56.2 0
56.21 0
56.22 0
56.23 0
56.24 0
56.25 2
56.26 7
56.27 11
56.28 16
56.29 20
56.3 24
56.31 29
56.32 33
56.33 35
56.34 18
56.35 18
56.36 18
56.37 18
56.38 15
56.39 13
56.4 14
56.41 7
56.42 0
56.43 0
56.44 0
56.45 0
56.46 0
56.47 0
56.48 0
56.49 0
56.5 0
56.51 0
56.52 0
56.53 0
56.54 0
56.55 5
56.56 9
56.57 14
56.58 18
56.59 23
56.6 27
56.61 30
56.62 34
56.63 17
56.64 17
56.65 17
56.66 17
56.67 17
56.68 13
56.69 13
56.7 10
56.71 0
56.72 0
56.73 0
56.74 0
56.75 0
56.76 0
56.77 0
56.78 0
56.79 0
56.8 0
56.81 0
56.82 0
56.83 4
56.84 11
56.85 15
56.86 20
56.87 24
56.88 30
56.89 34
56.9 22
56.91 17
56.92 17
56.93 17
56.94 17
56.95 17
56.96 8
56.97 5
56.98 0
56.99 0
57 0
57.01 0
57.02 0
57.03 0
57.04 0
57.05 0
57.06 0
57.07 0
57.08 0
57.09 0
57.1 0
57.11 0
57.12 0
57.13 0
57.14 2
57.15 9
57.16 13
57.17 16
57.18 21
57.19 26
57.2 30
57.21 34
57.22 19
57.23 18
57.24 17
57.25 18
57.26 17
57.27 17
57.28 14
57.29 9
57.3 0
57.31 0
57.32 0
57.33 0
57.34 0
57.35 0
57.36 0
57.37 0
57.38 0
57.39 0
57.4 0
57.41 0
57.42 0
57.43 3
57.44 7
57.45 11
57.46 16
57.47 20
57.48 23
57.49 26
57.5 30
57.51 29
57.52 17
57.53 17
57.54 17
57.55 17
57.56 7
57.57 6
57.58 5
57.59 2
57.6 0
57.61 0
57.62 0
57.63 0
57.64 0
57.65 0
57.66 0
57.67 0
57.68 0
57.69 0
57.7 0
57.71 0
57.72 1
57.73 7
57.74 12
57.75 15
57.76 20
57.77 24
57.78 28
57.79 31
57.8 34
57.81 17
57.82 17
57.83 17
57.84 17
57.85 15
57.86 14
57.87 16
57.88 8
57.89 0
57.9 0
57.91 0
57.92 0
57.93 0
57.94 0
57.95 0
57.96 0
57.97 0
57.98 0
57.99 0
58 0
58.01 2
58.02 6
58.03 11
58.04 15
58.05 21
58.06 24
58.07 27
58.08 32
58.09 18
58.1 17
58.11 17
58.12 17
58.13 15
58.14 15
58.15 13
58.16 9
58.17 0
58.18 0
58.19 0
58.2 0
58.21 0
58.22 0
58.23 0
58.24 0
58.25 0
58.26 0
58.27 0
58.28 0
58.29 0
58.3 0
58.31 0
58.32 0
58.33 0
58.34 0
58.35 0
58.36 6
58.37 10
58.38 0
58.39 3
58.4 8
58.41 10
58.42 13
58.43 15
58.44 7
58.45 10
58.46 10
58.47 11
58.48 0
58.49 0
58.5 0
58.51 0
58.52 0
58.53 0
58.54 0
58.55 0
58.56 0
58.57 0
58.58 0
58.59 0
58.6 0
58.61 0
58.62 0
58.63 0
58.64 0
58.65 0
58.66 0
58.67 0
58.68 0
58.69 0
58.7 0
58.71 0
58.72 0
58.73 0
58.74 0
58.75 0
58.76 0
58.77 0
58.78 0
58.79 0
58.8 0
58.81 0
58.82 0
58.83 0
58.84 0
58.85 0
58.86 0
58.87 0
58.88 0
58.89 0
58.9 0
58.91 0
58.92 0
58.93 0
58.94 0
58.95 0
58.96 0
58.97 0
58.98 0
58.99 0
59 0
59.01 0
59.02 0
59.03 0
59.04 0
59.05 0
59.06 0
59.07 0
59.08 0
59.09 0
59.1 0
59.11 0
59.12 0
59.13 0
59.14 0
59.15 0
59.16 0
59.17 0
59.18 0
59.19 0
59.2 0
59.21 0
59.22 0
59.23 0
59.24 0
59.25 0
59.26 0
59.27 0
59.28 0
59.29 0
59.3 0
59.31 0
59.32 0
59.33 0
59.34 0
59.35 0
59.36 0
59.37 0
59.38 0
59.39 0
59.4 0
59.41 0
59.42 0
59.43 0
59.44 0
59.45 0
59.46 0
59.47 0
59.48 0
59.49 0
59.5 0
59.51 0
59.52 0
59.53 0
59.54 0
59.55 0
59.56 0
59.57 0
59.58 0
59.59 0
59.6 0
59.61 0
59.62 0
59.63 0
59.64 0
59.65 0
59.66 0
59.67 0
59.68 0
59.69 0
59.7 0
59.71 0
59.72 0
59.73 0
59.74 0
59.75 0
59.76 0
59.77 0
59.78 0
59.79 0
59.8 0
59.81 0
59.82 0
59.83 0
59.84 0
59.85 0
59.86 0
59.87 0
59.88 0
59.89 0
59.9 0
59.91 0
59.92 0
59.93 0
59.94 0
59.95 0
59.96 0
59.97 0
59.98 0
59.99 0
60 0
60.01 0
60.02 0
60.03 0
60.04 0
60.05 0
60.06 0
60.07 0
60.08 0
60.09 0
60.1 0
60.11 0
60.12 0
60.13 0
60.14 0
60.15 0
60.16 0
60.17 0
60.18 0
60.19 0
60.2 0
60.21 0
60.22 0
60.23 0
60.24 0
60.25 0
60.26 0
60.27 0
60.28 0
60.29 0
60.3 0
60.31 0
60.32 0
60.33 0
60.34 0
60.35 0
60.36 0
60.37 0
60.38 0
60.39 0
60.4 0
60.41 0
60.42 0
60.43 0
60.44 0
60.45 0
60.46 0
60.47 0
60.48 0
60.49 0
60.5 0
60.51 0
60.52 0
60.53 0
60.54 0
60.55 0
60.56 0
60.57 0
60.58 0
60.59 0
60.6 0
60.61 0
60.62 0
60.63 0
60.64 0
60.65 0
60.66 0
60.67 0
60.68 0
60.69 0
60.7 0
60.71 0
60.72 0
60.73 0
60.74 0
60.75 0
60.76 0
60.77 0
60.78 0
60.79 0
60.8 0
60.81 0
60.82 0
60.83 0
60.84 0
60.85 0
60.86 0
60.87 0
60.88 0
60.89 0
60.9 0
60.91 0
60.92 0
60.93 0
60.94 0
60.95 0
60.96 0
60.97 0
60.98 0
60.99 0
61 0
61.01 0
61.02 0
61.03 0
61.04 0
61.05 0
61.06 0
61.07 0
61.08 0
61.09 0
61.1 0
61.11 0
61.12 0
61.13 0
61.14 0
61.15 0
61.16 0
61.17 0
61.18 0
61.19 0
61.2 0
61.21 0
61.22 0
61.23 0
61.24 0
61.25 0
61.26 0
61.27 0
61.28 0
61.29 0
61.3 0
61.31 0
61.32 0
61.33 0
61.34 0
61.35 0
61.36 0
61.37 0
61.38 0
61.39 0
61.4 0
61.41 0
61.42 0
61.43 0
61.44 0
61.45 0
61.46 0
61.47 0
61.48 0
61.49 0
61.5 0
61.51 0
61.52 0
61.53 0
61.54 0
61.55 0
61.56 0
61.57 0
61.58 0
61.59 0
61.6 0
61.61 0
61.62 0
61.63 0
61.64 0
61.65 0
61.66 0
61.67 0
61.68 0
61.69 0
61.7 0
61.71 0
61.72 0
61.73 0
61.74 0
61.75 0
61.76 0
61.77 0
61.78 0
61.79 0
61.8 0
61.81 0
61.82 0
61.83 0
61.84 0
61.85 0
61.86 0
61.87 0
61.88 0
61.89 0
61.9 0
61.91 0
61.92 0
61.93 0
61.94 0
61.95 0
61.96 0
61.97 0
61.98 0
61.99 0
62 0
62.01 0
62.02 0
62.03 0
62.04 0
62.05 0
62.06 0
62.07 0
62.08 0
62.09 0
62.1 0
62.11 0
62.12 0
62.13 0
62.14 0
62.15 0
62.16 0
62.17 0
62.18 0
62.19 0
62.2 0
62.21 0
62.22 0
62.23 0
62.24 0
62.25 0
62.26 0
62.27 0
62.28 0
62.29 0
62.3 0
62.31 0
62.32 0
62.33 0
62.34 0
62.35 0
62.36 0
62.37 0
62.38 0
62.39 0
62.4 0
62.41 0
62.42 0
62.43 0
62.44 0
62.45 0
62.46 0
62.47 0
62.48 0
62.49 0
62.5 0
62.51 0
62.52 0
62.53 0
62.54 0
62.55 0
62.56 0
62.57 0
62.58 0
62.59 0
62.6 0
62.61 0
62.62 0
62.63 0
62.64 0
62.65 0
62.66 0
62.67 0
62.68 0
62.69 0
62.7 0
62.71 0
62.72 0
62.73 0
62.74 0
62.75 0
62.76 0
62.77 0
62.78 0
62.79 0
62.8 0
62.81 0
62.82 0
62.83 0
62.84 0
62.85 0
62.86 0
62.87 0
62.88 0
62.89 0
62.9 0
62.91 0
62.92 0
62.93 0
62.94 0
62.95 0
62.96 0
62.97 0
62.98 0
62.99 0
