0 0
0.01 0
0.02 0
0.03 0
0.04 0
0.05 0
0.06 0
0.07 0
0.08 0
0.09 0
0.1 0
0.11 0
0.12 0
0.13 0
0.14 0
0.15 0
0.16 0
0.17 0
0.18 0
0.19 0
0.2 0
0.21 82
0.22 31
0.23 18
0.24 29
0.25 15
0.26 0
0.27 0
0.28 0
0.29 0
0.3 0
0.31 0
0.32 0
0.33 0
0.34 0
0.35 0
0.36 0
0.37 0
0.38 0
0.39 0
0.4 0
0.41 0
0.42 0
0.43 4
0.44 9
0.45 12
0.46 18
0.47 25
0.48 30
0.49 31
0.5 16
0.51 15
0.52 15
0.53 15
0.54 12
0.55 16
0.56 10
0.57 1
0.58 2
0.59 0
0.6 0
0.61 0
0.62 2
0.63 4
0.64 9
0.65 16
0.66 20
0.67 21
0.68 27
0.69 36
0.7 16
0.71 16
0.72 17
0.73 17
0.74 9
0.75 6
0.76 1
0.77 0
0.78 0
0.79 0
0.8 0
0.81 0
0.82 0
0.83 0
0.84 4
0.85 8
0.86 12
0.87 17
0.88 20
0.89 24
0.9 31
0.91 35
0.92 16
0.93 16
0.94 17
0.95 19
0.96 19
0.97 12
0.98 6
0.99 8
1 0
1.01 0
1.02 0
1.03 0
1.04 0
1.05 0
1.06 0
1.07 0
1.08 2
1.09 5
1.1 10
1.11 15
1.12 16
1.13 19
1.14 25
1.15 28
1.16 31
1.17 27
1.18 18
1.19 18
1.2 19
1.21 19
1.22 17
1.23 16
1.24 2
1.25 0
1.26 0
1.27 0
1.28 0
1.29 0
1.3 0
1.31 0
1.32 0
1.33 0
1.34 0
1.35 2
1.36 4
1.37 9
1.38 13
1.39 17
1.4 22
1.41 25
1.42 29
1.43 32
1.44 17
1.45 17
1.46 18
1.47 17
1.48 18
1.49 8
1.5 0
1.51 0
1.52 0
1.53 0
1.54 0
1.55 0
1.56 0
1.57 0
1.58 0
1.59 0
1.6 2
1.61 6
1.62 10
1.63 14
1.64 16
1.65 20
1.66 25
1.67 29
1.68 29
1.69 17
1.7 17
1.71 19
1.72 17
1.73 16
1.74 13
1.75 4
1.76 0
1.77 0
1.78 0
1.79 0
1.8 0
1.81 0
1.82 0
1.83 0
1.84 0
1.85 0
1.86 1
1.87 5
1.88 10
1.89 15
1.9 16
1.91 21
1.92 27
1.93 30
1.94 32
1.95 17
1.96 18
1.97 18
1.98 17
1.99 17
2 13
2.01 4
2.02 0
2.03 0
2.04 0
2.05 0
2.06 0
2.07 0
2.08 0
2.09 1
2.1 6
2.11 10
2.12 13
2.13 17
2.14 21
2.15 26
2.16 29
2.17 31
2.18 19
2.19 18
2.2 20
2.21 19
2.22 18
2.23 15
2.24 5
2.25 2
2.26 0
2.27 0
2.28 0
2.29 0
2.3 0
2.31 0
2.32 4
2.33 9
2.34 12
2.35 19
2.36 23
2.37 26
2.38 30
2.39 26
2.4 17
2.41 18
2.42 18
2.43 18
2.44 10
2.45 9
2.46 0
2.47 0
2.48 0
2.49 0
2.5 0
2.51 0
2.52 0
2.53 0
2.54 0
2.55 0
2.56 5
2.57 8
2.58 14
2.59 21
2.6 23
2.61 26
2.62 31
2.63 34
2.64 17
2.65 17
2.66 18
2.67 19
2.68 13
2.69 8
2.7 10
2.71 5
2.72 3
2.73 0
2.74 0
2.75 0
2.76 0
2.77 0
2.78 0
2.79 1
2.8 7
2.81 10
2.82 15
2.83 20
2.84 26
2.85 28
2.86 33
2.87 18
2.88 17
2.89 19
2.9 17
2.91 13
2.92 0
2.93 0
2.94 0
2.95 0
2.96 0
2.97 0
2.98 0
2.99 0
3 0
3.01 0
3.02 0
3.03 0
3.04 3
3.05 5
3.06 10
3.07 12
3.08 16
3.09 19
3.1 25
3.11 27
3.12 29
3.13 26
3.14 17
3.15 18
3.16 17
3.17 17
3.18 17
3.19 11
3.2 10
3.21 0
3.22 0
3.23 0
3.24 0
3.25 0
3.26 0
3.27 0
3.28 0
3.29 0
3.3 0
3.31 0
3.32 1
3.33 7
3.34 9
3.35 14
3.36 17
3.37 20
3.38 23
3.39 25
3.4 29
3.41 30
3.42 19
3.43 18
3.44 18
3.45 17
3.46 9
3.47 4
3.48 2
3.49 0
3.5 0
3.51 0
3.52 0
3.53 0
3.54 0
3.55 0
3.56 0
3.57 1
3.58 4
3.59 9
3.6 14
3.61 16
3.62 18
3.63 21
3.64 27
3.65 28
3.66 20
3.67 17
3.68 16
3.69 16
3.7 13
3.71 5
3.72 0
3.73 0
3.74 0
3.75 0
3.76 0
3.77 0
3.78 0
3.79 0
3.8 5
3.81 10
3.82 13
3.83 17
3.84 20
3.85 25
3.86 28
3.87 34
3.88 16
3.89 16
3.9 16
3.91 17
3.92 2
3.93 3
3.94 0
3.95 0
3.96 0
3.97 0
3.98 0
3.99 0
4 0
4.01 0
4.02 0
4.03 0
4.04 0
4.05 3
4.06 6
4.07 12
4.08 16
4.09 19
4.1 24
4.11 28
4.12 31
4.13 34
4.14 18
4.15 18
4.16 18
4.17 17
4.18 11
4.19 9
4.2 1
4.21 0
4.22 0
4.23 0
4.24 0
4.25 0
4.26 0
4.27 0
4.28 0
4.29 0
4.3 0
4.31 0
4.32 2
4.33 7
4.34 12
4.35 14
4.36 19
4.37 22
4.38 25
4.39 30
4.4 33
4.41 18
4.42 18
4.43 18
4.44 18
4.45 13
4.46 11
4.47 13
4.48 11
4.49 6
4.5 0
4.51 0
4.52 0
4.53 0
4.54 0
4.55 0
4.56 0
4.57 0
4.58 1
4.59 3
4.6 8
4.61 11
4.62 15
4.63 21
4.64 23
4.65 27
4.66 29
4.67 35
4.68 19
4.69 19
4.7 18
4.71 18
4.72 13
4.73 14
4.74 7
4.75 0
4.76 0
4.77 0
4.78 0
4.79 0
4.8 0
4.81 0
4.82 0
4.83 0
4.84 0
4.85 0
4.86 0
4.87 1
4.88 5
4.89 10
4.9 15
4.91 18
4.92 21
4.93 26
4.94 28
4.95 33
4.96 17
4.97 19
4.98 17
4.99 17
5 18
5.01 16
5.02 15
5.03 17
5.04 16
5.05 1
5.06 0
5.07 0
5.08 0
5.09 0
5.1 0
5.11 0
5.12 0
5.13 0
5.14 0
5.15 0
5.16 0
5.17 4
5.18 8
5.19 13
5.2 20
5.21 22
5.22 26
5.23 31
5.24 35
5.25 19
5.26 18
5.27 19
5.28 19
5.29 13
5.3 2
5.31 1
5.32 0
5.33 0
5.34 0
5.35 0
5.36 0
5.37 0
5.38 0
5.39 0
5.4 0
5.41 0
5.42 5
5.43 9
5.44 11
5.45 16
5.46 18
5.47 23
5.48 27
5.49 33
5.5 35
5.51 20
5.52 19
5.53 18
5.54 18
5.55 17
5.56 8
5.57 11
5.58 3
5.59 0
5.6 0
5.61 0
5.62 0
5.63 0
5.64 0
5.65 0
5.66 0
5.67 0
5.68 1
5.69 5
5.7 10
5.71 12
5.72 18
5.73 20
5.74 26
5.75 29
5.76 32
5.77 17
5.78 17
5.79 18
5.8 18
5.81 16
5.82 18
5.83 14
5.84 7
5.85 0
5.86 0
5.87 0
5.88 0
5.89 0
5.9 0
5.91 0
5.92 0
5.93 0
5.94 0
5.95 0
5.96 1
5.97 6
5.98 10
5.99 14
6 17
6.01 22
6.02 25
6.03 30
6.04 33
6.05 17
6.06 17
6.07 16
6.08 17
6.09 13
6.1 10
6.11 0
6.12 0
6.13 0
6.14 0
6.15 0
6.16 0
6.17 1
6.18 4
6.19 7
6.2 11
6.21 14
6.22 17
6.23 22
6.24 24
6.25 27
6.26 29
6.27 17
6.28 16
6.29 17
6.3 17
6.31 12
6.32 7
6.33 3
6.34 0
6.35 0
6.36 0
6.37 0
6.38 0
6.39 0
6.4 0
6.41 0
6.42 4
6.43 6
6.44 11
6.45 15
6.46 18
6.47 23
6.48 26
6.49 30
6.5 33
6.51 19
6.52 18
6.53 17
6.54 18
6.55 7
6.56 5
6.57 3
6.58 0
6.59 0
6.6 0
6.61 0
6.62 0
6.63 0
6.64 0
6.65 0
6.66 0
6.67 0
6.68 5
6.69 8
6.7 11
6.71 15
6.72 18
6.73 21
6.74 27
6.75 30
6.76 28
6.77 16
6.78 16
6.79 17
6.8 16
6.81 16
6.82 17
6.83 9
6.84 8
6.85 0
6.86 0
6.87 0
6.88 0
6.89 0
6.9 0
6.91 0
6.92 0
6.93 0
6.94 4
6.95 10
6.96 11
6.97 14
6.98 19
6.99 20
7 24
7.01 30
7.02 27
7.03 16
7.04 18
7.05 17
7.06 16
7.07 14
7.08 6
7.09 0
7.1 0
7.11 0
7.12 0
7.13 0
7.14 0
7.15 0
7.16 0
7.17 1
7.18 6
7.19 13
7.2 15
7.21 21
7.22 25
7.23 29
7.24 31
7.25 17
7.26 17
7.27 17
7.28 17
7.29 18
7.3 18
7.31 6
7.32 0
7.33 0
7.34 0
7.35 0
7.36 0
7.37 0
7.38 0
7.39 0
7.4 0
7.41 3
7.42 8
7.43 13
7.44 17
7.45 21
7.46 25
7.47 27
7.48 30
7.49 22
7.5 18
7.51 18
7.52 17
7.53 15
7.54 17
7.55 11
7.56 0
7.57 0
7.58 0
7.59 0
7.6 0
7.61 0
7.62 0
7.63 0
7.64 0
7.65 0
7.66 2
7.67 7
7.68 11
7.69 14
7.7 18
7.71 22
7.72 24
7.73 29
7.74 34
7.75 18
7.76 19
7.77 20
7.78 18
7.79 11
7.8 9
7.81 9
7.82 2
7.83 0
7.84 0
7.85 0
7.86 0
7.87 0
7.88 0
7.89 0
7.9 0
7.91 2
7.92 6
7.93 9
7.94 13
7.95 17
7.96 20
7.97 23
7.98 28
7.99 30
8 16
8.01 19
8.02 16
8.03 16
8.04 7
8.05 6
8.06 4
8.07 0
8.08 0
8.09 0
8.1 0
8.11 0
8.12 0
8.13 1
8.14 4
8.15 9
8.16 12
8.17 15
8.18 19
8.19 23
8.2 25
8.21 29
8.22 15
8.23 16
8.24 15
8.25 15
8.26 13
8.27 5
8.28 2
8.29 4
8.3 0
8.31 0
8.32 0
8.33 0
8.34 0
8.35 0
8.36 0
8.37 0
8.38 0
8.39 0
8.4 3
8.41 8
8.42 13
8.43 17
8.44 20
8.45 25
8.46 30
8.47 33
8.48 25
8.49 19
8.5 20
8.51 18
8.52 17
8.53 19
8.54 13
8.55 8
8.56 0
8.57 0
8.58 0
8.59 0
8.6 0
8.61 0
8.62 0
8.63 0
8.64 0
8.65 0
8.66 0
8.67 2
8.68 6
8.69 12
8.7 15
8.71 18
8.72 22
8.73 25
8.74 28
8.75 30
8.76 24
8.77 18
8.78 18
8.79 18
8.8 18
8.81 12
8.82 3
8.83 0
8.84 0
8.85 0
8.86 0
8.87 0
8.88 0
8.89 0
8.9 0
8.91 0
8.92 0
8.93 0
8.94 1
8.95 3
8.96 7
8.97 10
8.98 15
8.99 17
9 20
9.01 24
9.02 28
9.03 30
9.04 17
9.05 19
9.06 18
9.07 17
9.08 10
9.09 11
9.1 15
9.11 14
9.12 7
9.13 0
9.14 0
9.15 0
9.16 0
9.17 0
9.18 0
9.19 0
9.2 0
9.21 0
9.22 3
9.23 7
9.24 12
9.25 15
9.26 16
9.27 20
9.28 23
9.29 27
9.3 30
9.31 33
9.32 18
9.33 18
9.34 20
9.35 18
9.36 17
9.37 11
9.38 10
9.39 10
9.4 7
9.41 3
9.42 1
9.43 3
9.44 7
9.45 7
9.46 3
9.47 6
9.48 12
9.49 16
9.5 20
9.51 24
9.52 21
9.53 14
9.54 14
9.55 14
9.56 11
9.57 0
9.58 0
9.59 0
9.6 0
9.61 0
9.62 0
9.63 0
9.64 0
9.65 0
9.66 0
9.67 0
9.68 0
9.69 0
9.7 5
9.71 11
9.72 16
9.73 18
9.74 25
9.75 29
9.76 34
9.77 31
9.78 18
9.79 18
9.8 18
9.81 18
9.82 9
9.83 4
9.84 4
9.85 0
9.86 0
9.87 0
9.88 0
9.89 0
9.9 0
9.91 0
9.92 0
9.93 0
9.94 0
9.95 4
9.96 9
9.97 14
9.98 16
9.99 20
10 26
10.01 29
10.02 33
10.03 17
10.04 17
10.05 17
10.06 18
10.07 19
10.08 12
10.09 7
10.1 2
10.11 0
10.12 0
10.13 0
10.14 0
10.15 0
10.16 0
10.17 0
10.18 0
10.19 0
10.2 4
10.21 7
10.22 11
10.23 13
10.24 19
10.25 20
10.26 25
10.27 27
10.28 31
10.29 18
10.3 17
10.31 17
10.32 18
10.33 13
10.34 5
10.35 2
10.36 0
10.37 0
10.38 0
10.39 0
10.4 0
10.41 0
10.42 0
10.43 0
10.44 0
10.45 0
10.46 3
10.47 7
10.48 11
10.49 16
10.5 21
10.51 24
10.52 28
10.53 33
10.54 24
10.55 17
10.56 18
10.57 17
10.58 17
10.59 13
10.6 9
10.61 7
10.62 2
10.63 5
10.64 0
10.65 0
10.66 0
10.67 0
10.68 0
10.69 0
10.7 4
10.71 8
10.72 12
10.73 17
10.74 20
10.75 23
10.76 27
10.77 32
10.78 33
10.79 19
10.8 19
10.81 18
10.82 18
10.83 15
10.84 6
10.85 6
10.86 10
10.87 6
10.88 1
10.89 0
10.9 0
10.91 0
10.92 0
10.93 0
10.94 4
10.95 8
10.96 11
10.97 15
10.98 20
10.99 23
11 26
11.01 28
11.02 16
11.03 17
11.04 17
11.05 16
11.06 3
11.07 0
11.08 0
11.09 0
11.1 0
11.11 0
11.12 0
11.13 0
11.14 0
11.15 0
11.16 0
11.17 0
11.18 1
11.19 6
11.2 9
11.21 14
11.22 18
11.23 22
11.24 25
11.25 29
11.26 33
11.27 27
11.28 18
11.29 18
11.3 19
11.31 19
11.32 18
11.33 11
11.34 0
11.35 0
11.36 0
11.37 0
11.38 0
11.39 0
11.4 0
11.41 0
11.42 0
11.43 0
11.44 0
11.45 0
11.46 0
11.47 0
11.48 2
11.49 6
11.5 11
11.51 13
11.52 18
11.53 21
11.54 24
11.55 27
11.56 30
11.57 18
11.58 18
11.59 18
11.6 17
11.61 12
11.62 17
11.63 15
11.64 7
11.65 0
11.66 0
11.67 0
11.68 0
11.69 0
11.7 0
11.71 0
11.72 0
11.73 0
11.74 0
11.75 1
11.76 4
11.77 8
11.78 13
11.79 18
11.8 22
11.81 28
11.82 33
11.83 34
11.84 18
11.85 18
11.86 20
11.87 18
11.88 16
11.89 3
11.9 3
11.91 0
11.92 0
11.93 0
11.94 0
11.95 0
11.96 0
11.97 0
11.98 0
11.99 0
12 0
12.01 4
12.02 6
12.03 8
12.04 15
12.05 20
12.06 22
12.07 27
12.08 31
12.09 37
12.1 19
12.11 20
12.12 19
12.13 19
12.14 13
12.15 13
12.16 9
12.17 13
12.18 5
12.19 0
12.2 0
12.21 0
12.22 0
12.23 0
12.24 0
12.25 0
12.26 0
12.27 0
12.28 3
12.29 6
12.3 10
12.31 14
12.32 16
12.33 22
12.34 26
12.35 31
12.36 27
12.37 17
12.38 16
12.39 17
12.4 17
12.41 12
12.42 12
12.43 13
12.44 0
12.45 0
12.46 0
12.47 0
12.48 0
12.49 0
12.5 2
12.51 6
12.52 9
12.53 12
12.54 17
12.55 20
12.56 23
12.57 28
12.58 32
12.59 18
12.6 18
12.61 18
12.62 19
12.63 12
12.64 5
12.65 1
12.66 0
12.67 0
12.68 0
12.69 0
12.7 0
12.71 0
12.72 0
12.73 0
12.74 0
12.75 0
12.76 0
12.77 3
12.78 6
12.79 13
12.8 15
12.81 20
12.82 23
12.83 27
12.84 31
12.85 35
12.86 18
12.87 18
12.88 20
12.89 19
12.9 15
12.91 14
12.92 14
12.93 0
12.94 0
12.95 0
12.96 0
12.97 0
12.98 0
12.99 0
13 0
13.01 0
13.02 1
13.03 4
13.04 9
13.05 13
13.06 17
13.07 20
13.08 24
13.09 30
13.1 31
13.11 17
13.12 16
13.13 18
13.14 16
13.15 12
13.16 7
13.17 5
13.18 0
13.19 0
13.2 0
13.21 0
13.22 0
13.23 0
13.24 1
13.25 7
13.26 11
13.27 14
13.28 20
13.29 23
13.3 28
13.31 31
13.32 16
13.33 16
13.34 16
13.35 16
13.36 16
13.37 12
13.38 7
13.39 0
13.4 0
13.41 0
13.42 0
13.43 0
13.44 0
13.45 1
13.46 6
13.47 13
13.48 17
13.49 21
13.5 24
13.51 27
13.52 31
13.53 18
13.54 18
13.55 16
13.56 16
13.57 5
13.58 5
13.59 0
13.6 0
13.61 0
13.62 0
13.63 0
13.64 0
13.65 0
13.66 0
13.67 5
13.68 9
13.69 13
13.7 18
13.71 22
13.72 23
13.73 25
13.74 28
13.75 32
13.76 20
13.77 19
13.78 19
13.79 22
13.8 20
13.81 13
13.82 6
13.83 1
13.84 0
13.85 0
13.86 0
13.87 0
13.88 0
13.89 0
13.9 0
13.91 4
13.92 7
13.93 11
13.94 15
13.95 18
13.96 20
13.97 24
13.98 29
13.99 20
14 16
14.01 16
14.02 17
14.03 17
14.04 11
14.05 7
14.06 1
14.07 0
14.08 0
14.09 0
14.1 0
14.11 0
14.12 0
14.13 0
14.14 0
14.15 0
14.16 4
14.17 7
14.18 11
14.19 16
14.2 20
14.21 24
14.22 28
14.23 31
14.24 16
14.25 16
14.26 18
14.27 17
14.28 12
14.29 7
14.3 2
14.31 0
14.32 0
14.33 0
14.34 0
14.35 0
14.36 0
14.37 0
14.38 3
14.39 6
14.4 10
14.41 15
14.42 19
14.43 23
14.44 26
14.45 30
14.46 27
14.47 18
14.48 18
14.49 18
14.5 18
14.51 10
14.52 4
14.53 4
14.54 0
14.55 0
14.56 0
14.57 0
14.58 0
14.59 0
14.6 0
14.61 0
14.62 2
14.63 5
14.64 10
14.65 14
14.66 18
14.67 20
14.68 24
14.69 28
14.7 34
14.71 16
14.72 17
14.73 17
14.74 17
14.75 13
14.76 8
14.77 2
14.78 0
14.79 0
14.8 0
14.81 0
14.82 0
14.83 0
14.84 0
14.85 0
14.86 0
14.87 0
14.88 3
14.89 8
14.9 13
14.91 17
14.92 23
14.93 26
14.94 31
14.95 35
14.96 17
14.97 17
14.98 17
14.99 18
15 16
15.01 17
15.02 7
15.03 1
15.04 0
15.05 0
15.06 0
15.07 0
15.08 0
15.09 0
15.1 0
15.11 3
15.12 8
15.13 11
15.14 14
15.15 18
15.16 23
15.17 27
15.18 30
15.19 16
15.2 16
15.21 17
15.22 17
15.23 8
15.24 1
15.25 0
15.26 0
15.27 0
15.28 0
15.29 0
15.3 0
15.31 0
15.32 0
15.33 0
15.34 0
15.35 4
15.36 7
15.37 10
15.38 13
15.39 17
15.4 21
15.41 26
15.42 29
15.43 34
15.44 17
15.45 17
15.46 18
15.47 18
15.48 13
15.49 3
15.5 8
15.51 3
15.52 0
15.53 0
15.54 0
15.55 0
15.56 0
15.57 0
15.58 0
15.59 0
15.6 1
15.61 4
15.62 8
15.63 13
15.64 17
15.65 21
15.66 25
15.67 30
15.68 32
15.69 18
15.7 18
15.71 17
15.72 17
15.73 13
15.74 9
15.75 9
15.76 7
15.77 0
15.78 0
15.79 0
15.8 0
15.81 0
15.82 0
15.83 0
15.84 0
15.85 0
15.86 6
15.87 11
15.88 13
15.89 18
15.9 22
15.91 23
15.92 27
15.93 24
15.94 15
15.95 16
15.96 15
15.97 13
15.98 7
15.99 0
16 0
16.01 0
16.02 0
16.03 0
16.04 0
16.05 0
16.06 0
16.07 0
16.08 0
16.09 6
16.1 8
16.11 13
16.12 18
16.13 22
16.14 26
16.15 30
16.16 34
16.17 17
16.18 17
16.19 18
16.2 17
16.21 15
16.22 9
16.23 0
16.24 0
16.25 0
16.26 0
16.27 0
16.28 0
16.29 0
16.3 0
16.31 0
16.32 0
16.33 6
16.34 9
16.35 13
16.36 16
16.37 21
16.38 24
16.39 26
16.4 31
16.41 17
16.42 18
16.43 17
16.44 18
16.45 16
16.46 11
16.47 0
16.48 0
16.49 0
16.5 0
16.51 0
16.52 0
16.53 0
16.54 0
16.55 0
16.56 0
16.57 0
16.58 2
16.59 7
16.6 14
16.61 17
16.62 21
16.63 24
16.64 28
16.65 31
16.66 36
16.67 20
16.68 19
16.69 19
16.7 20
16.71 15
16.72 10
16.73 0
16.74 0
16.75 0
16.76 0
16.77 0
16.78 0
16.79 0
16.8 0
16.81 0
16.82 0
16.83 0
16.84 0
16.85 0
16.86 0
16.87 4
16.88 9
16.89 12
16.9 16
16.91 20
16.92 23
16.93 27
16.94 31
16.95 34
16.96 18
16.97 19
16.98 19
16.99 18
17 16
17.01 19
17.02 4
17.03 3
17.04 0
17.05 0
17.06 0
17.07 0
17.08 0
17.09 0
17.1 0
17.11 0
17.12 0
17.13 0
17.14 5
17.15 8
17.16 9
17.17 16
17.18 21
17.19 23
17.2 25
17.21 31
17.22 16
17.23 16
17.24 17
17.25 17
17.26 17
17.27 17
17.28 19
17.29 8
17.3 0
17.31 0
17.32 0
17.33 0
17.34 0
17.35 0
17.36 0
17.37 0
17.38 0
17.39 0
17.4 0
17.41 0
17.42 3
17.43 6
17.44 11
17.45 13
17.46 17
17.47 22
17.48 27
17.49 29
17.5 33
17.51 19
17.52 18
17.53 19
17.54 18
17.55 18
17.56 15
17.57 16
17.58 3
17.59 0
17.6 0
17.61 0
17.62 0
17.63 0
17.64 0
17.65 0
17.66 0
17.67 2
17.68 7
17.69 12
17.7 15
17.71 21
17.72 24
17.73 27
17.74 32
17.75 18
17.76 16
17.77 16
17.78 16
17.79 11
17.8 3
17.81 0
17.82 0
17.83 0
17.84 0
17.85 0
17.86 0
17.87 0
17.88 0
17.89 0
17.9 0
17.91 0
17.92 0
17.93 0
17.94 1
17.95 4
17.96 10
17.97 14
17.98 17
17.99 22
18 25
18.01 29
18.02 32
18.03 17
18.04 17
18.05 17
18.06 17
18.07 18
18.08 6
18.09 2
18.1 2
18.11 0
18.12 0
18.13 0
18.14 0
18.15 0
18.16 0
18.17 0
18.18 0
18.19 0
18.2 2
18.21 7
18.22 9
18.23 12
18.24 16
18.25 18
18.26 22
18.27 25
18.28 27
18.29 30
18.3 30
18.31 19
18.32 18
18.33 19
18.34 18
18.35 15
18.36 10
18.37 6
18.38 0
18.39 0
18.4 0
18.41 0
18.42 0
18.43 0
18.44 0
18.45 0
18.46 0
18.47 0
18.48 0
18.49 1
18.5 4
18.51 9
18.52 12
18.53 19
18.54 21
18.55 24
18.56 28
18.57 31
18.58 25
18.59 18
18.6 17
18.61 17
18.62 17
18.63 15
18.64 8
18.65 6
18.66 0
18.67 0
18.68 0
18.69 0
18.7 0
18.71 0
18.72 0
18.73 0
18.74 1
18.75 6
18.76 9
18.77 14
18.78 17
18.79 19
18.8 22
18.81 26
18.82 30
18.83 16
18.84 16
18.85 16
18.86 16
18.87 12
18.88 14
18.89 14
18.9 13
18.91 4
18.92 0
18.93 0
18.94 0
18.95 0
18.96 0
18.97 0
18.98 0
18.99 3
19 7
19.01 11
19.02 15
19.03 22
19.04 26
19.05 29
19.06 30
19.07 28
19.08 18
19.09 20
19.1 18
19.11 18
19.12 6
19.13 7
19.14 0
19.15 0
19.16 0
19.17 0
19.18 0
19.19 0
19.2 0
19.21 0
19.22 0
19.23 3
19.24 9
19.25 13
19.26 16
19.27 21
19.28 24
19.29 27
19.3 29
19.31 36
19.32 19
19.33 19
19.34 18
19.35 19
19.36 14
19.37 3
19.38 0
19.39 0
19.4 0
19.41 0
19.42 0
19.43 0
19.44 0
19.45 0
19.46 3
19.47 8
19.48 10
19.49 14
19.5 18
19.51 20
19.52 25
19.53 28
19.54 32
19.55 16
19.56 16
19.57 16
19.58 16
19.59 9
19.6 7
19.61 1
19.62 0
19.63 0
19.64 0
19.65 0
19.66 0
19.67 0
19.68 0
19.69 0
19.7 0
19.71 2
19.72 6
19.73 8
19.74 13
19.75 17
19.76 21
19.77 23
19.78 29
19.79 34
19.8 18
19.81 18
19.82 18
19.83 18
19.84 17
19.85 13
19.86 15
19.87 6
19.88 1
19.89 0
19.9 0
19.91 0
19.92 0
19.93 0
19.94 0
19.95 0
19.96 0
19.97 2
19.98 8
19.99 12
20 16
20.01 18
20.02 24
20.03 27
20.04 31
20.05 33
20.06 18
20.07 19
20.08 18
20.09 20
20.1 11
20.11 13
20.12 3
20.13 3
20.14 0
20.15 0
20.16 0
20.17 0
20.18 0
20.19 0
20.2 0
20.21 4
20.22 6
20.23 11
20.24 16
20.25 19
20.26 24
20.27 27
20.28 33
20.29 32
20.3 18
20.31 19
20.32 18
20.33 19
20.34 20
20.35 15
20.36 11
20.37 6
20.38 3
20.39 0
20.4 0
20.41 0
20.42 0
20.43 4
20.44 7
20.45 10
20.46 15
20.47 19
20.48 24
20.49 29
20.5 33
20.51 19
20.52 18
20.53 17
20.54 19
20.55 9
20.56 4
20.57 0
20.58 0
20.59 0
20.6 0
20.61 0
20.62 0
20.63 0
20.64 0
20.65 0
20.66 0
20.67 2
20.68 3
20.69 7
20.7 12
20.71 16
20.72 21
20.73 25
20.74 31
20.75 34
20.76 17
20.77 18
20.78 17
20.79 17
20.8 13
20.81 10
20.82 5
20.83 0
20.84 0
20.85 0
20.86 0
20.87 0
20.88 0
20.89 0
20.9 0
20.91 0
20.92 0
20.93 0
20.94 1
20.95 5
20.96 10
20.97 12
20.98 17
20.99 21
21 24
21.01 27
21.02 31
21.03 21
21.04 18
21.05 17
21.06 19
21.07 12
21.08 8
21.09 4
21.1 3
21.11 2
21.12 0
21.13 0
21.14 0
21.15 0
21.16 3
21.17 6
21.18 10
21.19 14
21.2 18
21.21 22
21.22 26
21.23 30
21.24 33
21.25 19
21.26 18
21.27 18
21.28 19
21.29 11
21.3 6
21.31 3
21.32 0
21.33 0
21.34 0
21.35 0
21.36 0
21.37 0
21.38 0
21.39 0
21.4 0
21.41 0
21.42 0
21.43 0
21.44 4
21.45 8
21.46 11
21.47 15
21.48 19
21.49 23
21.5 27
21.51 30
21.52 34
21.53 18
21.54 20
21.55 18
21.56 18
21.57 16
21.58 17
21.59 14
21.6 6
21.61 0
21.62 0
21.63 0
21.64 0
21.65 0
21.66 0
21.67 0
21.68 1
21.69 3
21.7 8
21.71 12
21.72 16
21.73 18
21.74 21
21.75 27
21.76 29
21.77 16
21.78 16
21.79 16
21.8 16
21.81 10
21.82 4
21.83 2
21.84 6
21.85 4
21.86 0
21.87 0
21.88 0
21.89 0
21.9 0
21.91 0
21.92 0
21.93 0
21.94 1
21.95 6
21.96 8
21.97 11
21.98 14
21.99 19
22 22
22.01 25
22.02 29
22.03 34
22.04 17
22.05 17
22.06 17
22.07 17
22.08 14
22.09 11
22.1 3
22.11 4
22.12 1
22.13 0
22.14 0
22.15 0
22.16 0
22.17 0
22.18 0
22.19 2
22.2 7
22.21 11
22.22 13
22.23 18
22.24 22
22.25 23
22.26 28
22.27 31
22.28 20
22.29 18
22.3 20
22.31 18
22.32 12
22.33 15
22.34 11
22.35 0
22.36 0
22.37 0
22.38 0
22.39 0
22.4 0
22.41 0
22.42 0
22.43 0
22.44 1
22.45 6
22.46 8
22.47 11
22.48 15
22.49 17
22.5 21
22.51 23
22.52 27
22.53 31
22.54 17
22.55 16
22.56 16
22.57 17
22.58 6
22.59 2
22.6 0
22.61 0
22.62 0
22.63 0
22.64 0
22.65 0
22.66 0
22.67 0
22.68 0
22.69 0
22.7 1
22.71 5
22.72 9
22.73 14
22.74 17
22.75 20
22.76 25
22.77 31
22.78 35
22.79 18
22.8 17
22.81 18
22.82 18
22.83 17
22.84 13
22.85 18
22.86 3
22.87 0
22.88 0
22.89 0
22.9 0
22.91 0
22.92 0
22.93 0
22.94 0
22.95 0
22.96 0
22.97 1
22.98 6
22.99 11
23 15
23.01 20
23.02 24
23.03 27
23.04 33
23.05 16
23.06 17
23.07 16
23.08 17
23.09 17
23.1 10
23.11 8
23.12 7
23.13 0
23.14 0
23.15 0
23.16 1
23.17 6
23.18 11
23.19 15
23.2 20
23.21 25
23.22 29
23.23 33
23.24 18
23.25 18
23.26 17
23.27 17
23.28 7
23.29 11
23.3 5
23.31 0
23.32 0
23.33 0
23.34 0
23.35 0
23.36 0
23.37 0
23.38 0
23.39 3
23.4 10
23.41 14
23.42 16
23.43 21
23.44 25
23.45 30
23.46 32
23.47 27
23.48 19
23.49 18
23.5 18
23.51 18
23.52 13
23.53 13
23.54 11
23.55 3
23.56 0
23.57 0
23.58 0
23.59 0
23.6 0
23.61 0
23.62 0
23.63 0
23.64 0
23.65 0
23.66 1
23.67 6
23.68 9
23.69 12
23.7 17
23.71 20
23.72 22
23.73 26
23.74 32
23.75 17
23.76 17
23.77 17
23.78 18
23.79 18
23.8 14
23.81 13
23.82 14
23.83 4
23.84 6
23.85 9
23.86 0
23.87 1
23.88 4
23.89 6
23.9 10
23.91 13
23.92 17
23.93 21
23.94 23
23.95 14
23.96 13
23.97 14
23.98 13
23.99 11
24 9
24.01 3
24.02 2
24.03 0
24.04 1
24.05 0
24.06 0
24.07 2
24.08 6
24.09 8
24.1 11
24.11 16
24.12 21
24.13 25
24.14 26
24.15 32
24.16 33
24.17 20
24.18 18
24.19 18
24.2 19
24.21 19
24.22 17
24.23 6
24.24 0
24.25 0
24.26 0
24.27 0
24.28 0
24.29 0
24.3 0
24.31 0
24.32 0
24.33 5
24.34 9
24.35 12
24.36 20
24.37 22
24.38 24
24.39 28
24.4 31
24.41 33
24.42 19
24.43 19
24.44 19
24.45 19
24.46 11
24.47 3
24.48 1
24.49 0
24.5 0
24.51 0
24.52 0
24.53 0
24.54 0
24.55 1
24.56 6
24.57 14
24.58 19
24.59 24
24.6 27
24.61 33
24.62 17
24.63 17
24.64 17
24.65 17
24.66 17
24.67 7
24.68 7
24.69 0
24.7 0
24.71 0
24.72 0
24.73 0
24.74 0
24.75 0
24.76 0
24.77 0
24.78 2
24.79 7
24.8 11
24.81 16
24.82 22
24.83 25
24.84 28
24.85 33
24.86 18
24.87 17
24.88 17
24.89 17
24.9 9
24.91 1
24.92 0
24.93 0
24.94 0
24.95 0
24.96 0
24.97 0
24.98 0
24.99 0
25 0
25.01 0
25.02 0
25.03 0
25.04 0
25.05 1
25.06 5
25.07 10
25.08 14
25.09 19
25.1 26
25.11 29
25.12 33
25.13 28
25.14 17
25.15 17
25.16 19
25.17 18
25.18 5
25.19 1
25.2 0
25.21 0
25.22 0
25.23 0
25.24 0
25.25 0
25.26 0
25.27 0
25.28 0
25.29 0
25.3 1
25.31 4
25.32 8
25.33 10
25.34 15
25.35 19
25.36 21
25.37 25
25.38 28
25.39 32
25.4 17
25.41 17
25.42 17
25.43 18
25.44 17
25.45 12
25.46 5
25.47 0
25.48 0
25.49 0
25.5 0
25.51 0
25.52 0
25.53 0
25.54 0
25.55 0
25.56 0
25.57 4
25.58 8
25.59 10
25.6 14
25.61 17
25.62 22
25.63 24
25.64 28
25.65 31
25.66 17
25.67 17
25.68 18
25.69 17
25.7 11
25.71 7
25.72 10
25.73 0
25.74 0
25.75 0
25.76 0
25.77 0
25.78 1
25.79 4
25.8 6
25.81 10
25.82 14
25.83 17
25.84 19
25.85 23
25.86 27
25.87 30
25.88 33
25.89 19
25.9 20
25.91 20
25.92 20
25.93 11
25.94 8
25.95 0
25.96 0
25.97 0
25.98 0
25.99 0
26 0
26.01 0
26.02 0
26.03 0
26.04 0
26.05 1
26.06 5
26.07 8
26.08 11
26.09 15
26.1 16
26.11 19
26.12 23
26.13 27
26.14 30
26.15 16
26.16 16
26.17 18
26.18 17
26.19 17
26.2 17
26.21 12
26.22 6
26.23 0
26.24 0
26.25 0
26.26 0
26.27 0
26.28 0
26.29 0
26.3 0
26.31 0
26.32 2
26.33 6
26.34 10
26.35 13
26.36 17
26.37 22
26.38 24
26.39 28
26.4 34
26.41 17
26.42 17
26.43 17
26.44 17
26.45 11
26.46 12
26.47 7
26.48 5
26.49 0
26.5 0
26.51 0
26.52 0
26.53 0
26.54 0
26.55 0
26.56 0
26.57 0
26.58 4
26.59 8
26.6 12
26.61 14
26.62 18
26.63 21
26.64 27
26.65 30
26.66 36
26.67 19
26.68 18
26.69 20
26.7 19
26.71 13
26.72 17
26.73 4
26.74 2
26.75 0
26.76 0
26.77 0
26.78 0
26.79 0
26.8 0
26.81 0
26.82 0
26.83 3
26.84 7
26.85 10
26.86 17
26.87 21
26.88 24
26.89 26
26.9 32
26.91 20
26.92 18
26.93 18
26.94 17
26.95 14
26.96 15
26.97 15
26.98 12
26.99 5
27 0
27.01 0
27.02 0
27.03 0
27.04 0
27.05 0
27.06 0
27.07 0
27.08 0
27.09 3
27.1 6
27.11 11
27.12 14
27.13 16
27.14 19
27.15 24
27.16 28
27.17 31
27.18 16
27.19 16
27.2 16
27.21 18
27.22 16
27.23 12
27.24 7
27.25 1
27.26 0
27.27 0
27.28 0
27.29 0
27.3 0
27.31 0
27.32 0
27.33 0
27.34 0
27.35 0
27.36 0
27.37 0
27.38 0
27.39 2
27.4 6
27.41 11
27.42 15
27.43 19
27.44 22
27.45 27
27.46 31
27.47 34
27.48 19
27.49 19
27.5 19
27.51 19
27.52 14
27.53 16
27.54 18
27.55 0
27.56 0
27.57 0
27.58 0
27.59 0
27.6 0
27.61 0
27.62 0
27.63 0
27.64 0
27.65 0
27.66 0
27.67 6
27.68 6
27.69 10
27.7 15
27.71 19
27.72 23
27.73 26
27.74 31
27.75 26
27.76 17
27.77 17
27.78 18
27.79 17
27.8 2
27.81 0
27.82 0
27.83 0
27.84 0
27.85 0
27.86 0
27.87 0
27.88 0
27.89 0
27.9 0
27.91 0
27.92 2
27.93 9
27.94 12
27.95 15
27.96 20
27.97 25
27.98 28
27.99 31
28 17
28.01 17
28.02 16
28.03 17
28.04 9
28.05 6
28.06 7
28.07 10
28.08 3
28.09 0
28.1 0
28.11 0
28.12 0
28.13 0
28.14 0
28.15 0
28.16 4
28.17 10
28.18 16
28.19 20
28.2 24
28.21 29
28.22 34
28.23 38
28.24 20
28.25 19
28.26 19
28.27 19
28.28 15
28.29 17
28.3 18
28.31 8
28.32 4
28.33 2
28.34 2
28.35 0
28.36 1
28.37 5
28.38 8
28.39 13
28.4 17
28.41 22
28.42 24
28.43 23
28.44 14
28.45 16
28.46 15
28.47 15
28.48 14
28.49 13
28.5 4
28.51 0
28.52 0
28.53 0
28.54 0
28.55 0
28.56 0
28.57 0
28.58 0
28.59 0
28.6 1
28.61 3
28.62 7
28.63 13
28.64 16
28.65 22
28.66 25
28.67 29
28.68 32
28.69 24
28.7 17
28.71 17
28.72 19
28.73 16
28.74 12
28.75 8
28.76 2
28.77 0
28.78 0
28.79 0
28.8 0
28.81 0
28.82 0
28.83 0
28.84 0
28.85 0
28.86 0
28.87 4
28.88 7
28.89 11
28.9 16
28.91 18
28.92 23
28.93 28
28.94 31
28.95 33
28.96 19
28.97 19
28.98 19
28.99 19
29 12
29.01 9
29.02 2
29.03 0
29.04 0
29.05 0
29.06 0
29.07 0
29.08 0
29.09 0
29.1 0
29.11 0
29.12 2
29.13 7
29.14 12
29.15 15
29.16 22
29.17 26
29.18 30
29.19 33
29.2 36
29.21 19
29.22 20
29.23 20
29.24 19
29.25 7
29.26 5
29.27 2
29.28 0
29.29 0
29.3 0
29.31 0
29.32 0
29.33 0
29.34 0
29.35 0
29.36 0
29.37 0
29.38 5
29.39 8
29.4 14
29.41 18
29.42 22
29.43 28
29.44 31
29.45 35
29.46 18
29.47 18
29.48 18
29.49 19
29.5 14
29.51 8
29.52 11
29.53 0
29.54 0
29.55 0
29.56 0
29.57 0
29.58 0
29.59 0
29.6 0
29.61 0
29.62 0
29.63 0
29.64 4
29.65 8
29.66 11
29.67 16
29.68 20
29.69 25
29.7 30
29.71 34
29.72 18
29.73 20
29.74 18
29.75 19
29.76 14
29.77 6
29.78 0
29.79 0
29.8 0
29.81 0
29.82 0
29.83 0
29.84 0
29.85 0
29.86 0
29.87 5
29.88 10
29.89 13
29.9 18
29.91 21
29.92 23
29.93 26
29.94 31
29.95 16
29.96 17
29.97 18
29.98 17
29.99 17
30 10
30.01 11
30.02 0
30.03 0
30.04 0
30.05 0
30.06 0
30.07 0
30.08 0
30.09 0
30.1 0
30.11 0
30.12 4
30.13 6
30.14 11
30.15 14
30.16 19
30.17 24
30.18 27
30.19 30
30.2 33
30.21 18
30.22 18
30.23 20
30.24 18
30.25 13
30.26 14
30.27 17
30.28 18
30.29 17
30.3 7
30.31 0
30.32 0
30.33 0
30.34 0
30.35 0
30.36 0
30.37 0
30.38 0
30.39 0
30.4 0
30.41 1
30.42 5
30.43 10
30.44 13
30.45 17
30.46 22
30.47 26
30.48 28
30.49 32
30.5 23
30.51 19
30.52 18
30.53 19
30.54 18
30.55 15
30.56 7
30.57 0
30.58 0
30.59 0
30.6 0
30.61 0
30.62 0
30.63 0
30.64 0
30.65 0
30.66 0
30.67 0
30.68 1
30.69 5
30.7 7
30.71 12
30.72 17
30.73 20
30.74 24
30.75 26
30.76 31
30.77 22
30.78 17
30.79 16
30.8 16
30.81 17
30.82 4
30.83 0
30.84 0
30.85 0
30.86 0
30.87 0
30.88 0
30.89 0
30.9 0
30.91 0
30.92 0
30.93 0
30.94 0
30.95 0
30.96 0
30.97 2
30.98 7
30.99 12
31 17
31.01 21
31.02 27
31.03 31
31.04 34
31.05 18
31.06 19
31.07 19
31.08 18
31.09 18
31.1 18
31.11 16
31.12 9
31.13 0
31.14 0
31.15 0
31.16 0
31.17 0
31.18 0
31.19 0
31.2 0
31.21 0
31.22 0
31.23 0
31.24 0
31.25 5
31.26 7
31.27 13
31.28 19
31.29 23
31.3 26
31.31 30
31.32 35
31.33 18
31.34 19
31.35 19
31.36 19
31.37 18
31.38 17
31.39 10
31.4 5
31.41 0
31.42 0
31.43 0
31.44 0
31.45 0
31.46 0
31.47 0
31.48 0
31.49 0
31.5 0
31.51 1
31.52 6
31.53 10
31.54 14
31.55 20
31.56 23
31.57 28
31.58 32
31.59 20
31.6 17
31.61 17
31.62 17
31.63 12
31.64 10
31.65 0
31.66 0
31.67 0
31.68 0
31.69 0
31.7 0
31.71 0
31.72 0
31.73 0
31.74 0
31.75 2
31.76 4
31.77 8
31.78 10
31.79 14
31.8 18
31.81 22
31.82 27
31.83 29
31.84 32
31.85 18
31.86 16
31.87 17
31.88 18
31.89 16
31.9 1
31.91 0
31.92 0
31.93 0
31.94 0
31.95 0
31.96 0
31.97 0
31.98 0
31.99 0
32 0
32.01 0
32.02 1
32.03 5
32.04 9
32.05 15
32.06 20
32.07 22
32.08 27
32.09 31
32.1 35
32.11 17
32.12 18
32.13 17
32.14 18
32.15 9
32.16 1
32.17 0
32.18 0
32.19 0
32.2 0
32.21 0
32.22 0
32.23 0
32.24 0
32.25 0
32.26 0
32.27 0
32.28 4
32.29 8
32.3 11
32.31 14
32.32 20
32.33 24
32.34 27
32.35 30
32.36 34
32.37 17
32.38 17
32.39 18
32.4 18
32.41 13
32.42 5
32.43 4
32.44 0
32.45 0
32.46 0
32.47 0
32.48 0
32.49 0
32.5 0
32.51 0
32.52 0
32.53 0
32.54 0
32.55 3
32.56 7
32.57 9
32.58 13
32.59 18
32.6 23
32.61 25
32.62 27
32.63 31
32.64 18
32.65 19
32.66 18
32.67 17
32.68 12
32.69 10
32.7 8
32.71 0
32.72 0
32.73 0
32.74 0
32.75 0
32.76 0
32.77 0
32.78 2
32.79 6
32.8 8
32.81 13
32.82 16
32.83 18
32.84 23
32.85 25
32.86 28
32.87 23
32.88 17
32.89 16
32.9 16
32.91 15
32.92 7
32.93 0
32.94 0
32.95 0
32.96 0
32.97 0
32.98 0
32.99 0
33 0
33.01 0
33.02 0
33.03 0
33.04 0
33.05 0
33.06 2
33.07 5
33.08 8
33.09 13
33.1 16
33.11 19
33.12 23
33.13 27
33.14 30
33.15 32
33.16 18
33.17 19
33.18 18
33.19 17
33.2 15
33.21 7
33.22 0
33.23 0
33.24 0
33.25 0
33.26 0
33.27 0
33.28 0
33.29 0
33.3 3
33.31 7
33.32 10
33.33 16
33.34 20
33.35 24
33.36 28
33.37 33
33.38 26
33.39 18
33.4 18
33.41 19
33.42 18
33.43 8
33.44 0
33.45 0
33.46 0
33.47 0
33.48 0
33.49 0
33.5 0
33.51 0
33.52 0
33.53 0
33.54 0
33.55 0
33.56 0
33.57 4
33.58 9
33.59 13
33.6 16
33.61 21
33.62 25
33.63 29
33.64 33
33.65 18
33.66 17
33.67 17
33.68 18
33.69 17
33.7 8
33.71 0
33.72 0
33.73 0
33.74 0
33.75 0
33.76 0
33.77 0
33.78 0
33.79 0
33.8 0
33.81 0
33.82 0
33.83 0
33.84 0
33.85 0
33.86 5
33.87 10
33.88 14
33.89 18
33.9 22
33.91 27
33.92 29
33.93 34
33.94 31
33.95 20
33.96 20
33.97 19
33.98 19
33.99 16
34 7
34.01 5
34.02 0
34.03 0
34.04 0
34.05 0
34.06 0
34.07 0
34.08 0
34.09 0
34.1 0
34.11 0
34.12 0
34.13 0
34.14 0
34.15 4
34.16 11
34.17 14
34.18 18
34.19 23
34.2 27
34.21 28
34.22 31
34.23 24
34.24 19
34.25 19
34.26 18
34.27 20
34.28 10
34.29 11
34.3 4
34.31 5
34.32 0
34.33 0
34.34 0
34.35 0
34.36 0
34.37 0
34.38 1
34.39 5
34.4 7
34.41 12
34.42 17
34.43 20
34.44 22
34.45 28
34.46 30
34.47 16
34.48 15
34.49 16
34.5 17
34.51 5
34.52 8
34.53 7
34.54 5
34.55 0
34.56 0
34.57 0
34.58 0
34.59 0
34.6 0
34.61 0
34.62 0
34.63 0
34.64 4
34.65 11
34.66 12
34.67 16
34.68 22
34.69 25
34.7 28
34.71 31
34.72 17
34.73 17
34.74 17
34.75 19
34.76 16
34.77 13
34.78 6
34.79 8
34.8 0
34.81 0
34.82 0
34.83 0
34.84 0
34.85 0
34.86 0
34.87 0
34.88 0
34.89 0
34.9 0
34.91 0
34.92 0
34.93 2
34.94 7
34.95 12
34.96 16
34.97 21
34.98 25
34.99 29
35 33
35.01 38
35.02 20
35.03 20
35.04 20
35.05 19
35.06 19
35.07 9
35.08 12
35.09 2
35.1 0
35.11 0
35.12 0
35.13 0
35.14 0
35.15 0
35.16 0
35.17 0
35.18 0
35.19 0
35.2 3
35.21 8
35.22 12
35.23 15
35.24 23
35.25 28
35.26 31
35.27 34
35.28 17
35.29 18
35.3 18
35.31 17
35.32 18
35.33 10
35.34 5
35.35 0
35.36 0
35.37 0
35.38 0
35.39 0
35.4 0
35.41 0
35.42 0
35.43 0
35.44 0
35.45 0
35.46 2
35.47 6
35.48 9
35.49 13
35.5 16
35.51 20
35.52 25
35.53 29
35.54 34
35.55 23
35.56 19
35.57 19
35.58 19
35.59 18
35.6 9
35.61 4
35.62 7
35.63 0
35.64 0
35.65 0
35.66 0
35.67 0
35.68 0
35.69 0
35.7 0
35.71 1
35.72 5
35.73 7
35.74 12
35.75 15
35.76 19
35.77 22
35.78 25
35.79 28
35.8 25
35.81 16
35.82 16
35.83 17
35.84 15
35.85 11
35.86 14
35.87 3
35.88 0
35.89 0
35.9 0
35.91 0
35.92 0
35.93 0
35.94 0
35.95 0
35.96 0
35.97 0
35.98 0
35.99 1
36 3
36.01 8
36.02 13
36.03 16
36.04 19
36.05 22
36.06 27
36.07 28
36.08 31
36.09 18
36.1 18
36.11 18
36.12 19
36.13 13
36.14 6
36.15 0
36.16 0
36.17 0
36.18 0
36.19 0
36.2 0
36.21 0
36.22 0
36.23 0
36.24 0
36.25 0
36.26 0
36.27 0
36.28 0
36.29 3
36.3 7
36.31 12
36.32 16
36.33 20
36.34 23
36.35 27
36.36 30
36.37 33
36.38 18
36.39 18
36.4 19
36.41 20
36.42 9
36.43 2
36.44 0
36.45 0
36.46 0
36.47 0
36.48 0
36.49 0
36.5 0
36.51 0
36.52 0
36.53 0
36.54 0
36.55 0
36.56 5
36.57 10
36.58 12
36.59 17
36.6 21
36.61 25
36.62 28
36.63 34
36.64 17
36.65 17
36.66 17
36.67 18
36.68 19
36.69 13
36.7 16
36.71 11
36.72 0
36.73 0
36.74 0
36.75 0
36.76 0
36.77 0
36.78 0
36.79 3
36.8 9
36.81 13
36.82 19
36.83 20
36.84 25
36.85 30
36.86 18
36.87 17
36.88 17
36.89 17
36.9 16
36.91 14
36.92 13
36.93 7
36.94 6
36.95 2
36.96 8
36.97 3
36.98 6
36.99 9
37 13
37.01 17
37.02 20
37.03 18
37.04 13
37.05 13
37.06 14
37.07 10
37.08 14
37.09 11
37.1 5
37.11 0
37.12 0
37.13 0
37.14 0
37.15 0
37.16 0
37.17 1
37.18 6
37.19 10
37.2 15
37.21 20
37.22 22
37.23 27
37.24 31
37.25 33
37.26 19
37.27 19
37.28 19
37.29 20
37.3 15
37.31 3
37.32 4
37.33 0
37.34 0
37.35 0
37.36 0
37.37 0
37.38 0
37.39 3
37.4 7
37.41 11
37.42 17
37.43 20
37.44 24
37.45 32
37.46 19
37.47 18
37.48 18
37.49 17
37.5 12
37.51 10
37.52 8
37.53 5
37.54 2
37.55 0
37.56 0
37.57 0
37.58 0
37.59 0
37.6 0
37.61 0
37.62 0
37.63 4
37.64 10
37.65 13
37.66 18
37.67 22
37.68 27
37.69 32
37.7 27
37.71 18
37.72 18
37.73 17
37.74 17
37.75 9
37.76 0
37.77 0
37.78 0
37.79 0
37.8 0
37.81 0
37.82 0
37.83 0
37.84 0
37.85 0
37.86 0
37.87 0
37.88 0
37.89 5
37.9 10
37.91 15
37.92 20
37.93 24
37.94 27
37.95 32
37.96 36
37.97 18
37.98 19
37.99 19
38 18
38.01 16
38.02 17
38.03 16
38.04 7
38.05 0
38.06 0
38.07 0
38.08 0
38.09 0
38.1 0
38.11 0
38.12 0
38.13 0
38.14 0
38.15 0
38.16 6
38.17 10
38.18 14
38.19 17
38.2 22
38.21 25
38.22 28
38.23 33
38.24 16
38.25 17
38.26 17
38.27 17
38.28 4
38.29 5
38.3 0
38.31 0
38.32 0
38.33 0
38.34 0
38.35 0
38.36 1
38.37 5
38.38 9
38.39 13
38.4 15
38.41 22
38.42 23
38.43 27
38.44 31
38.45 17
38.46 19
38.47 17
38.48 18
38.49 18
38.5 17
38.51 9
38.52 0
38.53 0
38.54 0
38.55 0
38.56 0
38.57 0
38.58 0
38.59 0
38.6 0
38.61 0
38.62 0
38.63 0
38.64 1
38.65 4
38.66 10
38.67 13
38.68 17
38.69 21
38.7 26
38.71 30
38.72 34
38.73 17
38.74 17
38.75 18
38.76 17
38.77 10
38.78 11
38.79 4
38.8 2
38.81 0
38.82 0
38.83 0
38.84 0
38.85 0
38.86 0
38.87 0
38.88 0
38.89 3
38.9 9
38.91 14
38.92 18
38.93 21
38.94 26
38.95 30
38.96 35
38.97 18
38.98 18
38.99 18
39 18
39.01 10
39.02 15
39.03 17
39.04 12
39.05 4
39.06 0
39.07 0
39.08 0
39.09 0
39.1 0
39.11 0
39.12 1
39.13 6
39.14 11
39.15 17
39.16 19
39.17 22
39.18 25
39.19 28
39.2 16
39.21 17
39.22 18
39.23 16
39.24 16
39.25 11
39.26 9
39.27 1
39.28 0
39.29 0
39.3 0
39.31 0
39.32 0
39.33 0
39.34 0
39.35 0
39.36 0
39.37 1
39.38 6
39.39 10
39.4 14
39.41 20
39.42 24
39.43 27
39.44 32
39.45 16
39.46 16
39.47 16
39.48 17
39.49 12
39.5 5
39.51 0
39.52 0
39.53 0
39.54 0
39.55 0
39.56 0
39.57 0
39.58 0
39.59 0
39.6 0
39.61 1
39.62 5
39.63 10
39.64 14
39.65 19
39.66 23
39.67 28
39.68 31
39.69 27
39.7 17
39.71 18
39.72 17
39.73 16
39.74 14
39.75 0
39.76 0
39.77 0
39.78 0
39.79 0
39.8 0
39.81 0
39.82 0
39.83 0
39.84 0
39.85 2
39.86 6
39.87 10
39.88 13
39.89 17
39.9 20
39.91 24
39.92 27
39.93 32
39.94 34
39.95 19
39.96 19
39.97 18
39.98 20
39.99 1
40 0
40.01 0
40.02 0
40.03 0
40.04 0
40.05 0
40.06 0
40.07 0
40.08 0
40.09 0
40.1 0
40.11 0
40.12 2
40.13 7
40.14 13
40.15 18
40.16 21
40.17 25
40.18 31
40.19 35
40.2 18
40.21 19
40.22 18
40.23 18
40.24 19
40.25 10
40.26 10
40.27 1
40.28 0
40.29 0
40.3 0
40.31 0
40.32 0
40.33 0
40.34 0
40.35 0
40.36 0
40.37 0
40.38 0
40.39 0
40.4 3
40.41 8
40.42 13
40.43 17
40.44 21
40.45 25
40.46 29
40.47 31
40.48 17
40.49 19
40.5 19
40.51 18
40.52 13
40.53 4
40.54 0
40.55 0
40.56 0
40.57 0
40.58 0
40.59 0
40.6 0
40.61 0
40.62 0
40.63 0
40.64 0
40.65 3
40.66 9
40.67 12
40.68 16
40.69 21
40.7 26
40.71 31
40.72 34
40.73 17
40.74 16
40.75 17
40.76 17
40.77 8
40.78 0
40.79 0
40.8 0
40.81 0
40.82 0
40.83 0
40.84 0
40.85 0
40.86 0
40.87 0
40.88 0
40.89 0
40.9 1
40.91 8
40.92 11
40.93 15
40.94 22
40.95 27
40.96 31
40.97 33
40.98 37
40.99 20
41 21
41.01 19
41.02 20
41.03 13
41.04 13
41.05 8
41.06 8
41.07 2
41.08 0
41.09 0
41.1 0
41.11 0
41.12 0
41.13 0
41.14 0
41.15 0
41.16 0
41.17 4
41.18 9
41.19 12
41.2 17
41.21 21
41.22 26
41.23 28
41.24 33
41.25 22
41.26 20
41.27 18
41.28 18
41.29 18
41.3 19
41.31 9
41.32 8
41.33 0
41.34 0
41.35 0
41.36 0
41.37 0
41.38 0
41.39 0
41.4 0
41.41 0
41.42 0
41.43 1
41.44 4
41.45 8
41.46 14
41.47 18
41.48 21
41.49 24
41.5 27
41.51 31
41.52 22
41.53 18
41.54 17
41.55 17
41.56 19
41.57 5
41.58 7
41.59 1
41.6 0
41.61 0
41.62 0
41.63 0
41.64 0
41.65 0
41.66 0
41.67 0
41.68 0
41.69 0
41.7 3
41.71 5
41.72 8
41.73 12
41.74 16
41.75 20
41.76 25
41.77 29
41.78 32
41.79 23
41.8 20
41.81 18
41.82 17
41.83 14
41.84 14
41.85 5
41.86 0
41.87 0
41.88 2
41.89 0
41.9 0
41.91 2
41.92 6
41.93 10
41.94 13
41.95 17
41.96 20
41.97 22
41.98 25
41.99 30
42 34
42.01 20
42.02 19
42.03 20
42.04 19
42.05 15
42.06 12
42.07 6
42.08 0
42.09 0
42.1 0
42.11 0
42.12 0
42.13 0
42.14 0
42.15 0
42.16 0
42.17 0
42.18 0
42.19 4
42.2 7
42.21 10
42.22 14
42.23 18
42.24 22
42.25 24
42.26 27
42.27 32
42.28 33
42.29 18
42.3 19
42.31 18
42.32 19
42.33 9
42.34 5
42.35 0
42.36 0
42.37 0
42.38 0
42.39 0
42.4 0
42.41 0
42.42 0
42.43 0
42.44 0
42.45 0
42.46 0
42.47 4
42.48 8
42.49 12
42.5 15
42.51 19
42.52 22
42.53 25
42.54 26
42.55 28
42.56 18
42.57 16
42.58 16
42.59 16
42.6 8
42.61 0
42.62 0
42.63 0
42.64 0
42.65 0
42.66 0
42.67 0
42.68 0
42.69 0
42.7 0
42.71 0
42.72 3
42.73 6
42.74 9
42.75 13
42.76 18
42.77 21
42.78 24
42.79 30
42.8 35
42.81 29
42.82 19
42.83 21
42.84 19
42.85 19
42.86 14
42.87 19
42.88 6
42.89 0
42.9 0
42.91 0
42.92 0
42.93 0
42.94 0
42.95 0
42.96 0
42.97 0
42.98 2
42.99 5
43 11
43.01 16
43.02 17
43.03 21
43.04 27
43.05 31
43.06 17
43.07 18
43.08 16
43.09 16
43.1 9
43.11 0
43.12 0
43.13 0
43.14 0
43.15 0
43.16 0
43.17 0
43.18 0
43.19 0
43.2 0
43.21 0
43.22 0
43.23 3
43.24 5
43.25 9
43.26 13
43.27 16
43.28 18
43.29 23
43.3 28
43.31 29
43.32 32
43.33 19
43.34 18
43.35 18
43.36 18
43.37 16
43.38 5
43.39 0
43.4 0
43.41 0
43.42 0
43.43 0
43.44 0
43.45 0
43.46 0
43.47 0
43.48 0
43.49 0
43.5 0
43.51 1
43.52 4
43.53 9
43.54 13
43.55 17
43.56 19
43.57 23
43.58 26
43.59 28
43.6 31
43.61 17
43.62 17
43.63 17
43.64 17
43.65 14
43.66 11
43.67 1
43.68 0
43.69 0
43.7 0
43.71 0
43.72 0
43.73 0
43.74 1
43.75 2
43.76 7
43.77 11
43.78 14
43.79 15
43.8 19
43.81 22
43.82 26
43.83 30
43.84 33
43.85 19
43.86 18
43.87 18
43.88 16
43.89 12
43.9 6
43.91 1
43.92 0
43.93 0
43.94 0
43.95 0
43.96 0
43.97 0
43.98 0
43.99 0
44 4
44.01 7
44.02 10
44.03 12
44.04 17
44.05 22
44.06 26
44.07 29
44.08 33
44.09 19
44.1 18
44.11 18
44.12 20
44.13 10
44.14 9
44.15 11
44.16 7
44.17 0
44.18 0
44.19 0
44.2 0
44.21 0
44.22 0
44.23 0
44.24 0
44.25 0
44.26 1
44.27 6
44.28 10
44.29 17
44.3 20
44.31 23
44.32 29
44.33 34
44.34 17
44.35 17
44.36 17
44.37 17
44.38 17
44.39 8
44.4 6
44.41 1
44.42 0
44.43 0
44.44 0
44.45 0
44.46 0
44.47 0
44.48 0
44.49 0
44.5 4
44.51 6
44.52 11
44.53 16
44.54 20
44.55 23
44.56 28
44.57 32
44.58 16
44.59 17
44.6 16
44.61 17
44.62 16
44.63 3
44.64 7
44.65 0
44.66 0
44.67 0
44.68 0
44.69 0
44.7 0
44.71 0
44.72 0
44.73 0
44.74 0
44.75 0
44.76 3
44.77 8
44.78 13
44.79 16
44.8 22
44.81 26
44.82 28
44.83 32
44.84 25
44.85 18
44.86 18
44.87 18
44.88 18
44.89 18
44.9 10
44.91 14
44.92 0
44.93 0
44.94 0
44.95 0
44.96 0
44.97 0
44.98 0
44.99 0
45 0
45.01 0
45.02 0
45.03 0
45.04 5
45.05 8
45.06 12
45.07 16
45.08 20
45.09 24
45.1 28
45.11 31
45.12 17
45.13 19
45.14 18
45.15 17
45.16 11
45.17 0
45.18 0
45.19 0
45.2 0
45.21 0
45.22 0
45.23 0
45.24 0
45.25 0
45.26 0
45.27 3
45.28 8
45.29 13
45.3 18
45.31 23
45.32 25
45.33 29
45.34 33
45.35 17
45.36 17
45.37 17
45.38 19
45.39 5
45.4 0
45.41 2
45.42 0
45.43 0
45.44 0
45.45 0
45.46 0
45.47 0
45.48 0
45.49 0
45.5 1
45.51 5
45.52 9
45.53 14
45.54 15
45.55 17
45.56 21
45.57 25
45.58 31
45.59 33
45.6 18
45.61 19
45.62 18
45.63 19
45.64 15
45.65 4
45.66 5
45.67 0
45.68 0
45.69 0
45.7 0
45.71 0
45.72 0
45.73 0
45.74 0
45.75 0
45.76 0
45.77 0
45.78 0
45.79 3
45.8 7
45.81 11
45.82 16
45.83 19
45.84 24
45.85 28
45.86 32
45.87 25
45.88 18
45.89 18
45.9 18
45.91 16
45.92 6
45.93 0
45.94 0
45.95 0
45.96 0
45.97 0
45.98 0
45.99 0
46 0
46.01 0
46.02 2
46.03 6
46.04 10
46.05 13
46.06 17
46.07 19
46.08 24
46.09 25
46.1 29
46.11 32
46.12 20
46.13 19
46.14 19
46.15 18
46.16 17
46.17 10
46.18 3
46.19 0
46.2 0
46.21 0
46.22 0
46.23 0
46.24 0
46.25 0
46.26 0
46.27 0
46.28 0
46.29 0
46.3 2
46.31 8
46.32 11
46.33 14
46.34 19
46.35 26
46.36 30
46.37 33
46.38 16
46.39 16
46.4 16
46.41 16
46.42 10
46.43 2
46.44 4
46.45 0
46.46 0
46.47 0
46.48 0
46.49 0
46.5 0
46.51 0
46.52 8
46.53 11
46.54 14
46.55 20
46.56 24
46.57 27
46.58 29
46.59 16
46.6 16
46.61 16
46.62 16
46.63 10
46.64 3
46.65 0
46.66 0
46.67 0
46.68 0
46.69 0
46.7 0
46.71 0
46.72 0
46.73 0
46.74 0
46.75 6
46.76 9
46.77 11
46.78 15
46.79 21
46.8 23
46.81 24
46.82 28
46.83 27
46.84 16
46.85 16
46.86 16
46.87 16
46.88 10
46.89 2
46.9 2
46.91 0
46.92 0
46.93 0
46.94 0
46.95 0
46.96 0
46.97 0
46.98 0
46.99 0
47 0
47.01 0
47.02 6
47.03 8
47.04 12
47.05 17
47.06 21
47.07 23
47.08 27
47.09 33
47.1 25
47.11 17
47.12 18
47.13 18
47.14 16
47.15 5
47.16 0
47.17 0
47.18 0
47.19 0
47.2 0
47.21 0
47.22 0
47.23 0
47.24 0
47.25 0
47.26 0
47.27 2
47.28 7
47.29 10
47.3 13
47.31 15
47.32 22
47.33 26
47.34 28
47.35 32
47.36 17
47.37 18
47.38 17
47.39 18
47.4 13
47.41 14
47.42 13
47.43 7
47.44 0
47.45 0
47.46 0
47.47 0
47.48 0
47.49 0
47.5 0
47.51 0
47.52 2
47.53 8
47.54 12
47.55 15
47.56 20
47.57 23
47.58 28
47.59 33
47.6 17
47.61 17
47.62 18
47.63 17
47.64 16
47.65 14
47.66 7
47.67 5
47.68 0
47.69 0
47.7 0
47.71 0
47.72 0
47.73 0
47.74 0
47.75 0
47.76 4
47.77 9
47.78 13
47.79 17
47.8 22
47.81 24
47.82 28
47.83 33
47.84 17
47.85 17
47.86 17
47.87 18
47.88 16
47.89 17
47.9 8
47.91 5
47.92 2
47.93 0
47.94 0
47.95 0
47.96 0
47.97 0
47.98 0
47.99 0
48 4
48.01 9
48.02 12
48.03 17
48.04 21
48.05 23
48.06 27
48.07 31
48.08 17
48.09 17
48.1 18
48.11 19
48.12 8
48.13 10
48.14 13
48.15 3
48.16 0
48.17 0
48.18 0
48.19 0
48.2 0
48.21 0
48.22 0
48.23 0
48.24 1
48.25 3
48.26 7
48.27 11
48.28 15
48.29 19
48.3 21
48.31 24
48.32 27
48.33 31
48.34 16
48.35 16
48.36 16
48.37 17
48.38 14
48.39 14
48.4 15
48.41 8
48.42 8
48.43 1
48.44 0
48.45 0
48.46 0
48.47 0
48.48 0
48.49 0
48.5 0
48.51 0
48.52 1
48.53 5
48.54 9
48.55 12
48.56 15
48.57 18
48.58 20
48.59 22
48.6 27
48.61 31
48.62 17
48.63 17
48.64 17
48.65 17
48.66 9
48.67 2
48.68 0
48.69 0
48.7 0
48.71 0
48.72 0
48.73 0
48.74 0
48.75 0
48.76 0
48.77 0
48.78 0
48.79 0
48.8 1
48.81 5
48.82 9
48.83 13
48.84 20
48.85 23
48.86 26
48.87 30
48.88 36
48.89 18
48.9 19
48.91 19
48.92 17
48.93 14
48.94 8
48.95 8
48.96 0
48.97 0
48.98 0
48.99 0
49 0
49.01 0
49.02 0
49.03 0
49.04 0
49.05 6
49.06 8
49.07 12
49.08 20
49.09 23
49.1 25
49.11 28
49.12 35
49.13 18
49.14 19
49.15 19
49.16 18
49.17 15
49.18 11
49.19 5
49.2 3
49.21 1
49.22 0
49.23 0
49.24 0
49.25 0
49.26 3
49.27 8
49.28 10
49.29 14
49.3 19
49.31 22
49.32 24
49.33 29
49.34 22
49.35 16
49.36 17
49.37 18
49.38 13
49.39 8
49.4 6
49.41 2
49.42 0
49.43 0
49.44 0
49.45 0
49.46 0
49.47 0
49.48 0
49.49 0
49.5 2
49.51 7
49.52 10
49.53 14
49.54 18
49.55 21
49.56 24
49.57 27
49.58 31
49.59 17
49.6 18
49.61 17
49.62 18
49.63 7
49.64 0
49.65 0
49.66 0
49.67 0
49.68 0
49.69 0
49.7 0
49.71 0
49.72 0
49.73 0
49.74 0
49.75 0
49.76 2
49.77 5
49.78 9
49.79 13
49.8 16
49.81 20
49.82 23
49.83 26
49.84 29
49.85 26
49.86 19
49.87 18
49.88 17
49.89 17
49.9 13
49.91 14
49.92 6
49.93 1
49.94 0
49.95 0
49.96 0
49.97 0
49.98 0
49.99 0
50 0
50.01 0
50.02 2
50.03 4
50.04 8
50.05 12
50.06 16
50.07 19
50.08 22
50.09 27
50.1 29
50.11 33
50.12 17
50.13 17
50.14 17
50.15 18
50.16 4
50.17 4
50.18 0
50.19 0
50.2 0
50.21 0
50.22 0
50.23 0
50.24 0
50.25 0
50.26 0
50.27 0
50.28 0
50.29 2
50.3 3
50.31 10
50.32 13
50.33 16
50.34 22
50.35 28
50.36 32
50.37 35
50.38 17
50.39 18
50.4 18
50.41 18
50.42 14
50.43 12
50.44 5
50.45 5
50.46 3
50.47 0
50.48 0
50.49 0
50.5 0
50.51 0
50.52 0
50.53 1
50.54 5
50.55 10
50.56 15
50.57 18
50.58 22
50.59 26
50.6 31
50.61 17
50.62 16
50.63 17
50.64 17
50.65 14
50.66 5
50.67 1
50.68 0
50.69 0
50.7 0
50.71 0
50.72 0
50.73 0
50.74 0
50.75 0
50.76 0
50.77 0
50.78 2
50.79 6
50.8 11
50.81 16
50.82 19
50.83 23
50.84 27
50.85 31
50.86 34
50.87 23
50.88 19
50.89 19
50.9 19
50.91 19
50.92 16
50.93 7
50.94 7
50.95 0
50.96 0
50.97 0
50.98 0
50.99 0
51 0
51.01 0
51.02 0
51.03 0
51.04 4
51.05 8
51.06 9
51.07 15
51.08 19
51.09 23
51.1 25
51.11 30
51.12 29
51.13 19
51.14 17
51.15 18
51.16 17
51.17 14
51.18 2
51.19 0
51.2 0
51.21 0
51.22 0
51.23 0
51.24 0
51.25 0
51.26 0
51.27 0
51.28 0
51.29 0
51.3 4
51.31 7
51.32 10
51.33 15
51.34 19
51.35 22
51.36 23
51.37 27
51.38 33
51.39 17
51.4 17
51.41 17
51.42 18
51.43 11
51.44 5
51.45 0
51.46 0
51.47 0
51.48 0
51.49 0
51.5 0
51.51 0
51.52 0
51.53 0
51.54 0
51.55 0
51.56 2
51.57 5
51.58 8
51.59 12
51.6 16
51.61 21
51.62 23
51.63 28
51.64 30
51.65 22
51.66 18
51.67 18
51.68 18
51.69 13
51.7 3
51.71 3
51.72 0
51.73 0
51.74 0
51.75 0
51.76 0
51.77 0
51.78 0
51.79 0
51.8 0
51.81 0
51.82 0
51.83 0
51.84 1
51.85 4
51.86 7
51.87 13
51.88 17
51.89 21
51.9 25
51.91 29
51.92 33
51.93 25
51.94 18
51.95 18
51.96 19
51.97 18
51.98 15
51.99 14
52 6
52.01 0
52.02 0
52.03 0
52.04 0
52.05 0
52.06 0
52.07 0
52.08 0
52.09 0
52.1 2
52.11 6
52.12 11
52.13 15
52.14 19
52.15 21
52.16 25
52.17 30
52.18 33
52.19 18
52.2 20
52.21 19
52.22 18
52.23 12
52.24 8
52.25 5
52.26 0
52.27 0
52.28 0
52.29 0
52.3 0
52.31 0
52.32 0
52.33 0
52.34 2
52.35 4
52.36 8
52.37 12
52.38 15
52.39 24
52.4 26
52.41 30
52.42 28
52.43 16
52.44 17
52.45 17
52.46 16
52.47 6
52.48 2
52.49 0
52.5 0
52.51 0
52.52 0
52.53 0
52.54 0
52.55 0
52.56 0
52.57 0
52.58 3
52.59 9
52.6 12
52.61 16
52.62 20
52.63 24
52.64 27
52.65 30
52.66 16
52.67 16
52.68 16
52.69 16
52.7 17
52.71 9
52.72 0
52.73 0
52.74 0
52.75 0
52.76 0
52.77 0
52.78 0
52.79 0
52.8 0
52.81 2
52.82 6
52.83 7
52.84 9
52.85 13
52.86 18
52.87 21
52.88 24
52.89 27
52.9 32
52.91 31
52.92 18
52.93 18
52.94 19
52.95 18
52.96 13
52.97 2
52.98 0
52.99 0
53 0
53.01 0
53.02 0
53.03 0
53.04 0
53.05 0
53.06 0
53.07 0
53.08 0
53.09 0
53.1 4
53.11 8
53.12 12
53.13 14
53.14 18
53.15 23
53.16 26
53.17 30
53.18 31
53.19 17
53.2 18
53.21 17
53.22 17
53.23 13
53.24 0
53.25 0
53.26 0
53.27 0
53.28 0
53.29 0
53.3 0
53.31 0
53.32 0
53.33 0
53.34 0
53.35 0
53.36 0
53.37 0
53.38 0
53.39 0
53.4 0
53.41 5
53.42 8
53.43 12
53.44 15
53.45 18
53.46 23
53.47 25
53.48 29
53.49 32
53.5 19
53.51 18
53.52 19
53.53 20
53.54 14
53.55 4
53.56 7
53.57 6
53.58 0
53.59 0
53.6 0
53.61 0
53.62 0
53.63 0
53.64 0
53.65 2
53.66 5
53.67 10
53.68 14
53.69 17
53.7 20
53.71 26
53.72 28
53.73 32
53.74 34
53.75 18
53.76 18
53.77 19
53.78 20
53.79 5
53.8 0
53.81 0
53.82 0
53.83 0
53.84 0
53.85 0
53.86 0
53.87 0
53.88 0
53.89 0
53.9 0
53.91 0
53.92 0
53.93 0
53.94 0
53.95 2
53.96 5
53.97 8
53.98 14
53.99 16
54 19
54.01 26
54.02 28
54.03 32
54.04 30
54.05 17
54.06 17
54.07 17
54.08 18
54.09 16
54.1 14
54.11 17
54.12 1
54.13 0
54.14 0
54.15 0
54.16 0
54.17 0
54.18 0
54.19 0
54.2 0
54.21 3
54.22 8
54.23 10
54.24 14
54.25 18
54.26 23
54.27 24
54.28 28
54.29 32
54.3 28
54.31 18
54.32 19
54.33 18
54.34 18
54.35 8
54.36 4
54.37 0
54.38 0
54.39 0
54.4 0
54.41 0
54.42 0
54.43 0
54.44 0
54.45 0
54.46 0
54.47 0
54.48 0
54.49 0
54.5 0
54.51 2
54.52 6
54.53 11
54.54 16
54.55 19
54.56 23
54.57 26
54.58 28
54.59 30
54.6 18
54.61 18
54.62 17
54.63 17
54.64 16
54.65 13
54.66 1
54.67 4
54.68 0
54.69 0
54.7 0
54.71 0
54.72 0
54.73 0
54.74 0
54.75 0
54.76 0
54.77 0
54.78 2
54.79 7
54.8 11
54.81 16
54.82 19
54.83 25
54.84 29
54.85 33
54.86 23
54.87 17
54.88 17
54.89 17
54.9 15
54.91 4
54.92 0
54.93 0
54.94 0
54.95 0
54.96 0
54.97 0
54.98 0
54.99 0
55 0
55.01 0
55.02 3
55.03 7
55.04 11
55.05 15
55.06 18
55.07 21
55.08 26
55.09 29
55.1 33
55.11 17
55.12 17
55.13 17
55.14 17
55.15 6
55.16 6
55.17 1
55.18 0
55.19 0
55.2 0
55.21 0
55.22 0
55.23 0
55.24 0
55.25 0
55.26 2
55.27 5
55.28 9
55.29 12
55.3 16
55.31 19
55.32 23
55.33 27
55.34 28
55.35 33
55.36 20
55.37 21
55.38 18
55.39 19
55.4 18
55.41 14
55.42 14
55.43 8
55.44 4
55.45 4
55.46 0
55.47 0
55.48 0
55.49 0
55.5 0
55.51 0
55.52 3
55.53 7
55.54 8
55.55 11
55.56 15
55.57 20
55.58 22
55.59 24
55.6 29
55.61 32
55.62 18
55.63 18
55.64 17
55.65 17
55.66 7
55.67 4
55.68 0
55.69 0
55.7 0
55.71 0
55.72 0
55.73 0
55.74 0
55.75 0
55.76 0
55.77 6
55.78 8
55.79 11
55.8 15
55.81 20
55.82 23
55.83 24
55.84 29
55.85 32
55.86 18
55.87 19
55.88 18
55.89 19
55.9 16
55.91 14
55.92 3
55.93 0
55.94 0
55.95 0
55.96 0
55.97 0
55.98 0
55.99 0
56 0
56.01 0
56.02 5
56.03 10
56.04 11
56.05 17
56.06 23
56.07 25
56.08 29
56.09 33
56.1 16
56.11 17
56.12 17
56.13 17
56.14 12
56.15 4
56.16 1
56.17 0
56.18 0
56.19 0
56.2 0
56.21 0
56.22 0
56.23 0
56.24 1
56.25 4
56.26 10
56.27 13
56.28 16
56.29 19
56.3 22
56.31 25
56.32 28
56.33 33
56.34 18
56.35 18
56.36 19
56.37 19
56.38 10
56.39 8
56.4 5
56.41 1
56.42 0
56.43 0
56.44 0
56.45 0
56.46 0
56.47 0
56.48 0
56.49 0
56.5 0
56.51 4
56.52 5
56.53 10
56.54 12
56.55 16
56.56 21
56.57 24
56.58 28
56.59 30
56.6 16
56.61 16
56.62 17
56.63 16
56.64 16
56.65 14
56.66 10
56.67 5
56.68 0
56.69 0
56.7 0
56.71 0
56.72 0
56.73 0
56.74 0
56.75 0
56.76 0
56.77 0
56.78 0
56.79 3
56.8 7
56.81 9
56.82 12
56.83 15
56.84 20
56.85 23
56.86 26
56.87 29
56.88 33
56.89 18
56.9 17
56.91 19
56.92 18
56.93 11
56.94 0
56.95 0
56.96 0
56.97 0
56.98 0
56.99 0
57 0
57.01 0
57.02 0
57.03 0
57.04 0
57.05 0
57.06 0
57.07 0
57.08 2
57.09 5
57.1 10
57.11 13
57.12 16
57.13 20
57.14 22
57.15 24
57.16 27
57.17 32
57.18 17
57.19 18
57.2 18
57.21 18
57.22 16
57.23 12
57.24 8
57.25 2
57.26 0
57.27 0
57.28 0
57.29 0
57.3 0
57.31 0
57.32 0
57.33 0
57.34 6
57.35 9
57.36 13
57.37 18
57.38 24
57.39 26
57.4 28
57.41 28
57.42 17
57.43 16
57.44 16
57.45 17
57.46 5
57.47 0
57.48 0
57.49 0
57.5 0
57.51 0
57.52 0
57.53 0
57.54 0
57.55 0
57.56 0
57.57 0
57.58 0
57.59 2
57.6 8
57.61 10
57.62 14
57.63 16
57.64 25
57.65 27
57.66 31
57.67 35
57.68 18
57.69 18
57.7 20
57.71 19
57.72 12
57.73 4
57.74 5
57.75 0
57.76 0
57.77 0
57.78 0
57.79 0
57.8 0
57.81 0
57.82 4
57.83 8
57.84 10
57.85 15
57.86 19
57.87 21
57.88 25
57.89 27
57.9 29
57.91 21
57.92 19
57.93 18
57.94 18
57.95 13
57.96 16
57.97 1
57.98 0
57.99 0
58 0
58.01 0
58.02 0
58.03 0
58.04 0
58.05 0
58.06 0
58.07 0
58.08 0
58.09 4
58.1 8
58.11 12
58.12 17
58.13 21
58.14 23
58.15 29
58.16 33
58.17 21
58.18 17
58.19 18
58.2 18
58.21 15
58.22 9
58.23 1
58.24 0
58.25 0
58.26 0
58.27 0
58.28 0
58.29 0
58.3 0
58.31 0
58.32 0
58.33 0
58.34 0
58.35 0
58.36 0
58.37 0
58.38 0
58.39 0
58.4 0
58.41 0
58.42 0
58.43 0
58.44 0
58.45 0
58.46 0
58.47 0
58.48 0
58.49 0
58.5 0
58.51 0
58.52 0
58.53 0
58.54 0
58.55 0
58.56 0
58.57 0
58.58 0
58.59 0
58.6 0
58.61 0
58.62 0
58.63 0
58.64 0
58.65 0
58.66 0
58.67 0
58.68 0
58.69 0
58.7 0
58.71 0
58.72 0
58.73 0
58.74 0
58.75 0
58.76 0
58.77 0
58.78 0
58.79 0
58.8 0
58.81 0
58.82 0
58.83 0
58.84 0
58.85 0
58.86 0
58.87 0
58.88 0
58.89 0
58.9 0
58.91 0
58.92 0
58.93 0
58.94 0
58.95 0
58.96 0
58.97 0
58.98 0
58.99 0
59 0
59.01 0
59.02 0
59.03 0
59.04 0
59.05 0
59.06 0
59.07 0
59.08 0
59.09 0
59.1 0
59.11 0
59.12 0
59.13 0
59.14 0
59.15 0
59.16 0
59.17 0
59.18 0
59.19 0
59.2 0
59.21 0
59.22 0
59.23 0
59.24 0
59.25 0
59.26 0
59.27 0
59.28 0
59.29 0
59.3 0
59.31 0
59.32 0
59.33 0
59.34 0
59.35 0
59.36 0
59.37 0
59.38 0
59.39 0
59.4 0
59.41 0
59.42 0
59.43 0
59.44 0
59.45 0
59.46 0
59.47 0
59.48 0
59.49 0
59.5 0
59.51 0
59.52 0
59.53 0
59.54 0
59.55 0
59.56 0
59.57 0
59.58 0
59.59 0
59.6 0
59.61 0
59.62 0
59.63 0
59.64 0
59.65 0
59.66 0
59.67 0
59.68 0
59.69 0
59.7 0
59.71 0
59.72 0
59.73 0
59.74 0
59.75 0
59.76 0
59.77 0
59.78 0
59.79 0
59.8 0
59.81 0
59.82 0
59.83 0
59.84 0
59.85 0
59.86 0
59.87 0
59.88 0
59.89 0
59.9 0
59.91 0
59.92 0
59.93 0
59.94 0
59.95 0
59.96 0
59.97 0
59.98 0
59.99 0
60 0
60.01 0
60.02 0
60.03 0
60.04 0
60.05 0
60.06 0
60.07 0
60.08 0
60.09 0
60.1 0
60.11 0
60.12 0
60.13 0
60.14 0
60.15 0
60.16 0
60.17 0
60.18 0
60.19 0
60.2 0
60.21 0
60.22 0
60.23 0
60.24 0
60.25 0
60.26 0
60.27 0
60.28 0
60.29 0
60.3 0
60.31 0
60.32 0
60.33 0
60.34 0
60.35 0
60.36 0
60.37 0
60.38 0
60.39 0
60.4 0
60.41 0
60.42 0
60.43 0
60.44 0
60.45 0
60.46 0
60.47 0
60.48 0
60.49 0
60.5 0
60.51 0
60.52 0
60.53 0
60.54 0
60.55 0
60.56 0
60.57 0
60.58 0
60.59 0
60.6 0
60.61 0
60.62 0
60.63 0
60.64 0
60.65 0
60.66 0
60.67 0
60.68 0
60.69 0
60.7 0
60.71 0
60.72 0
60.73 0
60.74 0
60.75 0
60.76 0
60.77 0
60.78 0
60.79 0
60.8 0
60.81 0
60.82 0
60.83 0
60.84 0
60.85 0
60.86 0
60.87 0
60.88 0
60.89 0
60.9 0
60.91 0
60.92 0
60.93 0
60.94 0
60.95 0
60.96 0
60.97 0
60.98 0
60.99 0
61 0
61.01 0
61.02 0
61.03 0
61.04 0
61.05 0
61.06 0
61.07 0
61.08 0
61.09 0
61.1 0
61.11 0
61.12 0
61.13 0
61.14 0
61.15 0
61.16 0
61.17 0
61.18 0
61.19 0
61.2 0
61.21 0
61.22 0
61.23 0
61.24 0
61.25 0
61.26 0
61.27 0
61.28 0
61.29 0
61.3 0
61.31 0
61.32 0
61.33 0
61.34 0
61.35 0
61.36 0
61.37 0
61.38 0
61.39 0
61.4 0
61.41 0
61.42 0
61.43 0
61.44 0
61.45 0
61.46 0
61.47 0
61.48 0
61.49 0
61.5 0
61.51 0
61.52 0
61.53 0
61.54 0
61.55 0
61.56 0
61.57 0
61.58 0
61.59 0
61.6 0
61.61 0
61.62 0
61.63 0
61.64 0
61.65 0
61.66 0
61.67 0
61.68 0
61.69 0
61.7 0
61.71 0
61.72 0
61.73 0
61.74 0
61.75 0
61.76 0
61.77 0
61.78 0
61.79 0
61.8 0
61.81 0
61.82 0
61.83 0
61.84 0
61.85 0
61.86 0
61.87 0
61.88 0
61.89 0
61.9 0
61.91 0
61.92 0
61.93 0
61.94 0
61.95 0
61.96 0
61.97 0
61.98 0
61.99 0
62 0
62.01 0
62.02 0
62.03 0
62.04 0
62.05 0
62.06 0
62.07 0
62.08 0
62.09 0
62.1 0
62.11 0
62.12 0
62.13 0
62.14 0
62.15 0
62.16 0
62.17 0
62.18 0
62.19 0
62.2 0
62.21 0
62.22 0
62.23 0
62.24 0
62.25 0
62.26 0
62.27 0
62.28 0
62.29 0
62.3 0
62.31 0
62.32 0
62.33 0
62.34 0
62.35 0
62.36 0
62.37 0
62.38 0
62.39 0
62.4 0
62.41 0
62.42 0
62.43 0
62.44 0
62.45 0
62.46 0
62.47 0
62.48 0
62.49 0
62.5 0
62.51 0
62.52 0
62.53 0
62.54 0
62.55 0
62.56 0
62.57 0
62.58 0
62.59 0
62.6 0
62.61 0
62.62 0
62.63 0
62.64 0
62.65 0
62.66 0
62.67 0
62.68 0
62.69 0
62.7 0
62.71 0
62.72 0
62.73 0
62.74 0
62.75 0
62.76 0
62.77 0
62.78 0
62.79 0
62.8 0
62.81 0
62.82 0
62.83 0
62.84 0
62.85 0
62.86 0
62.87 0
62.88 0
62.89 0
62.9 0
62.91 0
62.92 0
62.93 0
62.94 0
62.95 0
62.96 0
62.97 0
62.98 0
62.99 0
