0 0
0.01 0
0.02 0
0.03 0
0.04 0
0.05 0
0.06 0
0.07 0
0.08 0
0.09 0
0.1 0
0.11 0
0.12 0
0.13 0
0.14 0
0.15 0
0.16 0
0.17 0
0.18 0
0.19 0
0.2 0
0.21 83
0.22 18
0.23 18
0.24 18
0.25 13
0.26 0
0.27 0
0.28 0
0.29 0
0.3 0
0.31 0
0.32 0
0.33 0
0.34 0
0.35 0
0.36 0
0.37 0
0.38 0
0.39 0
0.4 0
0.41 0
0.42 0
0.43 0
0.44 6
0.45 7
0.46 9
0.47 16
0.48 18
0.49 20
0.5 22
0.51 29
0.52 30
0.53 31
0.54 18
0.55 17
0.56 17
0.57 18
0.58 16
0.59 0
0.6 0
0.61 0
0.62 0
0.63 0
0.64 0
0.65 0
0.66 0
0.67 0
0.68 0
0.69 0
0.7 0
0.71 0
0.72 0
0.73 0
0.74 2
0.75 6
0.76 10
0.77 12
0.78 12
0.79 16
0.8 24
0.81 24
0.82 27
0.83 29
0.84 23
0.85 17
0.86 17
0.87 17
0.88 15
0.89 12
0.9 0
0.91 0
0.92 0
0.93 0
0.94 0
0.95 0
0.96 0
0.97 0
0.98 0
0.99 0
1 0
1.01 0
1.02 0
1.03 1
1.04 6
1.05 9
1.06 11
1.07 16
1.08 19
1.09 21
1.1 23
1.11 29
1.12 31
1.13 21
1.14 18
1.15 18
1.16 18
1.17 18
1.18 13
1.19 9
1.2 0
1.21 0
1.22 0
1.23 0
1.24 0
1.25 0
1.26 0
1.27 0
1.28 1
1.29 3
1.3 6
1.31 9
1.32 13
1.33 16
1.34 19
1.35 23
1.36 25
1.37 28
1.38 23
1.39 16
1.4 16
1.41 16
1.42 16
1.43 10
1.44 0
1.45 0
1.46 0
1.47 0
1.48 0
1.49 0
1.5 0
1.51 0
1.52 0
1.53 0
1.54 0
1.55 0
1.56 0
1.57 0
1.58 0
1.59 0
1.6 0
1.61 5
1.62 8
1.63 9
1.64 14
1.65 18
1.66 20
1.67 22
1.68 26
1.69 30
1.7 31
1.71 18
1.72 18
1.73 18
1.74 18
1.75 16
1.76 8
1.77 8
1.78 0
1.79 0
1.8 0
1.81 0
1.82 0
1.83 0
1.84 0
1.85 0
1.86 1
1.87 4
1.88 7
1.89 11
1.9 12
1.91 17
1.92 20
1.93 23
1.94 26
1.95 29
1.96 33
1.97 19
1.98 19
1.99 18
2 19
2.01 13
2.02 7
2.03 0
2.04 0
2.05 0
2.06 0
2.07 0
2.08 0
2.09 0
2.1 0
2.11 0
2.12 0
2.13 0
2.14 2
2.15 6
2.16 9
2.17 11
2.18 16
2.19 19
2.2 20
2.21 25
2.22 28
2.23 31
2.24 17
2.25 17
2.26 18
2.27 17
2.28 11
2.29 3
2.3 0
2.31 0
2.32 0
2.33 0
2.34 0
2.35 0
2.36 0
2.37 0
2.38 0
2.39 0
2.4 0
2.41 0
2.42 2
2.43 5
2.44 9
2.45 11
2.46 15
2.47 16
2.48 21
2.49 22
2.5 25
2.51 27
2.52 30
2.53 17
2.54 17
2.55 17
2.56 17
2.57 5
2.58 0
2.59 0
2.6 0
2.61 0
2.62 0
2.63 0
2.64 0
2.65 0
2.66 0
2.67 0
2.68 0
2.69 0
2.7 0
2.71 0
2.72 0
2.73 2
2.74 6
2.75 8
2.76 12
2.77 14
2.78 18
2.79 20
2.8 22
2.81 26
2.82 27
2.83 31
2.84 18
2.85 17
2.86 17
2.87 17
2.88 15
2.89 13
2.9 7
2.91 0
2.92 0
2.93 0
2.94 0
2.95 0
2.96 0
2.97 0
2.98 0
2.99 0
3 2
3.01 4
3.02 6
3.03 10
3.04 14
3.05 16
3.06 19
3.07 23
3.08 25
3.09 27
3.1 30
3.11 16
3.12 16
3.13 16
3.14 18
3.15 4
3.16 0
3.17 0
3.18 0
3.19 0
3.2 0
3.21 0
3.22 0
3.23 0
3.24 0
3.25 0
3.26 0
3.27 0
3.28 0
3.29 3
3.3 6
3.31 11
3.32 13
3.33 16
3.34 21
3.35 23
3.36 25
3.37 28
3.38 32
3.39 19
3.4 18
3.41 18
3.42 19
3.43 11
3.44 1
3.45 0
3.46 0
3.47 0
3.48 0
3.49 0
3.5 0
3.51 0
3.52 0
3.53 0
3.54 0
3.55 0
3.56 0
3.57 0
3.58 0
3.59 0
3.6 0
3.61 0
3.62 3
3.63 5
3.64 10
3.65 12
3.66 15
3.67 19
3.68 22
3.69 25
3.7 27
3.71 29
3.72 24
3.73 17
3.74 18
3.75 17
3.76 17
3.77 8
3.78 5
3.79 0
3.8 0
3.81 0
3.82 0
3.83 0
3.84 0
3.85 0
3.86 0
3.87 0
3.88 0
3.89 0
3.9 0
3.91 4
3.92 6
3.93 8
3.94 12
3.95 15
3.96 17
3.97 20
3.98 22
3.99 24
4 27
4.01 31
4.02 18
4.03 18
4.04 18
4.05 17
4.06 11
4.07 4
4.08 0
4.09 0
4.1 0
4.11 0
4.12 0
4.13 0
4.14 0
4.15 0
4.16 0
4.17 0
4.18 0
4.19 1
4.2 5
4.21 7
4.22 10
4.23 13
4.24 18
4.25 20
4.26 23
4.27 26
4.28 30
4.29 32
4.3 19
4.31 17
4.32 19
4.33 17
4.34 18
4.35 9
4.36 0
4.37 0
4.38 0
4.39 0
4.4 0
4.41 0
4.42 0
4.43 0
4.44 0
4.45 4
4.46 7
4.47 10
4.48 13
4.49 17
4.5 18
4.51 20
4.52 23
4.53 26
4.54 28
4.55 30
4.56 19
4.57 18
4.58 19
4.59 18
4.6 6
4.61 4
4.62 0
4.63 0
4.64 0
4.65 0
4.66 0
4.67 0
4.68 0
4.69 0
4.7 0
4.71 0
4.72 0
4.73 0
4.74 0
4.75 0
4.76 0
4.77 2
4.78 6
4.79 9
4.8 12
4.81 16
4.82 18
4.83 20
4.84 23
4.85 27
4.86 29
4.87 31
4.88 19
4.89 18
4.9 18
4.91 18
4.92 8
4.93 4
4.94 1
4.95 0
4.96 0
4.97 0
4.98 0
4.99 0
5 0
5.01 0
5.02 0
5.03 0
5.04 0
5.05 0
5.06 0
5.07 0
5.08 1
5.09 2
5.1 8
5.11 11
5.12 12
5.13 17
5.14 19
5.15 22
5.16 23
5.17 28
5.18 30
5.19 17
5.2 18
5.21 18
5.22 17
5.23 7
5.24 5
5.25 0
5.26 0
5.27 0
5.28 0
5.29 0
5.3 0
5.31 0
5.32 0
5.33 0
5.34 0
5.35 0
5.36 0
5.37 0
5.38 0
5.39 0
5.4 0
5.41 5
5.42 8
5.43 12
5.44 15
5.45 19
5.46 22
5.47 24
5.48 28
5.49 31
5.5 21
5.51 18
5.52 18
5.53 18
5.54 17
5.55 14
5.56 7
5.57 0
5.58 0
5.59 0
5.6 0
5.61 0
5.62 0
5.63 0
5.64 0
5.65 0
5.66 0
5.67 0
5.68 0
5.69 0
5.7 0
5.71 1
5.72 4
5.73 7
5.74 12
5.75 14
5.76 18
5.77 21
5.78 24
5.79 27
5.8 31
5.81 34
5.82 19
5.83 19
5.84 18
5.85 19
5.86 15
5.87 7
5.88 0
5.89 0
5.9 0
5.91 0
5.92 0
5.93 0
5.94 0
5.95 0
5.96 0
5.97 0
5.98 0
5.99 0
6 0
6.01 0
6.02 2
6.03 7
6.04 9
6.05 12
6.06 14
6.07 17
6.08 19
6.09 23
6.1 25
6.11 28
6.12 30
6.13 17
6.14 17
6.15 18
6.16 18
6.17 17
6.18 11
6.19 14
6.2 10
6.21 8
6.22 3
6.23 2
6.24 0
6.25 0
6.26 2
6.27 4
6.28 6
6.29 9
6.3 11
6.31 13
6.32 17
6.33 20
6.34 23
6.35 26
6.36 28
6.37 16
6.38 17
6.39 17
6.4 16
6.41 8
6.42 0
6.43 0
6.44 0
6.45 0
6.46 0
6.47 0
6.48 0
6.49 0
6.5 0
6.51 0
6.52 0
6.53 0
6.54 0
6.55 0
6.56 0
6.57 2
6.58 4
6.59 7
6.6 10
6.61 14
6.62 17
6.63 20
6.64 22
6.65 25
6.66 27
6.67 29
6.68 18
6.69 17
6.7 18
6.71 17
6.72 11
6.73 1
6.74 0
6.75 0
6.76 0
6.77 0
6.78 0
6.79 0
6.8 0
6.81 0
6.82 0
6.83 0
6.84 0
6.85 0
6.86 0
6.87 0
6.88 0
6.89 2
6.9 7
6.91 11
6.92 13
6.93 17
6.94 20
6.95 24
6.96 26
6.97 29
6.98 32
6.99 18
7 18
7.01 19
7.02 19
7.03 14
7.04 10
7.05 5
7.06 0
7.07 0
7.08 0
7.09 0
7.1 0
7.11 0
7.12 0
7.13 0
7.14 0
7.15 0
7.16 0
7.17 0
7.18 1
7.19 6
7.2 7
7.21 12
7.22 15
7.23 17
7.24 19
7.25 23
7.26 27
7.27 30
7.28 17
7.29 16
7.3 16
7.31 18
7.32 12
7.33 0
7.34 0
7.35 0
7.36 0
7.37 0
7.38 0
7.39 0
7.4 0
7.41 0
7.42 0
7.43 0
7.44 0
7.45 0
7.46 2
7.47 4
7.48 9
7.49 12
7.5 13
7.51 18
7.52 21
7.53 24
7.54 26
7.55 28
7.56 31
7.57 17
7.58 18
7.59 17
7.6 17
7.61 7
7.62 8
7.63 5
7.64 0
7.65 0
7.66 0
7.67 0
7.68 0
7.69 0
7.7 0
7.71 0
7.72 0
7.73 0
7.74 0
7.75 3
7.76 7
7.77 9
7.78 11
7.79 16
7.8 19
7.81 22
7.82 24
7.83 27
7.84 29
7.85 31
7.86 19
7.87 18
7.88 18
7.89 18
7.9 9
7.91 7
7.92 0
7.93 0
7.94 0
7.95 0
7.96 0
7.97 0
7.98 0
7.99 0
8 0
8.01 0
8.02 0
8.03 0
8.04 0
8.05 5
8.06 7
8.07 10
8.08 13
8.09 16
8.1 19
8.11 21
8.12 24
8.13 27
8.14 29
8.15 29
8.16 20
8.17 18
8.18 18
8.19 18
8.2 12
8.21 1
8.22 0
8.23 0
8.24 0
8.25 0
8.26 0
8.27 0
8.28 0
8.29 0
8.3 0
8.31 0
8.32 0
8.33 0
8.34 0
8.35 0
8.36 2
8.37 5
8.38 8
8.39 11
8.4 13
8.41 17
8.42 20
8.43 23
8.44 26
8.45 28
8.46 31
8.47 18
8.48 21
8.49 19
8.5 18
8.51 15
8.52 17
8.53 16
8.54 17
8.55 11
8.56 8
8.57 0
8.58 0
8.59 0
8.6 0
8.61 0
8.62 0
8.63 0
8.64 0
8.65 0
8.66 0
8.67 0
8.68 2
8.69 6
8.7 8
8.71 10
8.72 13
8.73 18
8.74 19
8.75 23
8.76 26
8.77 29
8.78 31
8.79 17
8.8 18
8.81 17
8.82 17
8.83 15
8.84 8
8.85 2
8.86 0
8.87 0
8.88 0
8.89 0
8.9 0
8.91 0
8.92 0
8.93 0
8.94 0
8.95 2
8.96 4
8.97 7
8.98 9
8.99 13
9 16
9.01 18
9.02 22
9.03 24
9.04 25
9.05 27
9.06 28
9.07 19
9.08 17
9.09 17
9.1 18
9.11 14
9.12 6
9.13 0
9.14 0
9.15 0
9.16 0
9.17 0
9.18 0
9.19 0
9.2 0
9.21 0
9.22 0
9.23 0
9.24 0
9.25 0
9.26 0
9.27 0
9.28 0
9.29 3
9.3 4
9.31 8
9.32 11
9.33 13
9.34 15
9.35 17
9.36 20
9.37 21
9.38 24
9.39 25
9.4 27
9.41 16
9.42 16
9.43 17
9.44 16
9.45 6
9.46 0
9.47 0
9.48 0
9.49 0
9.5 0
9.51 0
9.52 0
9.53 0
9.54 0
9.55 0
9.56 0
9.57 0
9.58 0
9.59 0
9.6 0
9.61 1
9.62 4
9.63 7
9.64 9
9.65 11
9.66 15
9.67 17
9.68 20
9.69 23
9.7 26
9.71 29
9.72 30
9.73 18
9.74 18
9.75 18
9.76 18
9.77 8
9.78 6
9.79 1
9.8 0
9.81 0
9.82 0
9.83 0
9.84 0
9.85 0
9.86 0
9.87 0
9.88 0
9.89 0
9.9 0
9.91 0
9.92 0
9.93 0
9.94 2
9.95 7
9.96 9
9.97 12
9.98 14
9.99 17
10 19
10.01 22
10.02 26
10.03 28
10.04 29
10.05 17
10.06 17
10.07 17
10.08 17
10.09 17
10.1 15
10.11 11
10.12 2
10.13 0
10.14 0
10.15 0
10.16 0
10.17 0
10.18 0
10.19 0
10.2 0
10.21 0
10.22 1
10.23 4
10.24 7
10.25 9
10.26 14
10.27 16
10.28 19
10.29 23
10.3 26
10.31 28
10.32 31
10.33 17
10.34 18
10.35 17
10.36 18
10.37 5
10.38 4
10.39 0
10.4 0
10.41 0
10.42 0
10.43 0
10.44 0
10.45 0
10.46 0
10.47 0
10.48 0
10.49 0
10.5 0
10.51 1
10.52 5
10.53 7
10.54 8
10.55 13
10.56 15
10.57 18
10.58 22
10.59 26
10.6 28
10.61 30
10.62 17
10.63 18
10.64 18
10.65 18
10.66 17
10.67 18
10.68 3
10.69 0
10.7 0
10.71 0
10.72 0
10.73 0
10.74 0
10.75 0
10.76 0
10.77 0
10.78 0
10.79 0
10.8 0
10.81 0
10.82 0
10.83 2
10.84 6
10.85 9
10.86 12
10.87 16
10.88 18
10.89 22
10.9 24
10.91 28
10.92 29
10.93 20
10.94 17
10.95 18
10.96 17
10.97 12
10.98 0
10.99 0
11 0
11.01 0
11.02 0
11.03 0
11.04 0
11.05 0
11.06 0
11.07 0
11.08 0
11.09 0
11.1 0
11.11 0
11.12 2
11.13 5
11.14 9
11.15 10
11.16 14
11.17 16
11.18 18
11.19 22
11.2 26
11.21 27
11.22 29
11.23 27
11.24 20
11.25 18
11.26 19
11.27 18
11.28 3
11.29 0
11.3 0
11.31 0
11.32 0
11.33 0
11.34 0
11.35 0
11.36 0
11.37 0
11.38 0
11.39 0
11.4 0
11.41 0
11.42 0
11.43 0
11.44 1
11.45 5
11.46 7
11.47 10
11.48 13
11.49 15
11.5 19
11.51 21
11.52 24
11.53 27
11.54 29
11.55 31
11.56 19
11.57 19
11.58 18
11.59 18
11.6 13
11.61 2
11.62 0
11.63 0
11.64 0
11.65 0
11.66 0
11.67 0
11.68 0
11.69 0
11.7 0
11.71 0
11.72 0
11.73 0
11.74 0
11.75 3
11.76 6
11.77 10
11.78 12
11.79 15
11.8 18
11.81 21
11.82 24
11.83 27
11.84 29
11.85 32
11.86 20
11.87 18
11.88 19
11.89 20
11.9 8
11.91 8
11.92 0
11.93 0
11.94 0
11.95 0
11.96 0
11.97 0
11.98 0
11.99 0
12 0
12.01 0
12.02 0
12.03 1
12.04 3
12.05 5
12.06 8
12.07 9
12.08 12
12.09 15
12.1 18
12.11 20
12.12 21
12.13 24
12.14 26
12.15 29
12.16 18
12.17 19
12.18 17
12.19 17
12.2 11
12.21 3
12.22 0
12.23 0
12.24 0
12.25 0
12.26 0
12.27 0
12.28 0
12.29 0
12.3 0
12.31 0
12.32 0
12.33 0
12.34 0
12.35 0
12.36 0
12.37 0
12.38 0
12.39 3
12.4 5
12.41 7
12.42 11
12.43 13
12.44 17
12.45 18
12.46 22
12.47 23
12.48 26
12.49 28
12.5 27
12.51 18
12.52 17
12.53 18
12.54 17
12.55 10
12.56 0
12.57 0
12.58 0
12.59 0
12.6 0
12.61 0
12.62 0
12.63 0
12.64 0
12.65 0
12.66 0
12.67 0
12.68 0
12.69 2
12.7 5
12.71 8
12.72 12
12.73 14
12.74 17
12.75 20
12.76 23
12.77 26
12.78 29
12.79 31
12.8 17
12.81 17
12.82 18
12.83 18
12.84 17
12.85 8
12.86 2
12.87 0
12.88 0
12.89 0
12.9 0
12.91 0
12.92 0
12.93 0
12.94 0
12.95 0
12.96 0
12.97 0
12.98 4
12.99 7
13 9
13.01 12
13.02 15
13.03 19
13.04 21
13.05 25
13.06 27
13.07 31
13.08 18
13.09 17
13.1 17
13.11 17
13.12 9
13.13 4
13.14 7
13.15 0
13.16 0
13.17 0
13.18 0
13.19 0
13.2 0
13.21 0
13.22 0
13.23 0
13.24 0
13.25 0
13.26 0
13.27 0
13.28 1
13.29 4
13.3 9
13.31 11
13.32 14
13.33 18
13.34 21
13.35 23
13.36 26
13.37 30
13.38 27
13.39 18
13.4 17
13.41 17
13.42 17
13.43 5
13.44 0
13.45 0
13.46 0
13.47 0
13.48 0
13.49 0
13.5 0
13.51 0
13.52 0
13.53 0
13.54 0
13.55 0
13.56 0
13.57 2
13.58 4
13.59 7
13.6 9
13.61 12
13.62 15
13.63 19
13.64 21
13.65 23
13.66 27
13.67 29
13.68 18
13.69 19
13.7 18
13.71 17
13.72 12
13.73 0
13.74 0
13.75 0
13.76 0
13.77 0
13.78 0
13.79 0
13.8 0
13.81 0
13.82 0
13.83 0
13.84 0
13.85 0
13.86 0
13.87 0
13.88 0
13.89 0
13.9 0
13.91 0
13.92 3
13.93 5
13.94 8
13.95 12
13.96 14
13.97 15
13.98 19
13.99 22
14 25
14.01 26
14.02 30
14.03 17
14.04 17
14.05 18
14.06 18
14.07 10
14.08 5
14.09 0
14.1 0
14.11 0
14.12 0
14.13 0
14.14 0
14.15 0
14.16 0
14.17 0
14.18 0
14.19 0
14.2 0
14.21 1
14.22 3
14.23 5
14.24 8
14.25 11
14.26 16
14.27 19
14.28 21
14.29 23
14.3 26
14.31 29
14.32 32
14.33 19
14.34 18
14.35 18
14.36 19
14.37 10
14.38 2
14.39 1
14.4 0
14.41 0
14.42 0
14.43 0
14.44 0
14.45 0
14.46 0
14.47 2
14.48 5
14.49 9
14.5 13
14.51 15
14.52 18
14.53 23
14.54 25
14.55 27
14.56 16
14.57 16
14.58 16
14.59 17
14.6 9
14.61 0
14.62 0
14.63 0
14.64 0
14.65 0
14.66 0
14.67 0
14.68 0
14.69 0
14.7 0
14.71 0
14.72 0
14.73 0
14.74 0
14.75 3
14.76 7
14.77 9
14.78 11
14.79 16
14.8 17
14.81 21
14.82 24
14.83 27
14.84 29
14.85 25
14.86 18
14.87 17
14.88 18
14.89 18
14.9 17
14.91 10
14.92 2
14.93 0
14.94 0
14.95 0
14.96 0
14.97 0
14.98 0
14.99 0
15 0
15.01 0
15.02 0
15.03 0
15.04 0
15.05 0
15.06 2
15.07 3
15.08 8
15.09 11
15.1 14
15.11 17
15.12 19
15.13 22
15.14 24
15.15 28
15.16 30
15.17 18
15.18 17
15.19 18
15.2 18
15.21 12
15.22 12
15.23 12
15.24 6
15.25 0
15.26 0
15.27 0
15.28 0
15.29 0
15.3 0
15.31 0
15.32 0
15.33 0
15.34 0
15.35 0
15.36 0
15.37 0
15.38 2
15.39 4
15.4 6
15.41 10
15.42 13
15.43 15
15.44 18
15.45 21
15.46 25
15.47 27
15.48 30
15.49 17
15.5 17
15.51 17
15.52 18
15.53 13
15.54 8
15.55 10
15.56 1
15.57 0
15.58 0
15.59 0
15.6 0
15.61 0
15.62 0
15.63 0
15.64 0
15.65 0
15.66 0
15.67 0
15.68 1
15.69 6
15.7 6
15.71 8
15.72 12
15.73 15
15.74 18
15.75 22
15.76 26
15.77 27
15.78 30
15.79 18
15.8 17
15.81 17
15.82 18
15.83 11
15.84 3
15.85 0
15.86 0
15.87 0
15.88 0
15.89 0
15.9 0
15.91 0
15.92 0
15.93 0
15.94 0
15.95 0
15.96 0
15.97 0
15.98 0
15.99 0
16 2
16.01 4
16.02 7
16.03 12
16.04 14
16.05 17
16.06 21
16.07 24
16.08 26
16.09 26
16.1 29
16.11 17
16.12 18
16.13 17
16.14 17
16.15 18
16.16 3
16.17 0
16.18 0
16.19 0
16.2 0
16.21 0
16.22 0
16.23 0
16.24 0
16.25 0
16.26 0
16.27 2
16.28 5
16.29 6
16.3 8
16.31 12
16.32 15
16.33 18
16.34 21
16.35 24
16.36 26
16.37 28
16.38 31
16.39 19
16.4 18
16.41 18
16.42 18
16.43 6
16.44 3
16.45 0
16.46 0
16.47 0
16.48 0
16.49 0
16.5 0
16.51 0
16.52 0
16.53 0
16.54 0
16.55 0
16.56 0
16.57 0
16.58 2
16.59 4
16.6 7
16.61 12
16.62 13
16.63 14
16.64 18
16.65 21
16.66 23
16.67 25
16.68 28
16.69 19
16.7 17
16.71 18
16.72 18
16.73 11
16.74 8
16.75 0
16.76 0
16.77 0
16.78 0
16.79 0
16.8 0
16.81 0
16.82 0
16.83 0
16.84 0
16.85 0
16.86 0
16.87 0
16.88 0
16.89 0
16.9 0
16.91 0
16.92 1
16.93 2
16.94 6
16.95 10
16.96 11
16.97 14
16.98 18
16.99 22
17 23
17.01 26
17.02 29
17.03 30
17.04 18
17.05 17
17.06 18
17.07 18
17.08 4
17.09 0
17.1 0
17.11 0
17.12 0
17.13 0
17.14 0
17.15 0
17.16 0
17.17 0
17.18 0
17.19 0
17.2 0
17.21 0
17.22 1
17.23 4
17.24 6
17.25 10
17.26 12
17.27 15
17.28 20
17.29 23
17.3 25
17.31 28
17.32 31
17.33 16
17.34 17
17.35 18
17.36 16
17.37 8
17.38 5
17.39 6
17.4 0
17.41 1
17.42 0
17.43 0
17.44 0
17.45 0
17.46 0
17.47 0
17.48 3
17.49 6
17.5 10
17.51 12
17.52 15
17.53 18
17.54 22
17.55 24
17.56 26
17.57 22
17.58 16
17.59 16
17.6 16
17.61 13
17.62 11
17.63 11
17.64 12
17.65 0
17.66 0
17.67 0
17.68 0
17.69 0
17.7 0
17.71 0
17.72 0
17.73 1
17.74 5
17.75 6
17.76 9
17.77 12
17.78 17
17.79 19
17.8 21
17.81 24
17.82 28
17.83 30
17.84 18
17.85 17
17.86 17
17.87 17
17.88 12
17.89 6
17.9 0
17.91 0
17.92 0
17.93 0
17.94 0
17.95 0
17.96 0
17.97 0
17.98 0
17.99 0
18 0
18.01 0
18.02 0
18.03 2
18.04 5
18.05 8
18.06 11
18.07 15
18.08 17
18.09 20
18.1 24
18.11 27
18.12 29
18.13 26
18.14 17
18.15 17
18.16 18
18.17 19
18.18 16
18.19 2
18.2 0
18.21 0
18.22 0
18.23 0
18.24 0
18.25 0
18.26 0
18.27 0
18.28 0
18.29 4
18.3 6
18.31 9
18.32 13
18.33 16
18.34 19
18.35 22
18.36 25
18.37 29
18.38 17
18.39 16
18.4 17
18.41 18
18.42 9
18.43 8
18.44 7
18.45 5
18.46 1
18.47 0
18.48 0
18.49 0
18.5 0
18.51 0
18.52 0
18.53 1
18.54 4
18.55 9
18.56 10
18.57 13
18.58 17
18.59 21
18.6 22
18.61 25
18.62 30
18.63 33
18.64 19
18.65 18
18.66 18
18.67 19
18.68 12
18.69 7
18.7 6
18.71 0
18.72 0
18.73 0
18.74 0
18.75 0
18.76 0
18.77 0
18.78 1
18.79 6
18.8 9
18.81 12
18.82 14
18.83 16
18.84 18
18.85 21
18.86 24
18.87 28
18.88 21
18.89 17
18.9 17
18.91 17
18.92 13
18.93 3
18.94 0
18.95 0
18.96 0
18.97 0
18.98 0
18.99 0
19 0
19.01 0
19.02 0
19.03 0
19.04 0
19.05 0
19.06 0
19.07 0
19.08 0
19.09 3
19.1 7
19.11 10
19.12 13
19.13 15
19.14 18
19.15 20
19.16 22
19.17 24
19.18 27
19.19 23
19.2 16
19.21 17
19.22 16
19.23 13
19.24 7
19.25 2
19.26 0
19.27 0
19.28 0
19.29 0
19.3 0
19.31 0
19.32 3
19.33 5
19.34 7
19.35 10
19.36 13
19.37 16
19.38 19
19.39 21
19.4 24
19.41 26
19.42 29
19.43 17
19.44 17
19.45 18
19.46 17
19.47 8
19.48 0
19.49 0
19.5 0
19.51 0
19.52 0
19.53 0
19.54 0
19.55 0
19.56 0
19.57 0
19.58 0
19.59 0
19.6 0
19.61 0
19.62 2
19.63 5
19.64 8
19.65 11
19.66 14
19.67 17
19.68 20
19.69 23
19.7 26
19.71 27
19.72 29
19.73 17
19.74 17
19.75 17
19.76 17
19.77 10
19.78 5
19.79 4
19.8 0
19.81 0
19.82 0
19.83 0
19.84 0
19.85 0
19.86 0
19.87 0
19.88 0
19.89 0
19.9 0
19.91 0
19.92 3
19.93 5
19.94 7
19.95 13
19.96 16
19.97 18
19.98 22
19.99 26
20 28
20.01 30
20.02 20
20.03 19
20.04 17
20.05 18
20.06 15
20.07 17
20.08 14
20.09 8
20.1 1
20.11 0
20.12 0
20.13 0
20.14 0
20.15 0
20.16 0
20.17 2
20.18 5
20.19 8
20.2 13
20.21 16
20.22 17
20.23 22
20.24 24
20.25 27
20.26 16
20.27 15
20.28 15
20.29 15
20.3 16
20.31 9
20.32 0
20.33 0
20.34 0
20.35 0
20.36 0
20.37 0
20.38 0
20.39 0
20.4 0
20.41 0
20.42 0
20.43 0
20.44 0
20.45 0
20.46 0
20.47 2
20.48 6
20.49 8
20.5 11
20.51 17
20.52 19
20.53 21
20.54 25
20.55 28
20.56 31
20.57 22
20.58 17
20.59 17
20.6 17
20.61 13
20.62 4
20.63 0
20.64 0
20.65 0
20.66 0
20.67 0
20.68 0
20.69 0
20.7 0
20.71 0
20.72 0
20.73 0
20.74 0
20.75 0
20.76 0
20.77 0
20.78 0
20.79 3
20.8 5
20.81 10
20.82 12
20.83 14
20.84 18
20.85 21
20.86 24
20.87 26
20.88 30
20.89 25
20.9 18
20.91 17
20.92 19
20.93 16
20.94 5
20.95 0
20.96 0
20.97 0
20.98 0
20.99 0
21 0
21.01 0
21.02 0
21.03 1
21.04 5
21.05 7
21.06 11
21.07 14
21.08 17
21.09 20
21.1 23
21.11 27
21.12 29
21.13 32
21.14 19
21.15 19
21.16 19
21.17 18
21.18 16
21.19 4
21.2 1
21.21 0
21.22 0
21.23 0
21.24 0
21.25 0
21.26 0
21.27 0
21.28 0
21.29 0
21.3 0
21.31 0
21.32 0
21.33 1
21.34 3
21.35 5
21.36 10
21.37 13
21.38 14
21.39 17
21.4 19
21.41 22
21.42 25
21.43 29
21.44 31
21.45 17
21.46 17
21.47 18
21.48 18
21.49 17
21.5 14
21.51 9
21.52 0
21.53 0
21.54 0
21.55 0
21.56 0
21.57 0
21.58 0
21.59 0
21.6 0
21.61 0
21.62 2
21.63 4
21.64 7
21.65 10
21.66 12
21.67 16
21.68 19
21.69 20
21.7 24
21.71 27
21.72 30
21.73 24
21.74 19
21.75 19
21.76 18
21.77 16
21.78 7
21.79 2
21.8 0
21.81 0
21.82 0
21.83 0
21.84 0
21.85 0
21.86 0
21.87 0
21.88 0
21.89 0
21.9 0
21.91 0
21.92 0
21.93 4
21.94 6
21.95 9
21.96 13
21.97 16
21.98 19
21.99 21
22 25
22.01 27
22.02 29
22.03 18
22.04 18
22.05 18
22.06 19
22.07 9
22.08 5
22.09 4
22.1 0
22.11 0
22.12 0
22.13 0
22.14 0
22.15 0
22.16 0
22.17 0
22.18 0
22.19 0
22.2 0
22.21 0
22.22 0
22.23 0
22.24 0
22.25 2
22.26 6
22.27 10
22.28 13
22.29 15
22.3 17
22.31 22
22.32 23
22.33 26
22.34 31
22.35 19
22.36 17
22.37 17
22.38 17
22.39 18
22.4 15
22.41 12
22.42 11
22.43 3
22.44 0
22.45 0
22.46 0
22.47 0
22.48 0
22.49 0
22.5 0
22.51 0
22.52 0
22.53 0
22.54 0
22.55 1
22.56 5
22.57 9
22.58 12
22.59 14
22.6 17
22.61 20
22.62 23
22.63 25
22.64 28
22.65 26
22.66 18
22.67 17
22.68 18
22.69 17
22.7 12
22.71 0
22.72 0
22.73 0
22.74 0
22.75 0
22.76 0
22.77 0
22.78 0
22.79 0
22.8 0
22.81 0
22.82 0
22.83 2
22.84 5
22.85 7
22.86 10
22.87 11
22.88 15
22.89 17
22.9 20
22.91 22
22.92 24
22.93 25
22.94 28
22.95 18
22.96 17
22.97 18
22.98 17
22.99 18
23 17
23.01 11
23.02 0
23.03 0
23.04 0
23.05 0
23.06 0
23.07 0
23.08 0
23.09 0
23.1 0
23.11 0
23.12 0
23.13 0
23.14 0
23.15 0
23.16 0
23.17 0
23.18 0
23.19 0
23.2 1
23.21 4
23.22 7
23.23 11
23.24 13
23.25 18
23.26 20
23.27 24
23.28 25
23.29 28
23.3 31
23.31 17
23.32 17
23.33 17
23.34 19
23.35 17
23.36 11
23.37 2
23.38 3
23.39 1
23.4 0
23.41 0
23.42 0
23.43 0
23.44 0
23.45 0
23.46 2
23.47 4
23.48 7
23.49 10
23.5 14
23.51 16
23.52 19
23.53 23
23.54 25
23.55 28
23.56 30
23.57 17
23.58 17
23.59 17
23.6 18
23.61 14
23.62 7
23.63 0
23.64 0
23.65 0
23.66 0
23.67 0
23.68 0
23.69 0
23.7 0
23.71 0
23.72 0
23.73 1
23.74 3
23.75 7
23.76 11
23.77 13
23.78 17
23.79 19
23.8 22
23.81 24
23.82 28
23.83 27
23.84 16
23.85 16
23.86 16
23.87 16
23.88 0
23.89 0
23.9 0
23.91 0
23.92 0
23.93 0
23.94 0
23.95 0
23.96 0
23.97 0
23.98 0
23.99 0
24 0
24.01 0
24.02 0
24.03 0
24.04 0
24.05 0
24.06 2
24.07 5
24.08 7
24.09 10
24.1 13
24.11 14
24.12 18
24.13 20
24.14 23
24.15 26
24.16 28
24.17 33
24.18 18
24.19 18
24.2 18
24.21 18
24.22 13
24.23 3
24.24 0
24.25 0
24.26 0
24.27 0
24.28 0
24.29 0
24.3 0
24.31 0
24.32 0
24.33 0
24.34 0
24.35 0
24.36 0
24.37 3
24.38 5
24.39 8
24.4 9
24.41 12
24.42 15
24.43 18
24.44 21
24.45 23
24.46 25
24.47 29
24.48 17
24.49 17
24.5 17
24.51 19
24.52 17
24.53 8
24.54 7
24.55 3
24.56 0
24.57 0
24.58 0
24.59 0
24.6 0
24.61 0
24.62 0
24.63 0
24.64 0
24.65 0
24.66 0
24.67 0
24.68 0
24.69 1
24.7 5
24.71 8
24.72 12
24.73 15
24.74 17
24.75 20
24.76 23
24.77 27
24.78 29
24.79 32
24.8 17
24.81 17
24.82 18
24.83 17
24.84 12
24.85 5
24.86 0
24.87 0
24.88 0
24.89 0
24.9 0
24.91 0
24.92 0
24.93 0
24.94 0
24.95 0
24.96 0
24.97 0
24.98 1
24.99 4
25 7
25.01 9
25.02 14
25.03 16
25.04 19
25.05 23
25.06 26
25.07 29
25.08 30
25.09 19
25.1 17
25.11 18
25.12 17
25.13 13
25.14 7
25.15 0
25.16 0
25.17 0
25.18 0
25.19 0
25.2 0
25.21 0
25.22 0
25.23 0
25.24 0
25.25 0
25.26 0
25.27 0
25.28 0
25.29 0
25.3 0
25.31 0
25.32 2
25.33 5
25.34 9
25.35 11
25.36 15
25.37 18
25.38 21
25.39 22
25.4 26
25.41 28
25.42 31
25.43 18
25.44 18
25.45 17
25.46 18
25.47 11
25.48 14
25.49 4
25.5 0
25.51 0
25.52 0
25.53 0
25.54 0
25.55 0
25.56 0
25.57 0
25.58 0
25.59 0
25.6 0
25.61 0
25.62 2
25.63 6
25.64 8
25.65 11
25.66 14
25.67 16
25.68 20
25.69 23
25.7 25
25.71 28
25.72 19
25.73 18
25.74 16
25.75 16
25.76 15
25.77 12
25.78 6
25.79 0
25.8 0
25.81 0
25.82 0
25.83 0
25.84 0
25.85 0
25.86 0
25.87 0
25.88 0
25.89 0
25.9 0
25.91 0
25.92 0
25.93 2
25.94 6
25.95 9
25.96 11
25.97 14
25.98 18
25.99 19
26 22
26.01 26
26.02 29
26.03 31
26.04 18
26.05 18
26.06 18
26.07 19
26.08 18
26.09 16
26.1 3
26.11 0
26.12 0
26.13 0
26.14 0
26.15 0
26.16 0
26.17 0
26.18 0
26.19 0
26.2 0
26.21 0
26.22 0
26.23 0
26.24 2
26.25 5
26.26 7
26.27 12
26.28 15
26.29 17
26.3 19
26.31 23
26.32 26
26.33 29
26.34 24
26.35 17
26.36 17
26.37 20
26.38 15
26.39 0
26.4 0
26.41 0
26.42 0
26.43 0
26.44 0
26.45 0
26.46 0
26.47 0
26.48 0
26.49 0
26.5 0
26.51 0
26.52 0
26.53 0
26.54 0
26.55 2
26.56 5
26.57 9
26.58 12
26.59 15
26.6 19
26.61 20
26.62 23
26.63 25
26.64 29
26.65 31
26.66 18
26.67 17
26.68 17
26.69 17
26.7 7
26.71 7
26.72 0
26.73 0
26.74 0
26.75 0
26.76 0
26.77 0
26.78 0
26.79 0
26.8 0
26.81 0
26.82 0
26.83 0
26.84 0
26.85 0
26.86 1
26.87 4
26.88 8
26.89 11
26.9 13
26.91 18
26.92 20
26.93 23
26.94 26
26.95 28
26.96 29
26.97 18
26.98 20
26.99 20
27 18
27.01 10
27.02 0
27.03 0
27.04 0
27.05 0
27.06 0
27.07 0
27.08 0
27.09 0
27.1 0
27.11 0
27.12 0
27.13 0
27.14 0
27.15 0
27.16 0
27.17 0
27.18 0
27.19 2
27.2 5
27.21 7
27.22 10
27.23 14
27.24 16
27.25 19
27.26 22
27.27 24
27.28 28
27.29 31
27.3 18
27.31 19
27.32 20
27.33 19
27.34 18
27.35 17
27.36 10
27.37 12
27.38 3
27.39 0
27.4 0
27.41 0
27.42 0
27.43 0
27.44 0
27.45 0
27.46 0
27.47 4
27.48 7
27.49 11
27.5 14
27.51 17
27.52 20
27.53 21
27.54 23
27.55 26
27.56 16
27.57 17
27.58 15
27.59 15
27.6 12
27.61 13
27.62 4
27.63 0
27.64 0
27.65 0
27.66 0
27.67 0
27.68 0
27.69 0
27.7 0
27.71 0
27.72 0
27.73 0
27.74 0
27.75 3
27.76 6
27.77 10
27.78 13
27.79 17
27.8 20
27.81 23
27.82 27
27.83 29
27.84 33
27.85 18
27.86 18
27.87 18
27.88 19
27.89 13
27.9 10
27.91 2
27.92 0
27.93 0
27.94 0
27.95 0
27.96 0
27.97 0
27.98 0
27.99 0
28 0
28.01 1
28.02 3
28.03 5
28.04 8
28.05 12
28.06 15
28.07 18
28.08 22
28.09 24
28.1 26
28.11 28
28.12 32
28.13 19
28.14 19
28.15 19
28.16 18
28.17 11
28.18 0
28.19 0
28.2 0
28.21 0
28.22 0
28.23 0
28.24 0
28.25 0
28.26 0
28.27 0
28.28 0
28.29 0
28.3 0
28.31 0
28.32 1
28.33 5
28.34 8
28.35 12
28.36 15
28.37 17
28.38 21
28.39 24
28.4 28
28.41 30
28.42 17
28.43 18
28.44 17
28.45 18
28.46 9
28.47 0
28.48 0
28.49 0
28.5 0
28.51 0
28.52 0
28.53 0
28.54 0
28.55 0
28.56 0
28.57 0
28.58 0
28.59 0
28.6 0
28.61 0
28.62 1
28.63 4
28.64 9
28.65 10
28.66 12
28.67 17
28.68 21
28.69 24
28.7 25
28.71 29
28.72 26
28.73 17
28.74 17
28.75 17
28.76 18
28.77 14
28.78 12
28.79 2
28.8 0
28.81 0
28.82 0
28.83 0
28.84 0
28.85 0
28.86 0
28.87 0
28.88 0
28.89 0
28.9 0
28.91 0
28.92 0
28.93 1
28.94 4
28.95 8
28.96 10
28.97 14
28.98 16
28.99 19
29 22
29.01 25
29.02 28
29.03 31
29.04 17
29.05 17
29.06 19
29.07 19
29.08 17
29.09 17
29.1 10
29.11 0
29.12 0
29.13 0
29.14 0
29.15 0
29.16 0
29.17 0
29.18 0
29.19 0
29.2 0
29.21 0
29.22 0
29.23 0
29.24 2
29.25 4
29.26 7
29.27 10
29.28 13
29.29 14
29.3 18
29.31 19
29.32 23
29.33 26
29.34 30
29.35 17
29.36 16
29.37 16
29.38 16
29.39 5
29.4 0
29.41 0
29.42 0
29.43 0
29.44 0
29.45 0
29.46 0
29.47 0
29.48 0
29.49 0
29.5 0
29.51 0
29.52 0
29.53 0
29.54 2
29.55 7
29.56 9
29.57 13
29.58 17
29.59 20
29.6 23
29.61 26
29.62 30
29.63 32
29.64 18
29.65 20
29.66 19
29.67 18
29.68 8
29.69 0
29.7 0
29.71 0
29.72 0
29.73 0
29.74 0
29.75 0
29.76 0
29.77 0
29.78 0
29.79 0
29.8 0
29.81 0
29.82 0
29.83 0
29.84 2
29.85 5
29.86 8
29.87 9
29.88 11
29.89 15
29.9 18
29.91 21
29.92 24
29.93 27
29.94 30
29.95 17
29.96 17
29.97 18
29.98 18
29.99 16
30 13
30.01 6
30.02 4
30.03 0
30.04 0
30.05 0
30.06 0
30.07 0
30.08 0
30.09 0
30.1 0
30.11 0
30.12 0
30.13 0
30.14 0
30.15 0
30.16 0
30.17 3
30.18 5
30.19 7
30.2 11
30.21 14
30.22 17
30.23 21
30.24 25
30.25 26
30.26 30
30.27 28
30.28 18
30.29 17
30.3 17
30.31 17
30.32 18
30.33 19
30.34 7
30.35 0
30.36 0
30.37 0
30.38 0
30.39 0
30.4 0
30.41 0
30.42 0
30.43 0
30.44 0
30.45 0
30.46 0
30.47 0
30.48 0
30.49 0
30.5 4
30.51 5
30.52 8
30.53 11
30.54 12
30.55 16
30.56 20
30.57 23
30.58 24
30.59 27
30.6 31
30.61 17
30.62 18
30.63 17
30.64 17
30.65 5
30.66 1
30.67 0
30.68 0
30.69 0
30.7 0
30.71 0
30.72 0
30.73 0
30.74 0
30.75 0
30.76 0
30.77 0
30.78 0
30.79 0
30.8 0
30.81 0
30.82 2
30.83 4
30.84 7
30.85 11
30.86 13
30.87 16
30.88 19
30.89 22
30.9 23
30.91 25
30.92 29
30.93 18
30.94 18
30.95 17
30.96 18
30.97 9
30.98 4
30.99 5
31 1
31.01 0
31.02 0
31.03 0
31.04 0
31.05 0
31.06 0
31.07 0
31.08 0
31.09 0
31.1 0
31.11 0
31.12 0
31.13 0
31.14 2
31.15 4
31.16 4
31.17 8
31.18 10
31.19 14
31.2 17
31.21 19
31.22 21
31.23 23
31.24 26
31.25 29
31.26 18
31.27 17
31.28 17
31.29 17
31.3 13
31.31 10
31.32 7
31.33 0
31.34 0
31.35 0
31.36 0
31.37 0
31.38 0
31.39 0
31.4 0
31.41 0
31.42 2
31.43 6
31.44 8
31.45 12
31.46 14
31.47 17
31.48 19
31.49 23
31.5 25
31.51 26
31.52 29
31.53 17
31.54 17
31.55 18
31.56 18
31.57 5
31.58 0
31.59 0
31.6 0
31.61 0
31.62 0
31.63 0
31.64 0
31.65 0
31.66 0
31.67 0
31.68 0
31.69 0
31.7 0
31.71 0
31.72 0
31.73 0
31.74 0
31.75 2
31.76 5
31.77 8
31.78 11
31.79 14
31.8 16
31.81 20
31.82 22
31.83 25
31.84 27
31.85 30
31.86 17
31.87 18
31.88 18
31.89 17
31.9 17
31.91 5
31.92 0
31.93 0
31.94 0
31.95 0
31.96 0
31.97 0
31.98 0
31.99 0
32 0
32.01 0
32.02 0
32.03 0
32.04 0
32.05 0
32.06 0
32.07 0
32.08 3
32.09 6
32.1 10
32.11 13
32.12 16
32.13 20
32.14 22
32.15 24
32.16 27
32.17 30
32.18 17
32.19 18
32.2 18
32.21 18
32.22 9
32.23 11
32.24 13
32.25 9
32.26 5
32.27 0
32.28 0
32.29 0
32.3 0
32.31 0
32.32 0
32.33 0
32.34 0
32.35 0
32.36 0
32.37 2
32.38 6
32.39 9
32.4 11
32.41 14
32.42 16
32.43 18
32.44 20
32.45 23
32.46 25
32.47 28
32.48 17
32.49 17
32.5 17
32.51 17
32.52 5
32.53 0
32.54 0
32.55 0
32.56 0
32.57 0
32.58 0
32.59 0
32.6 0
32.61 0
32.62 0
32.63 0
32.64 0
32.65 1
32.66 4
32.67 6
32.68 11
32.69 12
32.7 14
32.71 18
32.72 20
32.73 23
32.74 25
32.75 28
32.76 31
32.77 17
32.78 17
32.79 17
32.8 17
32.81 7
32.82 2
32.83 2
32.84 0
32.85 0
32.86 0
32.87 0
32.88 0
32.89 0
32.9 0
32.91 0
32.92 1
32.93 5
32.94 7
32.95 11
32.96 13
32.97 17
32.98 19
32.99 21
33 25
33.01 27
33.02 30
33.03 17
33.04 17
33.05 17
33.06 18
33.07 4
33.08 6
33.09 0
33.1 0
33.11 0
33.12 0
33.13 0
33.14 0
33.15 0
33.16 0
33.17 0
33.18 0
33.19 0
33.2 0
33.21 0
33.22 1
33.23 3
33.24 7
33.25 12
33.26 15
33.27 17
33.28 21
33.29 24
33.3 26
33.31 28
33.32 28
33.33 17
33.34 17
33.35 17
33.36 17
33.37 12
33.38 6
33.39 4
33.4 0
33.41 0
33.42 0
33.43 0
33.44 0
33.45 0
33.46 0
33.47 0
33.48 0
33.49 1
33.5 5
33.51 7
33.52 11
33.53 14
33.54 15
33.55 19
33.56 23
33.57 26
33.58 28
33.59 31
33.6 18
33.61 17
33.62 17
33.63 17
33.64 16
33.65 8
33.66 6
33.67 0
33.68 0
33.69 0
33.7 0
33.71 0
33.72 0
33.73 0
33.74 0
33.75 0
33.76 0
33.77 2
33.78 5
33.79 9
33.8 11
33.81 13
33.82 15
33.83 20
33.84 21
33.85 24
33.86 27
33.87 31
33.88 17
33.89 17
33.9 17
33.91 17
33.92 9
33.93 0
33.94 0
33.95 0
33.96 0
33.97 0
33.98 0
33.99 0
34 0
34.01 0
34.02 0
34.03 0
34.04 3
34.05 6
34.06 7
34.07 11
34.08 14
34.09 16
34.1 19
34.11 21
34.12 25
34.13 26
34.14 29
34.15 18
34.16 18
34.17 18
34.18 17
34.19 14
34.2 13
34.21 10
34.22 8
34.23 3
34.24 0
34.25 0
34.26 0
34.27 0
34.28 0
34.29 0
34.3 0
34.31 0
34.32 0
34.33 0
34.34 2
34.35 4
34.36 7
34.37 11
34.38 14
34.39 16
34.4 18
34.41 22
34.42 25
34.43 27
34.44 29
34.45 16
34.46 16
34.47 16
34.48 17
34.49 18
34.5 8
34.51 4
34.52 0
34.53 0
34.54 0
34.55 0
34.56 0
34.57 0
34.58 0
34.59 0
34.6 0
34.61 1
34.62 3
34.63 6
34.64 9
34.65 12
34.66 14
34.67 16
34.68 18
34.69 19
34.7 22
34.71 24
34.72 27
34.73 29
34.74 17
34.75 17
34.76 17
34.77 19
34.78 12
34.79 4
34.8 2
34.81 0
34.82 0
34.83 0
34.84 0
34.85 0
34.86 0
34.87 0
34.88 0
34.89 0
34.9 3
34.91 4
34.92 6
34.93 10
34.94 13
34.95 15
34.96 18
34.97 22
34.98 23
34.99 26
35 28
35.01 18
35.02 18
35.03 17
35.04 18
35.05 9
35.06 6
35.07 0
35.08 0
35.09 0
35.1 0
35.11 0
35.12 0
35.13 0
35.14 0
35.15 0
35.16 0
35.17 0
35.18 0
35.19 0
35.2 0
35.21 0
35.22 1
35.23 2
35.24 6
35.25 8
35.26 12
35.27 13
35.28 17
35.29 19
35.3 21
35.31 24
35.32 26
35.33 30
35.34 17
35.35 18
35.36 17
35.37 18
35.38 17
35.39 2
35.4 5
35.41 0
35.42 0
35.43 0
35.44 0
35.45 0
35.46 0
35.47 0
35.48 0
35.49 0
35.5 0
35.51 3
35.52 5
35.53 9
35.54 11
35.55 14
35.56 17
35.57 20
35.58 24
35.59 26
35.6 30
35.61 17
35.62 16
35.63 16
35.64 17
35.65 7
35.66 3
35.67 0
35.68 0
35.69 0
35.7 0
35.71 0
35.72 0
35.73 0
35.74 0
35.75 0
35.76 0
35.77 0
35.78 0
35.79 0
35.8 0
35.81 4
35.82 8
35.83 10
35.84 13
35.85 16
35.86 19
35.87 23
35.88 26
35.89 29
35.9 31
35.91 18
35.92 17
35.93 19
35.94 18
35.95 6
35.96 0
35.97 0
35.98 0
35.99 0
36 0
36.01 0
36.02 0
36.03 0
36.04 0
36.05 0
36.06 0
36.07 0
36.08 0
36.09 0
36.1 0
36.11 1
36.12 3
36.13 6
36.14 9
36.15 10
36.16 14
36.17 16
36.18 20
36.19 21
36.2 25
36.21 27
36.22 30
36.23 18
36.24 18
36.25 18
36.26 17
36.27 9
36.28 7
36.29 0
36.3 0
36.31 0
36.32 0
36.33 0
36.34 0
36.35 0
36.36 0
36.37 0
36.38 0
36.39 0
36.4 0
36.41 0
36.42 0
36.43 0
36.44 0
36.45 0
36.46 4
36.47 7
36.48 8
36.49 10
36.5 14
36.51 16
36.52 17
36.53 20
36.54 23
36.55 25
36.56 27
36.57 25
36.58 18
36.59 18
36.6 17
36.61 16
36.62 14
36.63 10
36.64 1
36.65 0
36.66 0
36.67 0
36.68 0
36.69 0
36.7 0
36.71 0
36.72 0
36.73 0
36.74 0
36.75 0
36.76 0
36.77 0
36.78 2
36.79 5
36.8 9
36.81 10
36.82 13
36.83 18
36.84 20
36.85 22
36.86 24
36.87 28
36.88 30
36.89 23
36.9 18
36.91 19
36.92 18
36.93 18
36.94 17
36.95 13
36.96 2
36.97 0
36.98 0
36.99 0
37 0
37.01 0
37.02 0
37.03 0
37.04 0
37.05 0
37.06 0
37.07 0
37.08 0
37.09 2
37.1 5
37.11 9
37.12 10
37.13 14
37.14 17
37.15 19
37.16 23
37.17 25
37.18 26
37.19 28
37.2 26
37.21 18
37.22 18
37.23 18
37.24 18
37.25 4
37.26 6
37.27 0
37.28 0
37.29 0
37.3 0
37.31 0
37.32 0
37.33 0
37.34 0
37.35 0
37.36 0
37.37 0
37.38 0
37.39 0
37.4 0
37.41 0
37.42 3
37.43 5
37.44 10
37.45 14
37.46 17
37.47 20
37.48 23
37.49 27
37.5 29
37.51 32
37.52 19
37.53 18
37.54 18
37.55 18
37.56 18
37.57 7
37.58 1
37.59 0
37.6 0
37.61 0
37.62 0
37.63 0
37.64 0
37.65 0
37.66 0
37.67 0
37.68 0
37.69 0
37.7 0
37.71 4
37.72 7
37.73 9
37.74 12
37.75 13
37.76 14
37.77 18
37.78 23
37.79 25
37.8 26
37.81 30
37.82 17
37.83 18
37.84 18
37.85 19
37.86 16
37.87 12
37.88 1
37.89 0
37.9 0
37.91 0
37.92 0
37.93 0
37.94 0
37.95 0
37.96 0
37.97 0
37.98 0
37.99 0
38 0
38.01 0
38.02 1
38.03 4
38.04 8
38.05 10
38.06 13
38.07 17
38.08 19
38.09 21
38.1 24
38.11 28
38.12 29
38.13 17
38.14 18
38.15 17
38.16 17
38.17 18
38.18 18
38.19 17
38.2 18
38.21 2
38.22 0
38.23 0
38.24 0
38.25 0
38.26 0
38.27 0
38.28 0
38.29 0
38.3 0
38.31 0
38.32 0
38.33 0
38.34 0
38.35 0
38.36 0
38.37 0
38.38 0
38.39 0
38.4 0
38.41 0
38.42 3
38.43 5
38.44 9
38.45 11
38.46 14
38.47 16
38.48 19
38.49 22
38.5 24
38.51 28
38.52 30
38.53 18
38.54 17
38.55 18
38.56 18
38.57 15
38.58 0
38.59 0
38.6 0
38.61 0
38.62 0
38.63 0
38.64 0
38.65 0
38.66 0
38.67 0
38.68 0
38.69 0
38.7 0
38.71 0
38.72 0
38.73 0
38.74 0
38.75 0
38.76 0
38.77 0
38.78 1
38.79 5
38.8 7
38.81 9
38.82 13
38.83 15
38.84 18
38.85 22
38.86 26
38.87 27
38.88 30
38.89 26
38.9 20
38.91 18
38.92 18
38.93 18
38.94 4
38.95 3
38.96 0
38.97 3
38.98 5
38.99 3
39 4
39.01 8
39.02 9
39.03 11
39.04 14
39.05 16
39.06 19
39.07 22
39.08 16
39.09 15
39.1 14
39.11 14
39.12 6
39.13 5
39.14 6
39.15 4
39.16 0
39.17 0
39.18 0
39.19 0
39.2 0
39.21 0
39.22 0
39.23 0
39.24 0
39.25 0
39.26 0
39.27 0
39.28 1
39.29 4
39.3 8
39.31 10
39.32 13
39.33 16
39.34 18
39.35 22
39.36 25
39.37 28
39.38 30
39.39 17
39.4 17
39.41 17
39.42 18
39.43 12
39.44 14
39.45 13
39.46 6
39.47 4
39.48 5
39.49 0
39.5 0
39.51 0
39.52 0
39.53 0
39.54 0
39.55 0
39.56 1
39.57 4
39.58 5
39.59 7
39.6 11
39.61 12
39.62 17
39.63 19
39.64 22
39.65 25
39.66 28
39.67 16
39.68 16
39.69 17
39.7 16
39.71 16
39.72 11
39.73 9
39.74 0
39.75 0
39.76 0
39.77 0
39.78 0
39.79 0
39.8 0
39.81 0
39.82 0
39.83 0
39.84 0
39.85 1
39.86 6
39.87 9
39.88 10
39.89 14
39.9 18
39.91 19
39.92 21
39.93 25
39.94 29
39.95 30
39.96 20
39.97 19
39.98 18
39.99 19
40 14
40.01 3
40.02 0
40.03 0
40.04 0
40.05 0
40.06 0
40.07 0
40.08 0
40.09 0
40.1 0
40.11 0
40.12 0
40.13 0
40.14 0
40.15 0
40.16 0
40.17 3
40.18 7
40.19 9
40.2 13
40.21 17
40.22 20
40.23 23
40.24 26
40.25 29
40.26 31
40.27 18
40.28 18
40.29 17
40.3 18
40.31 12
40.32 12
40.33 7
40.34 0
40.35 0
40.36 0
40.37 0
40.38 0
40.39 0
40.4 0
40.41 0
40.42 0
40.43 0
40.44 0
40.45 0
40.46 0
40.47 0
40.48 1
40.49 5
40.5 9
40.51 10
40.52 15
40.53 17
40.54 19
40.55 22
40.56 26
40.57 29
40.58 31
40.59 19
40.6 19
40.61 18
40.62 19
40.63 7
40.64 4
40.65 0
40.66 0
40.67 0
40.68 0
40.69 0
40.7 0
40.71 0
40.72 0
40.73 0
40.74 0
40.75 0
40.76 0
40.77 0
40.78 0
40.79 0
40.8 0
40.81 2
40.82 4
40.83 7
40.84 11
40.85 12
40.86 14
40.87 17
40.88 20
40.89 22
40.9 24
40.91 27
40.92 30
40.93 18
40.94 19
40.95 18
40.96 17
40.97 0
40.98 0
40.99 0
41 0
41.01 0
41.02 0
41.03 0
41.04 0
41.05 0
41.06 0
41.07 0
41.08 0
41.09 0
41.1 0
41.11 0
41.12 0
41.13 0
41.14 0
41.15 0
41.16 0
41.17 2
41.18 5
41.19 6
41.2 9
41.21 12
41.22 15
41.23 16
41.24 18
41.25 21
41.26 24
41.27 26
41.28 28
41.29 17
41.3 17
41.31 18
41.32 18
41.33 18
41.34 11
41.35 11
41.36 2
41.37 0
41.38 0
41.39 0
41.4 0
41.41 0
41.42 0
41.43 0
41.44 0
41.45 0
41.46 0
41.47 0
41.48 0
41.49 0
41.5 0
41.51 0
41.52 0
41.53 0
41.54 0
41.55 0
41.56 2
41.57 4
41.58 6
41.59 11
41.6 13
41.61 14
41.62 18
41.63 21
41.64 22
41.65 24
41.66 28
41.67 31
41.68 18
41.69 18
41.7 18
41.71 18
41.72 9
41.73 3
41.74 0
41.75 0
41.76 0
41.77 0
41.78 0
41.79 0
41.8 0
41.81 0
41.82 0
41.83 0
41.84 0
41.85 0
41.86 0
41.87 0
41.88 3
41.89 6
41.9 10
41.91 11
41.92 15
41.93 18
41.94 20
41.95 23
41.96 27
41.97 29
41.98 26
41.99 19
42 19
42.01 18
42.02 17
42.03 6
42.04 0
42.05 0
42.06 0
42.07 0
42.08 0
42.09 0
42.1 0
42.11 0
42.12 0
42.13 0
42.14 0
42.15 0
42.16 0
42.17 0
42.18 1
42.19 4
42.2 8
42.21 12
42.22 14
42.23 17
42.24 20
42.25 23
42.26 26
42.27 29
42.28 30
42.29 17
42.3 18
42.31 18
42.32 17
42.33 11
42.34 1
42.35 0
42.36 0
42.37 0
42.38 0
42.39 0
42.4 0
42.41 0
42.42 0
42.43 0
42.44 0
42.45 0
42.46 3
42.47 5
42.48 9
42.49 11
42.5 15
42.51 17
42.52 21
42.53 24
42.54 26
42.55 29
42.56 28
42.57 17
42.58 18
42.59 20
42.6 18
42.61 11
42.62 3
42.63 1
42.64 0
42.65 0
42.66 0
42.67 0
42.68 0
42.69 0
42.7 1
42.71 3
42.72 6
42.73 10
42.74 12
42.75 15
42.76 18
42.77 21
42.78 23
42.79 26
42.8 22
42.81 17
42.82 15
42.83 16
42.84 15
42.85 10
42.86 5
42.87 0
42.88 0
42.89 0
42.9 0
42.91 0
42.92 0
42.93 0
42.94 0
42.95 0
42.96 0
42.97 0
42.98 0
42.99 1
43 4
43.01 6
43.02 9
43.03 11
43.04 13
43.05 17
43.06 21
43.07 23
43.08 24
43.09 27
43.1 31
43.11 18
43.12 18
43.13 17
43.14 18
43.15 7
43.16 8
43.17 0
43.18 0
43.19 0
43.2 0
43.21 0
43.22 0
43.23 0
43.24 0
43.25 0
43.26 0
43.27 0
43.28 0
43.29 0
43.3 0
43.31 0
43.32 0
43.33 0
43.34 1
43.35 4
43.36 6
43.37 9
43.38 12
43.39 13
43.4 15
43.41 19
43.42 22
43.43 24
43.44 25
43.45 27
43.46 17
43.47 18
43.48 18
43.49 17
43.5 9
43.51 6
43.52 5
43.53 7
43.54 5
43.55 0
43.56 0
43.57 0
43.58 0
43.59 0
43.6 0
43.61 0
43.62 0
43.63 4
43.64 7
43.65 10
43.66 12
43.67 14
43.68 17
43.69 21
43.7 24
43.71 25
43.72 28
43.73 16
43.74 16
43.75 16
43.76 17
43.77 14
43.78 2
43.79 0
43.8 0
43.81 0
43.82 0
43.83 0
43.84 0
43.85 0
43.86 0
43.87 0
43.88 0
43.89 0
43.9 0
43.91 1
43.92 5
43.93 6
43.94 10
43.95 14
43.96 16
43.97 18
43.98 20
43.99 24
44 25
44.01 28
44.02 32
44.03 18
44.04 18
44.05 19
44.06 20
44.07 4
44.08 4
44.09 0
44.1 0
44.11 0
44.12 0
44.13 0
44.14 0
44.15 0
44.16 0
44.17 0
44.18 0
44.19 0
44.2 0
44.21 1
44.22 6
44.23 8
44.24 10
44.25 14
44.26 16
44.27 19
44.28 22
44.29 26
44.3 28
44.31 31
44.32 17
44.33 18
44.34 17
44.35 18
44.36 10
44.37 0
44.38 0
44.39 0
44.4 0
44.41 0
44.42 0
44.43 0
44.44 0
44.45 0
44.46 0
44.47 0
44.48 0
44.49 0
44.5 0
44.51 0
44.52 0
44.53 1
44.54 3
44.55 5
44.56 8
44.57 11
44.58 12
44.59 16
44.6 18
44.61 21
44.62 24
44.63 27
44.64 30
44.65 17
44.66 18
44.67 17
44.68 18
44.69 18
44.7 9
44.71 4
44.72 0
44.73 0
44.74 0
44.75 0
44.76 0
44.77 0
44.78 0
44.79 0
44.8 0
44.81 0
44.82 0
44.83 0
44.84 0
44.85 0
44.86 0
44.87 1
44.88 3
44.89 7
44.9 11
44.91 12
44.92 16
44.93 18
44.94 22
44.95 24
44.96 27
44.97 30
44.98 17
44.99 17
45 17
45.01 19
45.02 11
45.03 14
45.04 7
45.05 0
45.06 0
45.07 0
45.08 0
45.09 0
45.1 0
45.11 0
45.12 0
45.13 0
45.14 0
45.15 0
45.16 4
45.17 7
45.18 10
45.19 12
45.2 13
45.21 17
45.22 19
45.23 21
45.24 24
45.25 27
45.26 29
45.27 18
45.28 18
45.29 19
45.3 18
45.31 9
45.32 6
45.33 7
45.34 0
45.35 0
45.36 0
45.37 0
45.38 0
45.39 0
45.4 0
45.41 1
45.42 5
45.43 7
45.44 12
45.45 15
45.46 17
45.47 21
45.48 24
45.49 26
45.5 28
45.51 31
45.52 18
45.53 17
45.54 17
45.55 17
45.56 12
45.57 0
45.58 0
45.59 0
45.6 0
45.61 0
45.62 0
45.63 0
45.64 0
45.65 0
45.66 0
45.67 0
45.68 2
45.69 5
45.7 7
45.71 12
45.72 16
45.73 18
45.74 22
45.75 25
45.76 29
45.77 27
45.78 18
45.79 16
45.8 17
45.81 18
45.82 10
45.83 5
45.84 2
45.85 0
45.86 0
45.87 0
45.88 0
45.89 0
45.9 0
45.91 0
45.92 0
45.93 0
45.94 0
45.95 3
45.96 7
45.97 9
45.98 13
45.99 16
46 18
46.01 21
46.02 24
46.03 27
46.04 29
46.05 18
46.06 17
46.07 17
46.08 17
46.09 14
46.1 7
46.11 0
46.12 0
46.13 0
46.14 0
46.15 0
46.16 0
46.17 0
46.18 0
46.19 0
46.2 0
46.21 0
46.22 0
46.23 0
46.24 0
46.25 4
46.26 7
46.27 11
46.28 14
46.29 17
46.3 21
46.31 24
46.32 27
46.33 30
46.34 17
46.35 18
46.36 18
46.37 18
46.38 17
46.39 8
46.4 0
46.41 0
46.42 0
46.43 0
46.44 0
46.45 0
46.46 0
46.47 0
46.48 0
46.49 0
46.5 0
46.51 0
46.52 0
46.53 0
46.54 0
46.55 0
46.56 0
46.57 2
46.58 5
46.59 8
46.6 11
46.61 15
46.62 18
46.63 21
46.64 24
46.65 27
46.66 29
46.67 32
46.68 18
46.69 18
46.7 17
46.71 17
46.72 17
46.73 1
46.74 0
46.75 0
46.76 0
46.77 0
46.78 0
46.79 0
46.8 0
46.81 0
46.82 0
46.83 0
46.84 0
46.85 0
46.86 0
46.87 0
46.88 0
46.89 0
46.9 4
46.91 7
46.92 11
46.93 14
46.94 16
46.95 21
46.96 22
46.97 24
46.98 26
46.99 30
47 18
47.01 17
47.02 19
47.03 18
47.04 12
47.05 8
47.06 9
47.07 5
47.08 0
47.09 0
47.1 0
47.11 0
47.12 0
47.13 0
47.14 0
47.15 0
47.16 0
47.17 0
47.18 0
47.19 0
47.2 4
47.21 7
47.22 10
47.23 14
47.24 17
47.25 20
47.26 23
47.27 26
47.28 28
47.29 31
47.3 18
47.31 17
47.32 17
47.33 17
47.34 14
47.35 0
47.36 0
47.37 0
47.38 0
47.39 0
47.4 0
47.41 0
47.42 0
47.43 0
47.44 0
47.45 0
47.46 0
47.47 0
47.48 0
47.49 0
47.5 2
47.51 7
47.52 9
47.53 11
47.54 14
47.55 18
47.56 19
47.57 21
47.58 25
47.59 27
47.6 29
47.61 18
47.62 18
47.63 17
47.64 17
47.65 5
47.66 5
47.67 0
47.68 0
47.69 0
47.7 0
47.71 0
47.72 0
47.73 0
47.74 0
47.75 0
47.76 0
47.77 0
47.78 0
47.79 2
47.8 6
47.81 9
47.82 12
47.83 15
47.84 19
47.85 21
47.86 24
47.87 27
47.88 30
47.89 23
47.9 18
47.91 18
47.92 18
47.93 15
47.94 0
47.95 0
47.96 0
47.97 0
47.98 0
47.99 0
48 0
48.01 0
48.02 0
48.03 0
48.04 0
48.05 0
48.06 0
48.07 0
48.08 0
48.09 0
48.1 0
48.11 0
48.12 2
48.13 6
48.14 9
48.15 13
48.16 16
48.17 19
48.18 22
48.19 24
48.2 27
48.21 29
48.22 31
48.23 18
48.24 18
48.25 18
48.26 18
48.27 12
48.28 7
48.29 4
48.3 0
48.31 0
48.32 0
48.33 0
48.34 0
48.35 0
48.36 0
48.37 0
48.38 0
48.39 0
48.4 0
48.41 1
48.42 6
48.43 10
48.44 12
48.45 16
48.46 20
48.47 23
48.48 25
48.49 30
48.5 32
48.51 17
48.52 17
48.53 18
48.54 17
48.55 9
48.56 2
48.57 2
48.58 0
48.59 0
48.6 0
48.61 0
48.62 0
48.63 0
48.64 0
48.65 0
48.66 5
48.67 8
48.68 12
48.69 15
48.7 18
48.71 21
48.72 23
48.73 28
48.74 30
48.75 16
48.76 17
48.77 17
48.78 16
48.79 9
48.8 8
48.81 7
48.82 0
48.83 0
48.84 0
48.85 0
48.86 0
48.87 0
48.88 0
48.89 0
48.9 0
48.91 0
48.92 0
48.93 3
48.94 7
48.95 10
48.96 12
48.97 15
48.98 20
48.99 22
49 26
49.01 30
49.02 32
49.03 21
49.04 18
49.05 19
49.06 19
49.07 13
49.08 8
49.09 5
49.1 0
49.11 0
49.12 0
49.13 0
49.14 0
49.15 0
49.16 0
49.17 0
49.18 0
49.19 0
49.2 0
49.21 0
49.22 2
49.23 6
49.24 9
49.25 12
49.26 14
49.27 17
49.28 22
49.29 24
49.3 25
49.31 28
49.32 28
49.33 18
49.34 18
49.35 18
49.36 17
49.37 5
49.38 0
49.39 0
49.4 0
49.41 0
49.42 0
49.43 0
49.44 0
49.45 0
49.46 0
49.47 0
49.48 0
49.49 0
49.5 0
49.51 0
49.52 0
49.53 2
49.54 5
49.55 9
49.56 10
49.57 15
49.58 18
49.59 20
49.6 23
49.61 27
49.62 29
49.63 31
49.64 17
49.65 17
49.66 17
49.67 19
49.68 9
49.69 6
49.7 9
49.71 0
49.72 0
49.73 0
49.74 0
49.75 0
49.76 0
49.77 0
49.78 0
49.79 0
49.8 0
49.81 0
49.82 0
49.83 0
49.84 0
49.85 4
49.86 6
49.87 10
49.88 13
49.89 16
49.9 17
49.91 19
49.92 23
49.93 25
49.94 26
49.95 28
49.96 17
49.97 18
49.98 17
49.99 17
50 13
50.01 5
50.02 3
50.03 0
50.04 0
50.05 0
50.06 0
50.07 0
50.08 0
50.09 2
50.1 7
50.11 11
50.12 13
50.13 16
50.14 18
50.15 22
50.16 24
50.17 27
50.18 29
50.19 32
50.2 18
50.21 19
50.22 18
50.23 19
50.24 12
50.25 11
50.26 0
50.27 0
50.28 0
50.29 0
50.3 0
50.31 0
50.32 0
50.33 0
50.34 0
50.35 0
50.36 0
50.37 2
50.38 5
50.39 9
50.4 11
50.41 14
50.42 18
50.43 21
50.44 24
50.45 25
50.46 29
50.47 32
50.48 20
50.49 18
50.5 19
50.51 18
50.52 8
50.53 8
50.54 0
50.55 0
50.56 0
50.57 0
50.58 0
50.59 0
50.6 0
50.61 0
50.62 0
50.63 1
50.64 5
50.65 10
50.66 12
50.67 14
50.68 18
50.69 22
50.7 23
50.71 27
50.72 30
50.73 16
50.74 17
50.75 17
50.76 17
50.77 4
50.78 0
50.79 0
50.8 0
50.81 0
50.82 0
50.83 0
50.84 0
50.85 0
50.86 0
50.87 0
50.88 0
50.89 0
50.9 0
50.91 0
50.92 0
50.93 0
50.94 0
50.95 4
50.96 8
50.97 11
50.98 14
50.99 16
51 19
51.01 21
51.02 23
51.03 26
51.04 28
51.05 32
51.06 18
51.07 19
51.08 18
51.09 18
51.1 15
51.11 13
51.12 11
51.13 0
51.14 0
51.15 0
51.16 0
51.17 0
51.18 0
51.19 0
51.2 0
51.21 0
51.22 0
51.23 0
51.24 2
51.25 4
51.26 5
51.27 9
51.28 12
51.29 15
51.3 17
51.31 21
51.32 24
51.33 25
51.34 29
51.35 27
51.36 17
51.37 17
51.38 18
51.39 17
51.4 0
51.41 0
51.42 0
51.43 0
51.44 0
51.45 0
51.46 0
51.47 0
51.48 0
51.49 0
51.5 0
51.51 0
51.52 0
51.53 0
51.54 0
51.55 0
51.56 0
51.57 0
51.58 2
51.59 4
51.6 6
51.61 9
51.62 13
51.63 14
51.64 16
51.65 19
51.66 23
51.67 25
51.68 26
51.69 29
51.7 18
51.71 18
51.72 18
51.73 18
51.74 15
51.75 12
51.76 8
51.77 0
51.78 0
51.79 0
51.8 0
51.81 0
51.82 0
51.83 0
51.84 0
51.85 0
51.86 0
51.87 0
51.88 0
51.89 0
51.9 0
51.91 0
51.92 2
51.93 6
51.94 8
51.95 12
51.96 14
51.97 18
51.98 20
51.99 23
52 25
52.01 27
52.02 29
52.03 18
52.04 18
52.05 18
52.06 18
52.07 17
52.08 15
52.09 16
52.1 3
52.11 0
52.12 0
52.13 0
52.14 0
52.15 0
52.16 0
52.17 0
52.18 0
52.19 0
52.2 0
52.21 0
52.22 0
52.23 0
52.24 0
52.25 2
52.26 5
52.27 9
52.28 11
52.29 14
52.3 17
52.31 20
52.32 23
52.33 25
52.34 28
52.35 30
52.36 19
52.37 19
52.38 19
52.39 18
52.4 8
52.41 0
52.42 0
52.43 0
52.44 0
52.45 0
52.46 0
52.47 0
52.48 0
52.49 0
52.5 0
52.51 0
52.52 0
52.53 0
52.54 0
52.55 0
52.56 3
52.57 6
52.58 9
52.59 12
52.6 15
52.61 18
52.62 21
52.63 23
52.64 26
52.65 28
52.66 22
52.67 18
52.68 18
52.69 17
52.7 15
52.71 12
52.72 0
52.73 0
52.74 0
52.75 0
52.76 0
52.77 0
52.78 0
52.79 0
52.8 0
52.81 0
52.82 0
52.83 0
52.84 0
52.85 0
52.86 0
52.87 0
52.88 1
52.89 4
52.9 7
52.91 9
52.92 12
52.93 16
52.94 19
52.95 21
52.96 24
52.97 29
52.98 31
52.99 17
53 17
53.01 18
53.02 19
53.03 17
53.04 15
53.05 14
53.06 13
53.07 1
53.08 0
53.09 0
53.1 0
53.11 0
53.12 0
53.13 0
53.14 0
53.15 0
53.16 0
53.17 0
53.18 1
53.19 2
53.2 6
53.21 9
53.22 12
53.23 14
53.24 18
53.25 20
53.26 23
53.27 25
53.28 28
53.29 18
53.3 17
53.31 17
53.32 16
53.33 18
53.34 10
53.35 0
53.36 0
53.37 0
53.38 0
53.39 0
53.4 0
53.41 0
53.42 0
53.43 0
53.44 0
53.45 0
53.46 0
53.47 2
53.48 5
53.49 7
53.5 10
53.51 13
53.52 16
53.53 18
53.54 21
53.55 25
53.56 27
53.57 29
53.58 17
53.59 17
53.6 17
53.61 18
53.62 17
53.63 12
53.64 8
53.65 0
53.66 0
53.67 0
53.68 0
53.69 0
53.7 0
53.71 0
53.72 0
53.73 0
53.74 0
53.75 0
53.76 0
53.77 0
53.78 0
53.79 0
53.8 1
53.81 4
53.82 5
53.83 9
53.84 13
53.85 14
53.86 17
53.87 22
53.88 25
53.89 26
53.9 30
53.91 22
53.92 18
53.93 17
53.94 18
53.95 14
53.96 8
53.97 0
53.98 0
53.99 0
54 0
54.01 0
54.02 0
54.03 0
54.04 0
54.05 0
54.06 0
54.07 0
54.08 0
54.09 0
54.1 3
54.11 6
54.12 7
54.13 11
54.14 14
54.15 17
54.16 19
54.17 22
54.18 23
54.19 25
54.2 27
54.21 19
54.22 18
54.23 18
54.24 17
54.25 17
54.26 15
54.27 0
54.28 0
54.29 0
54.3 0
54.31 0
54.32 0
54.33 0
54.34 0
54.35 0
54.36 0
54.37 0
54.38 0
54.39 0
54.4 1
54.41 0
54.42 1
54.43 6
54.44 5
54.45 6
54.46 9
54.47 12
54.48 13
54.49 14
54.5 18
54.51 21
54.52 23
54.53 24
54.54 28
54.55 20
54.56 17
54.57 18
54.58 18
54.59 17
54.6 6
54.61 8
54.62 7
54.63 0
54.64 0
54.65 0
54.66 0
54.67 0
54.68 0
54.69 0
54.7 0
54.71 0
54.72 2
54.73 3
54.74 5
54.75 9
54.76 11
54.77 14
54.78 17
54.79 18
54.8 20
54.81 22
54.82 25
54.83 27
54.84 16
54.85 16
54.86 16
54.87 18
54.88 12
54.89 0
54.9 0
54.91 0
54.92 0
54.93 0
54.94 0
54.95 0
54.96 0
54.97 0
54.98 0
54.99 0
55 0
55.01 0
55.02 0
55.03 3
55.04 5
55.05 8
55.06 13
55.07 15
55.08 17
55.09 21
55.1 24
55.11 27
55.12 28
55.13 30
55.14 19
55.15 17
55.16 17
55.17 18
55.18 15
55.19 0
55.2 0
55.21 0
55.22 0
55.23 0
55.24 0
55.25 0
55.26 0
55.27 0
55.28 0
55.29 0
55.3 0
55.31 4
55.32 6
55.33 8
55.34 12
55.35 15
55.36 18
55.37 21
55.38 25
55.39 26
55.4 29
55.41 23
55.42 17
55.43 17
55.44 17
55.45 14
55.46 13
55.47 5
55.48 1
55.49 0
55.5 0
55.51 0
55.52 0
55.53 0
55.54 0
55.55 0
55.56 0
55.57 0
55.58 0
55.59 0
55.6 0
55.61 2
55.62 2
55.63 5
55.64 10
55.65 12
55.66 15
55.67 18
55.68 21
55.69 22
55.7 26
55.71 30
55.72 25
55.73 17
55.74 17
55.75 18
55.76 16
55.77 10
55.78 13
55.79 2
55.8 0
55.81 0
55.82 0
55.83 0
55.84 0
55.85 0
55.86 0
55.87 0
55.88 0
55.89 0
55.9 0
55.91 0
55.92 0
55.93 2
55.94 6
55.95 9
55.96 12
55.97 15
55.98 17
55.99 20
56 22
56.01 26
56.02 28
56.03 30
56.04 18
56.05 18
56.06 18
56.07 19
56.08 8
56.09 2
56.1 0
56.11 0
56.12 0
56.13 0
56.14 0
56.15 0
56.16 0
56.17 0
56.18 0
56.19 0
56.2 0
56.21 0
56.22 0
56.23 0
56.24 0
56.25 2
56.26 4
56.27 8
56.28 9
56.29 12
56.3 14
56.31 16
56.32 20
56.33 22
56.34 25
56.35 28
56.36 31
56.37 17
56.38 18
56.39 17
56.4 17
56.41 6
56.42 0
56.43 0
56.44 0
56.45 0
56.46 0
56.47 0
56.48 0
56.49 0
56.5 0
56.51 0
56.52 0
56.53 0
56.54 0
56.55 0
56.56 0
56.57 0
56.58 1
56.59 4
56.6 7
56.61 11
56.62 13
56.63 16
56.64 19
56.65 23
56.66 26
56.67 27
56.68 30
56.69 17
56.7 18
56.71 17
56.72 18
56.73 6
56.74 6
56.75 0
56.76 0
56.77 0
56.78 0
56.79 0
56.8 0
56.81 0
56.82 0
56.83 0
56.84 0
56.85 0
56.86 0
56.87 0
56.88 3
56.89 6
56.9 10
56.91 14
56.92 17
56.93 19
56.94 22
56.95 26
56.96 28
56.97 26
56.98 18
56.99 16
57 16
57.01 16
57.02 8
57.03 0
57.04 0
57.05 0
57.06 0
57.07 0
57.08 0
57.09 0
57.1 0
57.11 0
57.12 0
57.13 0
57.14 0
57.15 0
57.16 0
57.17 0
57.18 1
57.19 5
57.2 9
57.21 11
57.22 14
57.23 19
57.24 21
57.25 23
57.26 27
57.27 29
57.28 32
57.29 19
57.3 19
57.31 19
57.32 18
57.33 17
57.34 18
57.35 10
57.36 0
57.37 0
57.38 0
57.39 0
57.4 0
57.41 0
57.42 0
57.43 0
57.44 0
57.45 4
57.46 8
57.47 11
57.48 15
57.49 17
57.5 21
57.51 23
57.52 26
57.53 29
57.54 32
57.55 19
57.56 18
57.57 19
57.58 19
57.59 9
57.6 0
57.61 0
57.62 0
57.63 0
57.64 0
57.65 0
57.66 0
57.67 0
57.68 0
57.69 0
57.7 0
57.71 0
57.72 0
57.73 0
57.74 0
57.75 0
57.76 0
57.77 4
57.78 6
57.79 9
57.8 11
57.81 15
57.82 18
57.83 20
57.84 23
57.85 25
57.86 29
57.87 27
57.88 18
57.89 17
57.9 17
57.91 17
57.92 10
57.93 0
57.94 0
57.95 0
57.96 0
57.97 0
57.98 0
57.99 0
58 0
58.01 0
58.02 0
58.03 0
58.04 0
58.05 0
58.06 4
58.07 7
58.08 9
58.09 12
58.1 15
58.11 17
58.12 19
58.13 22
58.14 24
58.15 23
58.16 26
58.17 28
58.18 0
58.19 0
58.2 0
58.21 0
58.22 0
58.23 0
58.24 0
58.25 0
58.26 0
58.27 0
58.28 0
58.29 0
58.3 0
58.31 0
58.32 0
58.33 0
58.34 0
58.35 0
58.36 0
58.37 0
58.38 0
58.39 0
58.4 0
58.41 0
58.42 0
58.43 0
58.44 0
58.45 0
58.46 0
58.47 0
58.48 0
58.49 0
58.5 0
58.51 0
58.52 0
58.53 0
58.54 0
58.55 0
58.56 0
58.57 0
58.58 0
58.59 0
58.6 0
58.61 0
58.62 0
58.63 0
58.64 0
58.65 0
58.66 0
58.67 0
58.68 0
58.69 0
58.7 0
58.71 0
58.72 0
58.73 0
58.74 0
58.75 0
58.76 0
58.77 0
58.78 0
58.79 0
58.8 0
58.81 0
58.82 0
58.83 0
58.84 0
58.85 0
58.86 0
58.87 0
58.88 0
58.89 0
58.9 0
58.91 0
58.92 0
58.93 0
58.94 0
58.95 0
58.96 0
58.97 0
58.98 0
58.99 0
59 0
59.01 0
59.02 0
59.03 0
59.04 0
59.05 0
59.06 0
59.07 0
59.08 0
59.09 0
59.1 0
59.11 0
59.12 0
59.13 0
59.14 0
59.15 0
59.16 0
59.17 0
59.18 0
59.19 0
59.2 0
59.21 0
59.22 0
59.23 0
59.24 0
59.25 0
59.26 0
59.27 0
59.28 0
59.29 0
59.3 0
59.31 0
59.32 0
59.33 0
59.34 0
59.35 0
59.36 0
59.37 0
59.38 0
59.39 0
59.4 0
59.41 0
59.42 0
59.43 0
59.44 0
59.45 0
59.46 0
59.47 0
59.48 0
59.49 0
59.5 0
59.51 0
59.52 0
59.53 0
59.54 0
59.55 0
59.56 0
59.57 0
59.58 0
59.59 0
59.6 0
59.61 0
59.62 0
59.63 0
59.64 0
59.65 0
59.66 0
59.67 0
59.68 0
59.69 0
59.7 0
59.71 0
59.72 0
59.73 0
59.74 0
59.75 0
59.76 0
59.77 0
59.78 0
59.79 0
59.8 0
59.81 0
59.82 0
59.83 0
59.84 0
59.85 0
59.86 0
59.87 0
59.88 0
59.89 0
59.9 0
59.91 0
59.92 0
59.93 0
59.94 0
59.95 0
59.96 0
59.97 0
59.98 0
59.99 0
60 0
60.01 0
60.02 0
60.03 0
60.04 0
60.05 0
60.06 0
60.07 0
60.08 0
60.09 0
60.1 0
60.11 0
60.12 0
60.13 0
60.14 0
60.15 0
60.16 0
60.17 0
60.18 0
60.19 0
60.2 0
60.21 0
60.22 0
60.23 0
60.24 0
60.25 0
60.26 0
60.27 0
60.28 0
60.29 0
60.3 0
60.31 0
60.32 0
60.33 0
60.34 0
60.35 0
60.36 0
60.37 0
60.38 0
60.39 0
60.4 0
60.41 0
60.42 0
60.43 0
60.44 0
60.45 0
60.46 0
60.47 0
60.48 0
60.49 0
60.5 0
60.51 0
60.52 0
60.53 0
60.54 0
60.55 0
60.56 0
60.57 0
60.58 0
60.59 0
60.6 0
60.61 0
60.62 0
60.63 0
60.64 0
60.65 0
60.66 0
60.67 0
60.68 0
60.69 0
60.7 0
60.71 0
60.72 0
60.73 0
60.74 0
60.75 0
60.76 0
60.77 0
60.78 0
60.79 0
60.8 0
60.81 0
60.82 0
60.83 0
60.84 0
60.85 0
60.86 0
60.87 0
60.88 0
60.89 0
60.9 0
60.91 0
60.92 0
60.93 0
60.94 0
60.95 0
60.96 0
60.97 0
60.98 0
60.99 0
61 0
61.01 0
61.02 0
61.03 0
61.04 0
61.05 0
61.06 0
61.07 0
61.08 0
61.09 0
61.1 0
61.11 0
61.12 0
61.13 0
61.14 0
61.15 0
61.16 0
61.17 0
61.18 0
61.19 0
61.2 0
61.21 0
61.22 0
61.23 0
61.24 0
61.25 0
61.26 0
61.27 0
61.28 0
61.29 0
61.3 0
61.31 0
61.32 0
61.33 0
61.34 0
61.35 0
61.36 0
61.37 0
61.38 0
61.39 0
61.4 0
61.41 0
61.42 0
61.43 0
61.44 0
61.45 0
61.46 0
61.47 0
61.48 0
61.49 0
61.5 0
61.51 0
61.52 0
61.53 0
61.54 0
61.55 0
61.56 0
61.57 0
61.58 0
61.59 0
61.6 0
61.61 0
61.62 0
61.63 0
61.64 0
61.65 0
61.66 0
61.67 0
61.68 0
61.69 0
61.7 0
61.71 0
61.72 0
61.73 0
61.74 0
61.75 0
61.76 0
61.77 0
61.78 0
61.79 0
61.8 0
61.81 0
61.82 0
61.83 0
61.84 0
61.85 0
61.86 0
61.87 0
61.88 0
61.89 0
61.9 0
61.91 0
61.92 0
61.93 0
61.94 0
61.95 0
61.96 0
61.97 0
61.98 0
61.99 0
62 0
62.01 0
62.02 0
62.03 0
62.04 0
62.05 0
62.06 0
62.07 0
62.08 0
62.09 0
62.1 0
62.11 0
62.12 0
62.13 0
62.14 0
62.15 0
62.16 0
62.17 0
62.18 0
62.19 0
62.2 0
62.21 0
62.22 0
62.23 0
62.24 0
62.25 0
62.26 0
62.27 0
62.28 0
62.29 0
62.3 0
62.31 0
62.32 0
62.33 0
62.34 0
62.35 0
62.36 0
62.37 0
62.38 0
62.39 0
62.4 0
62.41 0
62.42 0
62.43 0
62.44 0
62.45 0
62.46 0
62.47 0
62.48 0
62.49 0
62.5 0
62.51 0
62.52 0
62.53 0
62.54 0
62.55 0
62.56 0
62.57 0
62.58 0
62.59 0
62.6 0
62.61 0
62.62 0
62.63 0
62.64 0
62.65 0
62.66 0
62.67 0
62.68 0
62.69 0
62.7 0
62.71 0
62.72 0
62.73 0
62.74 0
62.75 0
62.76 0
62.77 0
62.78 0
62.79 0
62.8 0
62.81 0
62.82 0
62.83 0
62.84 0
62.85 0
62.86 0
62.87 0
62.88 0
62.89 0
62.9 0
62.91 0
62.92 0
62.93 0
62.94 0
62.95 0
62.96 0
62.97 0
62.98 0
62.99 0
