0 0
0.01 0
0.02 0
0.03 0
0.04 0
0.05 0
0.06 0
0.07 0
0.08 0
0.09 0
0.1 0
0.11 0
0.12 0
0.13 0
0.14 0
0.15 0
0.16 0
0.17 0
0.18 0
0.19 0
0.2 0
0.21 87
0.22 42
0.23 35
0.24 51
0.25 42
0.26 23
0.27 0
0.28 0
0.29 0
0.3 0
0.31 0
0.32 0
0.33 0
0.34 0
0.35 0
0.36 0
0.37 0
0.38 0
0.39 0
0.4 0
0.41 5
0.42 4
0.43 2
0.44 5
0.45 4
0.46 8
0.47 3
0.48 0
0.49 0
0.5 0
0.51 0
0.52 0
0.53 6
0.54 11
0.55 16
0.56 19
0.57 25
0.58 28
0.59 30
0.6 17
0.61 17
0.62 16
0.63 16
0.64 17
0.65 14
0.66 7
0.67 0
0.68 0
0.69 0
0.7 0
0.71 0
0.72 0
0.73 0
0.74 0
0.75 0
0.76 0
0.77 0
0.78 2
0.79 8
0.8 13
0.81 17
0.82 23
0.83 28
0.84 33
0.85 37
0.86 19
0.87 19
0.88 19
0.89 19
0.9 20
0.91 21
0.92 12
0.93 8
0.94 0
0.95 0
0.96 0
0.97 0
0.98 0
0.99 0
1 0
1.01 0
1.02 0
1.03 4
1.04 6
1.05 13
1.06 16
1.07 20
1.08 24
1.09 29
1.1 30
1.11 20
1.12 18
1.13 18
1.14 18
1.15 16
1.16 7
1.17 0
1.18 0
1.19 0
1.2 0
1.21 0
1.22 0
1.23 0
1.24 16
1.25 24
1.26 31
1.27 33
1.28 17
1.29 17
1.3 14
1.31 22
1.32 7
1.33 3
1.34 0
1.35 8
1.36 3
1.37 0
1.38 0
1.39 0
1.4 0
1.41 0
1.42 6
1.43 13
1.44 18
1.45 21
1.46 29
1.47 34
1.48 17
1.49 18
1.5 16
1.51 17
1.52 12
1.53 12
1.54 15
1.55 6
1.56 0
1.57 0
1.58 0
1.59 0
1.6 0
1.61 0
1.62 0
1.63 5
1.64 8
1.65 14
1.66 19
1.67 23
1.68 27
1.69 30
1.7 34
1.71 19
1.72 19
1.73 19
1.74 22
1.75 20
1.76 19
1.77 10
1.78 7
1.79 0
1.8 0
1.81 0
1.82 0
1.83 0
1.84 0
1.85 0
1.86 0
1.87 1
1.88 6
1.89 12
1.9 14
1.91 22
1.92 29
1.93 32
1.94 33
1.95 17
1.96 17
1.97 17
1.98 19
1.99 15
2 18
2.01 6
2.02 6
2.03 10
2.04 3
2.05 3
2.06 4
2.07 0
2.08 4
2.09 6
2.1 11
2.11 16
2.12 21
2.13 24
2.14 29
2.15 15
2.16 14
2.17 14
2.18 14
2.19 12
2.2 8
2.21 7
2.22 5
2.23 0
2.24 0
2.25 0
2.26 1
2.27 5
2.28 14
2.29 19
2.3 24
2.31 36
2.32 48
2.33 28
2.34 22
2.35 23
2.36 22
2.37 23
2.38 12
2.39 16
2.4 15
2.41 6
2.42 1
2.43 4
2.44 0
2.45 0
2.46 0
2.47 0
2.48 2
2.49 9
2.5 13
2.51 19
2.52 25
2.53 32
2.54 37
2.55 24
2.56 19
2.57 20
2.58 20
2.59 18
2.6 20
2.61 16
2.62 11
2.63 2
2.64 0
2.65 0
2.66 0
2.67 0
2.68 0
2.69 0
2.7 0
2.71 5
2.72 9
2.73 15
2.74 21
2.75 25
2.76 30
2.77 35
2.78 17
2.79 17
2.8 17
2.81 18
2.82 11
2.83 7
2.84 1
2.85 0
2.86 0
2.87 0
2.88 0
2.89 0
2.9 0
2.91 0
2.92 0
2.93 0
2.94 4
2.95 13
2.96 17
2.97 22
2.98 26
2.99 34
3 29
3.01 19
3.02 19
3.03 19
3.04 17
3.05 12
3.06 12
3.07 9
3.08 4
3.09 1
3.1 0
3.11 0
3.12 0
3.13 0
3.14 0
3.15 0
3.16 0
3.17 4
3.18 9
3.19 16
3.2 21
3.21 25
3.22 30
3.23 37
3.24 28
3.25 20
3.26 21
3.27 20
3.28 19
3.29 19
3.3 14
3.31 6
3.32 8
3.33 0
3.34 0
3.35 0
3.36 0
3.37 0
3.38 0
3.39 3
3.4 12
3.41 21
3.42 31
3.43 44
3.44 25
3.45 17
3.46 19
3.47 20
3.48 19
3.49 19
3.5 13
3.51 7
3.52 1
3.53 1
3.54 0
3.55 0
3.56 0
3.57 0
3.58 5
3.59 10
3.6 13
3.61 21
3.62 30
3.63 35
3.64 42
3.65 21
3.66 21
3.67 20
3.68 20
3.69 19
3.7 16
3.71 6
3.72 3
3.73 0
3.74 0
3.75 0
3.76 0
3.77 0
3.78 0
3.79 0
3.8 2
3.81 7
3.82 16
3.83 23
3.84 29
3.85 34
3.86 29
3.87 17
3.88 18
3.89 19
3.9 17
3.91 15
3.92 14
3.93 12
3.94 4
3.95 1
3.96 0
3.97 0
3.98 0
3.99 0
4 0
4.01 5
4.02 12
4.03 18
4.04 27
4.05 32
4.06 37
4.07 19
4.08 18
4.09 17
4.1 17
4.11 18
4.12 12
4.13 3
4.14 0
4.15 0
4.16 0
4.17 0
4.18 0
4.19 0
4.2 0
4.21 3
4.22 8
4.23 15
4.24 24
4.25 29
4.26 35
4.27 23
4.28 18
4.29 19
4.3 18
4.31 17
4.32 14
4.33 5
4.34 3
4.35 0
4.36 0
4.37 0
4.38 0
4.39 0
4.4 0
4.41 0
4.42 6
4.43 11
4.44 21
4.45 28
4.46 31
4.47 34
4.48 17
4.49 18
4.5 18
4.51 17
4.52 20
4.53 18
4.54 9
4.55 8
4.56 0
4.57 0
4.58 0
4.59 0
4.6 0
4.61 0
4.62 0
4.63 2
4.64 7
4.65 17
4.66 21
4.67 24
4.68 31
4.69 39
4.7 17
4.71 17
4.72 17
4.73 18
4.74 14
4.75 14
4.76 18
4.77 8
4.78 0
4.79 0
4.8 0
4.81 0
4.82 0
4.83 0
4.84 0
4.85 0
4.86 6
4.87 16
4.88 19
4.89 23
4.9 32
4.91 38
4.92 22
4.93 20
4.94 19
4.95 19
4.96 16
4.97 15
4.98 8
4.99 3
5 0
5.01 0
5.02 0
5.03 0
5.04 0
5.05 0
5.06 4
5.07 12
5.08 18
5.09 25
5.1 32
5.11 37
5.12 18
5.13 17
5.14 19
5.15 18
5.16 13
5.17 0
5.18 0
5.19 0
5.2 0
5.21 0
5.22 0
5.23 0
5.24 0
5.25 0
5.26 0
5.27 2
5.28 13
5.29 19
5.3 24
5.31 31
5.32 38
5.33 32
5.34 19
5.35 19
5.36 19
5.37 20
5.38 14
5.39 18
5.4 19
5.41 13
5.42 5
5.43 0
5.44 0
5.45 0
5.46 0
5.47 0
5.48 0
5.49 5
5.5 10
5.51 20
5.52 25
5.53 34
5.54 19
5.55 17
5.56 16
5.57 15
5.58 17
5.59 17
5.6 15
5.61 10
5.62 6
5.63 0
5.64 0
5.65 0
5.66 0
5.67 0
5.68 0
5.69 0
5.7 6
5.71 13
5.72 21
5.73 29
5.74 34
5.75 34
5.76 18
5.77 17
5.78 17
5.79 17
5.8 11
5.81 12
5.82 12
5.83 11
5.84 2
5.85 0
5.86 0
5.87 0
5.88 0
5.89 0
5.9 0
5.91 7
5.92 9
5.93 17
5.94 22
5.95 26
5.96 31
5.97 38
5.98 35
5.99 20
6 20
6.01 20
6.02 21
6.03 18
6.04 16
6.05 18
6.06 12
6.07 11
6.08 4
6.09 0
6.1 0
6.11 0
6.12 0
6.13 0
6.14 2
6.15 11
6.16 18
6.17 23
6.18 33
6.19 41
6.2 18
6.21 17
6.22 17
6.23 17
6.24 13
6.25 13
6.26 13
6.27 7
6.28 6
6.29 0
6.3 2
6.31 0
6.32 3
6.33 7
6.34 9
6.35 15
6.36 21
6.37 29
6.38 35
6.39 38
6.4 20
6.41 21
6.42 21
6.43 20
6.44 22
6.45 20
6.46 12
6.47 7
6.48 1
6.49 0
6.5 0
6.51 0
6.52 0
6.53 0
6.54 0
6.55 1
6.56 6
6.57 15
6.58 21
6.59 26
6.6 29
6.61 24
6.62 16
6.63 15
6.64 16
6.65 14
6.66 11
6.67 12
6.68 14
6.69 10
6.7 7
6.71 0
6.72 0
6.73 0
6.74 0
6.75 0
6.76 0
6.77 6
6.78 13
6.79 21
6.8 24
6.81 30
6.82 37
6.83 18
6.84 19
6.85 21
6.86 18
6.87 18
6.88 11
6.89 10
6.9 4
6.91 1
6.92 1
6.93 0
6.94 0
6.95 0
6.96 0
6.97 0
6.98 4
6.99 10
7 16
7.01 21
7.02 28
7.03 33
7.04 36
7.05 18
7.06 17
7.07 17
7.08 17
7.09 17
7.1 11
7.11 11
7.12 1
7.13 0
7.14 0
7.15 0
7.16 0
7.17 0
7.18 0
7.19 0
7.2 10
7.21 16
7.22 22
7.23 30
7.24 34
7.25 40
7.26 18
7.27 18
7.28 18
7.29 19
7.3 17
7.31 15
7.32 12
7.33 0
7.34 0
7.35 0
7.36 0
7.37 0
7.38 0
7.39 0
7.4 0
7.41 4
7.42 10
7.43 19
7.44 26
7.45 29
7.46 36
7.47 17
7.48 17
7.49 17
7.5 17
7.51 17
7.52 17
7.53 13
7.54 8
7.55 9
7.56 0
7.57 0
7.58 0
7.59 0
7.6 0
7.61 3
7.62 10
7.63 15
7.64 21
7.65 30
7.66 33
7.67 36
7.68 18
7.69 19
7.7 19
7.71 19
7.72 15
7.73 11
7.74 12
7.75 7
7.76 10
7.77 0
7.78 0
7.79 0
7.8 0
7.81 0
7.82 0
7.83 9
7.84 13
7.85 19
7.86 24
7.87 34
7.88 34
7.89 17
7.9 18
7.91 18
7.92 18
7.93 15
7.94 15
7.95 12
7.96 13
7.97 3
7.98 0
7.99 0
8 0
8.01 0
8.02 0
8.03 3
8.04 9
8.05 16
8.06 20
8.07 25
8.08 32
8.09 34
8.1 19
8.11 19
8.12 18
8.13 18
8.14 18
8.15 18
8.16 18
8.17 5
8.18 0
8.19 0
8.2 0
8.21 0
8.22 0
8.23 0
8.24 0
8.25 0
8.26 0
8.27 0
8.28 1
8.29 9
8.3 16
8.31 22
8.32 30
8.33 35
8.34 40
8.35 19
8.36 19
8.37 18
8.38 18
8.39 16
8.4 15
8.41 7
8.42 0
8.43 0
8.44 0
8.45 0
8.46 0
8.47 0
8.48 0
8.49 0
8.5 4
8.51 11
8.52 17
8.53 24
8.54 30
8.55 36
8.56 19
8.57 19
8.58 18
8.59 17
8.6 13
8.61 10
8.62 9
8.63 4
8.64 1
8.65 0
8.66 0
8.67 0
8.68 0
8.69 0
8.7 2
8.71 10
8.72 16
8.73 22
8.74 29
8.75 34
8.76 39
8.77 19
8.78 18
8.79 19
8.8 18
8.81 20
8.82 19
8.83 16
8.84 13
8.85 2
8.86 0
8.87 0
8.88 0
8.89 0
8.9 0
8.91 2
8.92 5
8.93 11
8.94 17
8.95 25
8.96 27
8.97 33
8.98 17
8.99 17
9 16
9.01 16
9.02 14
9.03 9
9.04 8
9.05 5
9.06 6
9.07 3
9.08 0
9.09 2
9.1 8
9.11 11
9.12 15
9.13 22
9.14 27
9.15 35
9.16 17
9.17 19
9.18 17
9.19 17
9.2 13
9.21 10
9.22 3
9.23 6
9.24 0
9.25 0
9.26 0
9.27 0
9.28 1
9.29 5
9.3 11
9.31 15
9.32 18
9.33 25
9.34 28
9.35 36
9.36 32
9.37 19
9.38 19
9.39 20
9.4 19
9.41 21
9.42 6
9.43 2
9.44 0
9.45 0
9.46 2
9.47 0
9.48 0
9.49 7
9.5 9
9.51 14
9.52 20
9.53 26
9.54 31
9.55 36
9.56 23
9.57 20
9.58 21
9.59 21
9.6 19
9.61 10
9.62 10
9.63 8
9.64 0
9.65 0
9.66 0
9.67 0
9.68 0
9.69 0
9.7 0
9.71 0
9.72 1
9.73 10
9.74 15
9.75 18
9.76 24
9.77 33
9.78 38
9.79 33
9.8 20
9.81 20
9.82 20
9.83 19
9.84 18
9.85 20
9.86 12
9.87 0
9.88 0
9.89 0
9.9 0
9.91 0
9.92 0
9.93 0
9.94 0
9.95 1
9.96 4
9.97 11
9.98 15
9.99 21
10 26
10.01 31
10.02 38
10.03 18
10.04 18
10.05 19
10.06 18
10.07 18
10.08 15
10.09 7
10.1 1
10.11 0
10.12 0
10.13 0
10.14 0
10.15 0
10.16 0
10.17 0
10.18 3
10.19 11
10.2 16
10.21 24
10.22 31
10.23 36
10.24 19
10.25 18
10.26 17
10.27 17
10.28 15
10.29 7
10.3 9
10.31 6
10.32 1
10.33 1
10.34 0
10.35 0
10.36 1
10.37 8
10.38 12
10.39 17
10.4 24
10.41 27
10.42 31
10.43 34
10.44 19
10.45 20
10.46 20
10.47 19
10.48 21
10.49 13
10.5 13
10.51 4
10.52 0
10.53 0
10.54 0
10.55 0
10.56 0
10.57 4
10.58 9
10.59 14
10.6 21
10.61 26
10.62 29
10.63 35
10.64 17
10.65 19
10.66 17
10.67 17
10.68 18
10.69 13
10.7 13
10.71 14
10.72 2
10.73 0
10.74 0
10.75 0
10.76 0
10.77 0
10.78 0
10.79 0
10.8 4
10.81 13
10.82 17
10.83 23
10.84 30
10.85 34
10.86 32
10.87 20
10.88 19
10.89 19
10.9 18
10.91 9
10.92 6
10.93 6
10.94 0
10.95 0
10.96 0
10.97 0
10.98 0
10.99 0
11 0
11.01 1
11.02 6
11.03 18
11.04 21
11.05 31
11.06 35
11.07 44
11.08 20
11.09 21
11.1 22
11.11 20
11.12 19
11.13 19
11.14 15
11.15 17
11.16 13
11.17 2
11.18 3
11.19 1
11.2 0
11.21 1
11.22 6
11.23 11
11.24 15
11.25 21
11.26 12
11.27 13
11.28 14
11.29 12
11.3 13
11.31 6
11.32 0
11.33 1
11.34 0
11.35 0
11.36 0
11.37 0
11.38 0
11.39 0
11.4 2
11.41 6
11.42 11
11.43 17
11.44 27
11.45 32
11.46 35
11.47 37
11.48 19
11.49 18
11.5 18
11.51 18
11.52 14
11.53 15
11.54 9
11.55 5
11.56 0
11.57 0
11.58 0
11.59 0
11.6 0
11.61 0
11.62 0
11.63 4
11.64 12
11.65 18
11.66 23
11.67 30
11.68 39
11.69 17
11.7 18
11.71 17
11.72 17
11.73 18
11.74 17
11.75 12
11.76 12
11.77 1
11.78 0
11.79 0
11.8 0
11.81 0
11.82 0
11.83 0
11.84 0
11.85 0
11.86 6
11.87 13
11.88 19
11.89 26
11.9 34
11.91 30
11.92 17
11.93 16
11.94 20
11.95 16
11.96 13
11.97 2
11.98 0
11.99 0
12 0
12.01 0
12.02 0
12.03 0
12.04 0
12.05 0
12.06 4
12.07 11
12.08 20
12.09 26
12.1 32
12.11 38
12.12 34
12.13 20
12.14 19
12.15 19
12.16 19
12.17 17
12.18 6
12.19 0
12.2 0
12.21 0
12.22 0
12.23 0
12.24 0
12.25 0
12.26 0
12.27 0
12.28 3
12.29 10
12.3 14
12.31 23
12.32 29
12.33 36
12.34 40
12.35 19
12.36 19
12.37 19
12.38 18
12.39 13
12.4 10
12.41 2
12.42 0
12.43 0
12.44 0
12.45 0
12.46 0
12.47 0
12.48 0
12.49 0
12.5 8
12.51 19
12.52 23
12.53 28
12.54 35
12.55 16
12.56 16
12.57 17
12.58 16
12.59 16
12.6 10
12.61 11
12.62 12
12.63 13
12.64 14
12.65 10
12.66 5
12.67 2
12.68 6
12.69 14
12.7 18
12.71 22
12.72 18
12.73 13
12.74 14
12.75 13
12.76 12
12.77 15
12.78 7
12.79 3
12.8 0
12.81 0
12.82 0
12.83 0
12.84 0
12.85 0
12.86 0
12.87 1
12.88 6
12.89 12
12.9 18
12.91 24
12.92 35
12.93 38
12.94 17
12.95 17
12.96 19
12.97 18
12.98 16
12.99 10
13 6
13.01 6
13.02 0
13.03 0
13.04 0
13.05 0
13.06 0
13.07 0
13.08 5
13.09 13
13.1 18
13.11 25
13.12 31
13.13 38
13.14 19
13.15 19
13.16 18
13.17 19
13.18 14
13.19 3
13.2 6
13.21 9
13.22 0
13.23 0
13.24 0
13.25 0
13.26 0
13.27 0
13.28 0
13.29 3
13.3 9
13.31 15
13.32 19
13.33 25
13.34 30
13.35 38
13.36 18
13.37 19
13.38 17
13.39 17
13.4 13
13.41 15
13.42 15
13.43 15
13.44 3
13.45 2
13.46 0
13.47 0
13.48 0
13.49 0
13.5 0
13.51 0
13.52 0
13.53 1
13.54 5
13.55 15
13.56 22
13.57 27
13.58 32
13.59 40
13.6 19
13.61 18
13.62 18
13.63 18
13.64 14
13.65 9
13.66 5
13.67 3
13.68 0
13.69 0
13.7 0
13.71 0
13.72 0
13.73 0
13.74 1
13.75 6
13.76 18
13.77 23
13.78 28
13.79 32
13.8 16
13.81 16
13.82 17
13.83 17
13.84 15
13.85 7
13.86 5
13.87 7
13.88 0
13.89 0
13.9 0
13.91 0
13.92 0
13.93 0
13.94 2
13.95 7
13.96 14
13.97 26
13.98 31
13.99 35
14 16
14.01 16
14.02 16
14.03 16
14.04 16
14.05 12
14.06 12
14.07 9
14.08 6
14.09 3
14.1 0
14.11 0
14.12 3
14.13 6
14.14 12
14.15 18
14.16 23
14.17 25
14.18 33
14.19 39
14.2 20
14.21 20
14.22 21
14.23 20
14.24 15
14.25 6
14.26 0
14.27 0
14.28 0
14.29 0
14.3 0
14.31 0
14.32 0
14.33 0
14.34 0
14.35 0
14.36 4
14.37 7
14.38 14
14.39 19
14.4 24
14.41 29
14.42 34
14.43 23
14.44 20
14.45 18
14.46 18
14.47 18
14.48 18
14.49 12
14.5 9
14.51 2
14.52 0
14.53 0
14.54 0
14.55 0
14.56 3
14.57 5
14.58 8
14.59 13
14.6 20
14.61 25
14.62 30
14.63 30
14.64 16
14.65 17
14.66 18
14.67 17
14.68 13
14.69 12
14.7 14
14.71 15
14.72 12
14.73 6
14.74 0
14.75 2
14.76 1
14.77 5
14.78 6
14.79 12
14.8 18
14.81 25
14.82 30
14.83 27
14.84 17
14.85 18
14.86 16
14.87 16
14.88 9
14.89 3
14.9 7
14.91 1
14.92 0
14.93 0
14.94 0
14.95 2
14.96 6
14.97 11
14.98 17
14.99 20
15 29
15.01 35
15.02 34
15.03 18
15.04 19
15.05 18
15.06 18
15.07 15
15.08 13
15.09 9
15.1 2
15.11 3
15.12 0
15.13 0
15.14 0
15.15 0
15.16 3
15.17 5
15.18 11
15.19 19
15.2 31
15.21 32
15.22 40
15.23 23
15.24 21
15.25 22
15.26 21
15.27 19
15.28 13
15.29 2
15.3 2
15.31 0
15.32 4
15.33 0
15.34 0
15.35 1
15.36 5
15.37 11
15.38 18
15.39 23
15.4 30
15.41 38
15.42 26
15.43 19
15.44 21
15.45 19
15.46 20
15.47 18
15.48 18
15.49 5
15.5 2
15.51 0
15.52 0
15.53 0
15.54 0
15.55 0
15.56 0
15.57 0
15.58 4
15.59 14
15.6 21
15.61 23
15.62 29
15.63 34
15.64 39
15.65 19
15.66 19
15.67 21
15.68 19
15.69 18
15.7 19
15.71 17
15.72 15
15.73 8
15.74 2
15.75 0
15.76 0
15.77 0
15.78 0
15.79 0
15.8 6
15.81 11
15.82 17
15.83 23
15.84 30
15.85 36
15.86 28
15.87 20
15.88 19
15.89 21
15.9 19
15.91 16
15.92 4
15.93 4
15.94 4
15.95 0
15.96 0
15.97 0
15.98 0
15.99 0
16 5
16.01 12
16.02 18
16.03 25
16.04 31
16.05 38
16.06 19
16.07 17
16.08 18
16.09 17
16.1 16
16.11 12
16.12 11
16.13 16
16.14 12
16.15 1
16.16 0
16.17 0
16.18 0
16.19 0
16.2 0
16.21 6
16.22 13
16.23 22
16.24 26
16.25 37
16.26 32
16.27 18
16.28 18
16.29 19
16.3 18
16.31 15
16.32 17
16.33 10
16.34 0
16.35 0
16.36 0
16.37 0
16.38 0
16.39 0
16.4 0
16.41 4
16.42 11
16.43 20
16.44 23
16.45 28
16.46 34
16.47 34
16.48 20
16.49 19
16.5 19
16.51 19
16.52 11
16.53 13
16.54 12
16.55 10
16.56 0
16.57 0
16.58 0
16.59 0
16.6 0
16.61 0
16.62 0
16.63 6
16.64 9
16.65 15
16.66 23
16.67 29
16.68 37
16.69 17
16.7 17
16.71 16
16.72 16
16.73 14
16.74 9
16.75 0
16.76 1
16.77 0
16.78 0
16.79 0
16.8 0
16.81 0
16.82 0
16.83 0
16.84 0
16.85 7
16.86 15
16.87 19
16.88 25
16.89 33
16.9 39
16.91 19
16.92 18
16.93 18
16.94 18
16.95 12
16.96 11
16.97 6
16.98 7
16.99 1
17 0
17.01 0
17.02 0
17.03 0
17.04 0
17.05 0
17.06 3
17.07 8
17.08 13
17.09 23
17.1 30
17.11 35
17.12 16
17.13 17
17.14 16
17.15 18
17.16 14
17.17 15
17.18 8
17.19 5
17.2 0
17.21 0
17.22 0
17.23 0
17.24 0
17.25 0
17.26 0
17.27 9
17.28 14
17.29 21
17.3 31
17.31 34
17.32 26
17.33 18
17.34 18
17.35 18
17.36 18
17.37 14
17.38 14
17.39 10
17.4 6
17.41 7
17.42 6
17.43 7
17.44 5
17.45 9
17.46 0
17.47 5
17.48 14
17.49 18
17.5 24
17.51 33
17.52 39
17.53 20
17.54 20
17.55 19
17.56 19
17.57 17
17.58 14
17.59 11
17.6 0
17.61 0
17.62 0
17.63 0
17.64 0
17.65 0
17.66 2
17.67 6
17.68 10
17.69 21
17.7 25
17.71 29
17.72 35
17.73 17
17.74 18
17.75 19
17.76 17
17.77 11
17.78 5
17.79 2
17.8 2
17.81 0
17.82 0
17.83 0
17.84 0
17.85 0
17.86 0
17.87 2
17.88 7
17.89 14
17.9 19
17.91 29
17.92 34
17.93 37
17.94 38
17.95 21
17.96 23
17.97 22
17.98 21
17.99 18
18 14
18.01 10
18.02 4
18.03 0
18.04 0
18.05 0
18.06 0
18.07 0
18.08 0
18.09 0
18.1 1
18.11 8
18.12 16
18.13 21
18.14 23
18.15 28
18.16 33
18.17 20
18.18 17
18.19 18
18.2 17
18.21 12
18.22 12
18.23 12
18.24 8
18.25 10
18.26 11
18.27 7
18.28 2
18.29 6
18.3 11
18.31 16
18.32 23
18.33 13
18.34 13
18.35 14
18.36 12
18.37 3
18.38 0
18.39 0
18.4 0
18.41 0
18.42 0
18.43 0
18.44 0
18.45 0
18.46 1
18.47 5
18.48 13
18.49 17
18.5 24
18.51 30
18.52 35
18.53 41
18.54 20
18.55 20
18.56 19
18.57 20
18.58 12
18.59 13
18.6 15
18.61 13
18.62 10
18.63 0
18.64 0
18.65 0
18.66 0
18.67 4
18.68 4
18.69 11
18.7 16
18.71 21
18.72 26
18.73 35
18.74 16
18.75 16
18.76 16
18.77 17
18.78 16
18.79 14
18.8 16
18.81 10
18.82 5
18.83 3
18.84 0
18.85 0
18.86 0
18.87 0
18.88 5
18.89 13
18.9 20
18.91 27
18.92 31
18.93 15
18.94 16
18.95 15
18.96 15
18.97 14
18.98 16
18.99 14
19 14
19.01 0
19.02 0
19.03 0
19.04 0
19.05 0
19.06 0
19.07 0
19.08 1
19.09 5
19.1 13
19.11 19
19.12 26
19.13 30
19.14 36
19.15 18
19.16 17
19.17 17
19.18 19
19.19 18
19.2 19
19.21 17
19.22 12
19.23 1
19.24 0
19.25 0
19.26 0
19.27 0
19.28 0
19.29 0
19.3 3
19.31 11
19.32 17
19.33 26
19.34 32
19.35 38
19.36 17
19.37 17
19.38 17
19.39 17
19.4 17
19.41 10
19.42 2
19.43 0
19.44 0
19.45 0
19.46 0
19.47 0
19.48 0
19.49 0
19.5 0
19.51 0
19.52 8
19.53 12
19.54 18
19.55 22
19.56 29
19.57 33
19.58 29
19.59 18
19.6 18
19.61 18
19.62 18
19.63 17
19.64 15
19.65 11
19.66 4
19.67 0
19.68 0
19.69 0
19.7 0
19.71 0
19.72 0
19.73 0
19.74 0
19.75 1
19.76 9
19.77 14
19.78 23
19.79 29
19.8 33
19.81 21
19.82 17
19.83 17
19.84 17
19.85 13
19.86 7
19.87 0
19.88 0
19.89 0
19.9 0
19.91 0
19.92 0
19.93 0
19.94 0
19.95 0
19.96 0
19.97 5
19.98 10
19.99 17
20 22
20.01 29
20.02 35
20.03 36
20.04 19
20.05 18
20.06 19
20.07 18
20.08 7
20.09 9
20.1 10
20.11 0
20.12 2
20.13 0
20.14 0
20.15 0
20.16 0
20.17 0
20.18 6
20.19 13
20.2 19
20.21 23
20.22 29
20.23 35
20.24 28
20.25 18
20.26 19
20.27 18
20.28 18
20.29 13
20.3 9
20.31 0
20.32 0
20.33 0
20.34 0
20.35 0
20.36 0
20.37 0
20.38 0
20.39 11
20.4 16
20.41 22
20.42 30
20.43 33
20.44 36
20.45 19
20.46 19
20.47 19
20.48 18
20.49 13
20.5 14
20.51 10
20.52 5
20.53 0
20.54 0
20.55 0
20.56 0
20.57 0
20.58 0
20.59 0
20.6 7
20.61 14
20.62 25
20.63 32
20.64 38
20.65 17
20.66 16
20.67 16
20.68 16
20.69 16
20.7 14
20.71 14
20.72 13
20.73 5
20.74 0
20.75 0
20.76 0
20.77 0
20.78 0
20.79 0
20.8 4
20.81 11
20.82 17
20.83 25
20.84 31
20.85 37
20.86 16
20.87 16
20.88 18
20.89 16
20.9 13
20.91 14
20.92 11
20.93 1
20.94 0
20.95 0
20.96 0
20.97 1
20.98 6
20.99 10
21 16
21.01 21
21.02 24
21.03 29
21.04 15
21.05 15
21.06 17
21.07 16
21.08 17
21.09 15
21.1 16
21.11 12
21.12 12
21.13 4
21.14 0
21.15 0
21.16 0
21.17 0
21.18 0
21.19 2
21.2 6
21.21 12
21.22 15
21.23 19
21.24 26
21.25 34
21.26 39
21.27 23
21.28 22
21.29 20
21.3 21
21.31 20
21.32 20
21.33 8
21.34 1
21.35 0
21.36 0
21.37 0
21.38 0
21.39 0
21.4 0
21.41 0
21.42 0
21.43 5
21.44 10
21.45 20
21.46 26
21.47 31
21.48 38
21.49 26
21.5 19
21.51 19
21.52 20
21.53 19
21.54 12
21.55 3
21.56 1
21.57 0
21.58 0
21.59 0
21.6 0
21.61 0
21.62 0
21.63 0
21.64 0
21.65 3
21.66 8
21.67 11
21.68 18
21.69 26
21.7 30
21.71 36
21.72 17
21.73 17
21.74 19
21.75 18
21.76 14
21.77 12
21.78 7
21.79 10
21.8 0
21.81 0
21.82 0
21.83 0
21.84 0
21.85 0
21.86 0
21.87 5
21.88 11
21.89 23
21.9 25
21.91 29
21.92 33
21.93 17
21.94 16
21.95 17
21.96 17
21.97 9
21.98 9
21.99 0
22 0
22.01 0
22.02 0
22.03 0
22.04 0
22.05 0
22.06 0
22.07 0
22.08 4
22.09 12
22.1 16
22.11 22
22.12 28
22.13 34
22.14 38
22.15 18
22.16 18
22.17 19
22.18 19
22.19 20
22.2 18
22.21 14
22.22 4
22.23 0
22.24 0
22.25 0
22.26 0
22.27 0
22.28 0
22.29 0
22.3 0
22.31 3
22.32 7
22.33 14
22.34 21
22.35 24
22.36 29
22.37 35
22.38 38
22.39 21
22.4 21
22.41 20
22.42 20
22.43 19
22.44 14
22.45 4
22.46 0
22.47 0
22.48 0
22.49 0
22.5 1
22.51 5
22.52 12
22.53 17
22.54 23
22.55 28
22.56 36
22.57 18
22.58 19
22.59 18
22.6 19
22.61 16
22.62 8
22.63 10
22.64 17
22.65 7
22.66 0
22.67 0
22.68 0
22.69 0
22.7 0
22.71 2
22.72 12
22.73 19
22.74 25
22.75 31
22.76 36
22.77 18
22.78 19
22.79 19
22.8 18
22.81 17
22.82 0
22.83 1
22.84 0
22.85 0
22.86 0
22.87 0
22.88 0
22.89 0
22.9 0
22.91 0
22.92 2
22.93 14
22.94 18
22.95 24
22.96 34
22.97 40
22.98 30
22.99 19
23 20
23.01 19
23.02 19
23.03 20
23.04 19
23.05 17
23.06 17
23.07 11
23.08 9
23.09 1
23.1 0
23.11 0
23.12 0
23.13 0
23.14 3
23.15 12
23.16 20
23.17 28
23.18 35
23.19 15
23.2 15
23.21 15
23.22 15
23.23 10
23.24 0
23.25 0
23.26 0
23.27 0
23.28 0
23.29 0
23.3 0
23.31 0
23.32 0
23.33 5
23.34 12
23.35 17
23.36 23
23.37 29
23.38 33
23.39 16
23.4 15
23.41 16
23.42 15
23.43 15
23.44 13
23.45 8
23.46 0
23.47 0
23.48 0
23.49 0
23.5 0
23.51 0
23.52 0
23.53 0
23.54 0
23.55 0
23.56 2
23.57 13
23.58 19
23.59 26
23.6 30
23.61 38
23.62 16
23.63 16
23.64 16
23.65 16
23.66 12
23.67 2
23.68 0
23.69 0
23.7 0
23.71 0
23.72 0
23.73 0
23.74 0
23.75 0
23.76 0
23.77 0
23.78 7
23.79 13
23.8 19
23.81 27
23.82 32
23.83 36
23.84 18
23.85 18
23.86 17
23.87 17
23.88 12
23.89 17
23.9 15
23.91 8
23.92 4
23.93 0
23.94 0
23.95 0
23.96 0
23.97 0
23.98 0
23.99 5
24 9
24.01 18
24.02 24
24.03 31
24.04 36
24.05 18
24.06 17
24.07 18
24.08 18
24.09 12
24.1 12
24.11 8
24.12 9
24.13 10
24.14 12
24.15 4
24.16 0
24.17 0
24.18 0
24.19 0
24.2 5
24.21 10
24.22 18
24.23 21
24.24 27
24.25 29
24.26 32
24.27 17
24.28 18
24.29 17
24.3 18
24.31 3
24.32 1
24.33 0
24.34 0
24.35 0
24.36 0
24.37 0
24.38 0
24.39 0
24.4 4
24.41 9
24.42 19
24.43 23
24.44 26
24.45 30
24.46 35
24.47 18
24.48 19
24.49 17
24.5 17
24.51 14
24.52 12
24.53 6
24.54 0
24.55 0
24.56 0
24.57 0
24.58 0
24.59 0
24.6 0
24.61 0
24.62 7
24.63 14
24.64 18
24.65 26
24.66 35
24.67 37
24.68 17
24.69 17
24.7 18
24.71 17
24.72 14
24.73 6
24.74 8
24.75 1
24.76 0
24.77 0
24.78 0
24.79 0
24.8 0
24.81 0
24.82 1
24.83 8
24.84 21
24.85 28
24.86 34
24.87 25
24.88 17
24.89 17
24.9 16
24.91 16
24.92 13
24.93 11
24.94 7
24.95 5
24.96 0
24.97 0
24.98 0
24.99 0
25 0
25.01 6
25.02 13
25.03 19
25.04 25
25.05 33
25.06 35
25.07 18
25.08 19
25.09 18
25.1 19
25.11 17
25.12 10
25.13 6
25.14 2
25.15 0
25.16 0
25.17 0
25.18 0
25.19 0
25.2 5
25.21 11
25.22 17
25.23 21
25.24 27
25.25 31
25.26 18
25.27 18
25.28 16
25.29 16
25.3 12
25.31 16
25.32 13
25.33 15
25.34 13
25.35 10
25.36 13
25.37 13
25.38 15
25.39 14
25.4 12
25.41 13
25.42 13
25.43 11
25.44 14
25.45 9
25.46 6
25.47 5
25.48 5
25.49 5
25.5 10
25.51 8
25.52 11
25.53 17
25.54 22
25.55 13
25.56 12
25.57 13
25.58 13
25.59 13
25.6 11
25.61 5
25.62 4
25.63 0
25.64 0
25.65 0
25.66 0
25.67 0
25.68 0
25.69 7
25.7 11
25.71 14
25.72 21
25.73 30
25.74 35
25.75 39
25.76 23
25.77 21
25.78 21
25.79 21
25.8 21
25.81 18
25.82 12
25.83 7
25.84 4
25.85 0
25.86 0
25.87 0
25.88 0
25.89 0
25.9 0
25.91 0
25.92 2
25.93 9
25.94 12
25.95 18
25.96 24
25.97 34
25.98 36
25.99 16
26 16
26.01 17
26.02 17
26.03 15
26.04 14
26.05 15
26.06 14
26.07 15
26.08 15
26.09 7
26.1 9
26.11 15
26.12 14
26.13 15
26.14 16
26.15 14
26.16 14
26.17 3
26.18 1
26.19 0
26.2 0
26.21 0
26.22 0
26.23 0
26.24 0
26.25 2
26.26 9
26.27 15
26.28 23
26.29 31
26.3 40
26.31 27
26.32 19
26.33 18
26.34 18
26.35 18
26.36 19
26.37 20
26.38 19
26.39 4
26.4 0
26.41 0
26.42 0
26.43 0
26.44 0
26.45 0
26.46 0
26.47 0
26.48 0
26.49 5
26.5 10
26.51 18
26.52 24
26.53 31
26.54 38
26.55 17
26.56 18
26.57 17
26.58 18
26.59 17
26.6 14
26.61 15
26.62 16
26.63 5
26.64 1
26.65 0
26.66 0
26.67 0
26.68 0
26.69 0
26.7 3
26.71 10
26.72 17
26.73 20
26.74 27
26.75 31
26.76 30
26.77 17
26.78 18
26.79 17
26.8 18
26.81 14
26.82 12
26.83 0
26.84 0
26.85 0
26.86 0
26.87 0
26.88 0
26.89 0
26.9 0
26.91 1
26.92 7
26.93 11
26.94 16
26.95 21
26.96 28
26.97 32
26.98 36
26.99 18
27 19
27.01 20
27.02 19
27.03 10
27.04 1
27.05 0
27.06 0
27.07 0
27.08 0
27.09 0
27.1 0
27.11 0
27.12 0
27.13 0
27.14 0
27.15 0
27.16 4
27.17 10
27.18 16
27.19 19
27.2 24
27.21 30
27.22 35
27.23 24
27.24 18
27.25 18
27.26 20
27.27 19
27.28 15
27.29 13
27.3 14
27.31 4
27.32 4
27.33 3
27.34 0
27.35 0
27.36 0
27.37 0
27.38 0
27.39 6
27.4 11
27.41 17
27.42 21
27.43 27
27.44 31
27.45 26
27.46 19
27.47 19
27.48 18
27.49 18
27.5 8
27.51 10
27.52 9
27.53 11
27.54 6
27.55 10
27.56 3
27.57 8
27.58 13
27.59 21
27.6 13
27.61 11
27.62 12
27.63 12
27.64 13
27.65 8
27.66 9
27.67 6
27.68 0
27.69 6
27.7 2
27.71 4
27.72 9
27.73 14
27.74 19
27.75 23
27.76 25
27.77 13
27.78 13
27.79 13
27.8 14
27.81 4
27.82 0
27.83 0
27.84 0
27.85 0
27.86 0
27.87 0
27.88 0
27.89 0
27.9 0
27.91 1
27.92 4
27.93 13
27.94 20
27.95 23
27.96 31
27.97 36
27.98 35
27.99 18
28 19
28.01 18
28.02 19
28.03 19
28.04 13
28.05 11
28.06 14
28.07 13
28.08 1
28.09 0
28.1 0
28.11 0
28.12 0
28.13 0
28.14 4
28.15 9
28.16 14
28.17 18
28.18 23
28.19 28
28.2 31
28.21 21
28.22 17
28.23 18
28.24 18
28.25 18
28.26 15
28.27 9
28.28 2
28.29 0
28.3 0
28.31 0
28.32 0
28.33 0
28.34 0
28.35 0
28.36 0
28.37 0
28.38 7
28.39 11
28.4 16
28.41 23
28.42 26
28.43 29
28.44 33
28.45 34
28.46 19
28.47 19
28.48 20
28.49 21
28.5 19
28.51 19
28.52 14
28.53 5
28.54 0
28.55 0
28.56 0
28.57 0
28.58 0
28.59 0
28.6 0
28.61 0
28.62 0
28.63 3
28.64 9
28.65 15
28.66 20
28.67 22
28.68 28
28.69 35
28.7 19
28.71 17
28.72 17
28.73 18
28.74 17
28.75 17
28.76 18
28.77 11
28.78 0
28.79 0
28.8 0
28.81 0
28.82 0
28.83 0
28.84 0
28.85 0
28.86 0
28.87 0
28.88 4
28.89 10
28.9 17
28.91 21
28.92 25
28.93 30
28.94 35
28.95 17
28.96 18
28.97 19
28.98 17
28.99 18
29 11
29.01 5
29.02 0
29.03 0
29.04 0
29.05 0
29.06 0
29.07 0
29.08 0
29.09 0
29.1 1
29.11 9
29.12 15
29.13 18
29.14 23
29.15 26
29.16 29
29.17 24
29.18 16
29.19 18
29.2 18
29.21 15
29.22 16
29.23 16
29.24 16
29.25 14
29.26 9
29.27 2
29.28 0
29.29 2
29.3 0
29.31 0
29.32 1
29.33 4
29.34 9
29.35 18
29.36 23
29.37 28
29.38 33
29.39 38
29.4 18
29.41 18
29.42 18
29.43 18
29.44 13
29.45 11
29.46 10
29.47 6
29.48 2
29.49 3
29.5 0
29.51 0
29.52 0
29.53 0
29.54 0
29.55 0
29.56 3
29.57 11
29.58 14
29.59 22
29.6 29
29.61 34
29.62 24
29.63 17
29.64 16
29.65 16
29.66 15
29.67 9
29.68 11
29.69 0
29.7 0
29.71 0
29.72 0
29.73 0
29.74 0
29.75 3
29.76 9
29.77 21
29.78 26
29.79 31
29.8 39
29.81 18
29.82 18
29.83 18
29.84 18
29.85 17
29.86 17
29.87 17
29.88 17
29.89 7
29.9 0
29.91 0
29.92 0
29.93 0
29.94 0
29.95 0
29.96 0
29.97 0
29.98 0
29.99 4
30 11
30.01 20
30.02 27
30.03 31
30.04 37
30.05 18
30.06 18
30.07 19
30.08 20
30.09 19
30.1 15
30.11 7
30.12 2
30.13 0
30.14 0
30.15 0
30.16 0
30.17 0
30.18 0
30.19 0
30.2 0
30.21 4
30.22 10
30.23 15
30.24 20
30.25 25
30.26 31
30.27 33
30.28 17
30.29 19
30.3 19
30.31 18
30.32 15
30.33 15
30.34 16
30.35 9
30.36 0
30.37 0
30.38 0
30.39 0
30.4 2
30.41 6
30.42 11
30.43 19
30.44 26
30.45 32
30.46 33
30.47 16
30.48 19
30.49 20
30.5 19
30.51 17
30.52 16
30.53 9
30.54 11
30.55 7
30.56 1
30.57 0
30.58 0
30.59 0
30.6 0
30.61 0
30.62 6
30.63 14
30.64 19
30.65 22
30.66 29
30.67 35
30.68 33
30.69 20
30.7 20
30.71 20
30.72 19
30.73 12
30.74 6
30.75 5
30.76 3
30.77 0
30.78 0
30.79 0
30.8 0
30.81 1
30.82 4
30.83 9
30.84 19
30.85 23
30.86 31
30.87 37
30.88 18
30.89 17
30.9 18
30.91 16
30.92 14
30.93 9
30.94 8
30.95 5
30.96 0
30.97 5
30.98 0
30.99 0
31 0
31.01 3
31.02 9
31.03 16
31.04 21
31.05 30
31.06 33
31.07 15
31.08 15
31.09 15
31.1 15
31.11 8
31.12 9
31.13 7
31.14 12
31.15 8
31.16 0
31.17 0
31.18 0
31.19 0
31.2 4
31.21 9
31.22 13
31.23 19
31.24 22
31.25 28
31.26 33
31.27 17
31.28 16
31.29 17
31.3 17
31.31 9
31.32 10
31.33 0
31.34 0
31.35 0
31.36 0
31.37 0
31.38 0
31.39 0
31.4 0
31.41 0
31.42 0
31.43 0
31.44 4
31.45 9
31.46 17
31.47 25
31.48 30
31.49 35
31.5 40
31.51 19
31.52 21
31.53 20
31.54 19
31.55 16
31.56 7
31.57 6
31.58 5
31.59 0
31.6 0
31.61 0
31.62 0
31.63 0
31.64 0
31.65 0
31.66 5
31.67 13
31.68 18
31.69 23
31.7 32
31.71 36
31.72 21
31.73 20
31.74 18
31.75 19
31.76 14
31.77 10
31.78 13
31.79 5
31.8 3
31.81 4
31.82 3
31.83 0
31.84 2
31.85 8
31.86 7
31.87 12
31.88 21
31.89 27
31.9 35
31.91 38
31.92 19
31.93 19
31.94 19
31.95 20
31.96 20
31.97 16
31.98 4
31.99 1
32 0
32.01 0
32.02 0
32.03 0
32.04 0
32.05 0
32.06 1
32.07 12
32.08 18
32.09 24
32.1 32
32.11 39
32.12 21
32.13 18
32.14 18
32.15 19
32.16 17
32.17 10
32.18 4
32.19 7
32.2 0
32.21 0
32.22 0
32.23 0
32.24 0
32.25 0
32.26 1
32.27 9
32.28 13
32.29 19
32.3 25
32.31 33
32.32 32
32.33 17
32.34 17
32.35 17
32.36 16
32.37 17
32.38 11
32.39 15
32.4 5
32.41 1
32.42 0
32.43 0
32.44 0
32.45 0
32.46 0
32.47 1
32.48 8
32.49 12
32.5 17
32.51 25
32.52 31
32.53 38
32.54 16
32.55 16
32.56 17
32.57 16
32.58 9
32.59 4
32.6 0
32.61 0
32.62 0
32.63 0
32.64 0
32.65 0
32.66 0
32.67 2
32.68 10
32.69 15
32.7 21
32.71 25
32.72 34
32.73 28
32.74 17
32.75 17
32.76 17
32.77 18
32.78 14
32.79 10
32.8 10
32.81 0
32.82 0
32.83 0
32.84 0
32.85 0
32.86 0
32.87 0
32.88 0
32.89 7
32.9 12
32.91 18
32.92 29
32.93 33
32.94 38
32.95 18
32.96 17
32.97 18
32.98 17
32.99 17
33 11
33.01 6
33.02 0
33.03 0
33.04 0
33.05 0
33.06 0
33.07 0
33.08 0
33.09 0
33.1 0
33.11 2
33.12 10
33.13 17
33.14 22
33.15 28
33.16 34
33.17 24
33.18 16
33.19 18
33.2 17
33.21 17
33.22 16
33.23 9
33.24 1
33.25 0
33.26 0
33.27 0
33.28 0
33.29 0
33.3 1
33.31 4
33.32 12
33.33 21
33.34 25
33.35 30
33.36 38
33.37 19
33.38 20
33.39 18
33.4 18
33.41 16
33.42 12
33.43 4
33.44 3
33.45 0
33.46 0
33.47 0
33.48 0
33.49 0
33.5 0
33.51 0
33.52 6
33.53 14
33.54 20
33.55 24
33.56 29
33.57 34
33.58 37
33.59 21
33.6 20
33.61 21
33.62 20
33.63 19
33.64 17
33.65 20
33.66 18
33.67 10
33.68 5
33.69 0
33.7 0
33.71 0
33.72 0
33.73 0
33.74 0
33.75 8
33.76 11
33.77 17
33.78 24
33.79 31
33.8 37
33.81 20
33.82 19
33.83 20
33.84 22
33.85 19
33.86 13
33.87 10
33.88 9
33.89 0
33.9 0
33.91 0
33.92 0
33.93 0
33.94 0
33.95 5
33.96 13
33.97 19
33.98 26
33.99 35
34 39
34.01 20
34.02 19
34.03 19
34.04 19
34.05 17
34.06 20
34.07 17
34.08 10
34.09 14
34.1 12
34.11 0
34.12 0
34.13 0
34.14 0
34.15 0
34.16 2
34.17 4
34.18 13
34.19 19
34.2 23
34.21 31
34.22 37
34.23 18
34.24 18
34.25 18
34.26 19
34.27 10
34.28 14
34.29 16
34.3 11
34.31 10
34.32 6
34.33 0
34.34 0
34.35 2
34.36 6
34.37 14
34.38 17
34.39 23
34.4 27
34.41 15
34.42 16
34.43 15
34.44 15
34.45 15
34.46 13
34.47 14
34.48 7
34.49 1
34.5 1
34.51 0
34.52 0
34.53 0
34.54 1
34.55 7
34.56 10
34.57 15
34.58 21
34.59 28
34.6 30
34.61 36
34.62 19
34.63 18
34.64 19
34.65 18
34.66 18
34.67 19
34.68 13
34.69 8
34.7 0
34.71 0
34.72 0
34.73 0
34.74 0
34.75 0
34.76 0
34.77 0
34.78 0
34.79 6
34.8 12
34.81 18
34.82 25
34.83 30
34.84 36
34.85 20
34.86 18
34.87 18
34.88 17
34.89 17
34.9 17
34.91 12
34.92 7
34.93 2
34.94 0
34.95 0
34.96 0
34.97 0
34.98 0
34.99 0
35 0
35.01 0
35.02 0
35.03 4
35.04 9
35.05 13
35.06 20
35.07 24
35.08 32
35.09 36
35.1 19
35.11 17
35.12 17
35.13 18
35.14 18
35.15 11
35.16 4
35.17 0
35.18 0
35.19 0
35.2 0
35.21 0
35.22 0
35.23 0
35.24 0
35.25 5
35.26 12
35.27 16
35.28 21
35.29 29
35.3 32
35.31 20
35.32 17
35.33 18
35.34 17
35.35 17
35.36 16
35.37 16
35.38 11
35.39 0
35.4 0
35.41 0
35.42 0
35.43 0
35.44 0
35.45 6
35.46 11
35.47 18
35.48 25
35.49 30
35.5 35
35.51 18
35.52 17
35.53 17
35.54 19
35.55 13
35.56 16
35.57 12
35.58 8
35.59 10
35.6 5
35.61 0
35.62 0
35.63 0
35.64 0
35.65 0
35.66 2
35.67 11
35.68 17
35.69 21
35.7 25
35.71 30
35.72 29
35.73 16
35.74 17
35.75 17
35.76 16
35.77 7
35.78 7
35.79 0
35.8 0
35.81 0
35.82 0
35.83 0
35.84 0
35.85 0
35.86 4
35.87 7
35.88 18
35.89 25
35.9 31
35.91 37
35.92 44
35.93 21
35.94 20
35.95 21
35.96 21
35.97 21
35.98 13
35.99 9
36 0
36.01 0
36.02 0
36.03 0
36.04 0
36.05 0
36.06 0
36.07 0
36.08 0
36.09 8
36.1 16
36.11 20
36.12 29
36.13 33
36.14 37
36.15 19
36.16 20
36.17 18
36.18 18
36.19 16
36.2 17
36.21 15
36.22 7
36.23 2
36.24 0
36.25 0
36.26 0
36.27 0
36.28 1
36.29 6
36.3 11
36.31 17
36.32 25
36.33 31
36.34 36
36.35 32
36.36 19
36.37 20
36.38 19
36.39 20
36.4 17
36.41 21
36.42 17
36.43 4
36.44 0
36.45 0
36.46 0
36.47 0
36.48 0
36.49 0
36.5 0
36.51 11
36.52 16
36.53 20
36.54 31
36.55 37
36.56 37
36.57 21
36.58 20
36.59 19
36.6 20
36.61 19
36.62 18
36.63 8
36.64 0
36.65 0
36.66 0
36.67 0
36.68 0
36.69 0
36.7 0
36.71 0
36.72 7
36.73 15
36.74 19
36.75 27
36.76 33
36.77 37
36.78 17
36.79 17
36.8 17
36.81 19
36.82 13
36.83 9
36.84 4
36.85 9
36.86 0
36.87 0
36.88 0
36.89 0
36.9 0
36.91 0
36.92 1
36.93 11
36.94 16
36.95 25
36.96 30
36.97 36
36.98 17
36.99 17
37 18
37.01 17
37.02 15
37.03 1
37.04 0
37.05 0
37.06 0
37.07 0
37.08 0
37.09 0
37.1 0
37.11 0
37.12 0
37.13 0
37.14 1
37.15 8
37.16 14
37.17 21
37.18 28
37.19 35
37.2 40
37.21 18
37.22 18
37.23 19
37.24 19
37.25 18
37.26 14
37.27 11
37.28 10
37.29 8
37.3 0
37.31 0
37.32 0
37.33 0
37.34 0
37.35 0
37.36 0
37.37 0
37.38 5
37.39 9
37.4 17
37.41 21
37.42 29
37.43 34
37.44 23
37.45 16
37.46 17
37.47 16
37.48 15
37.49 17
37.5 14
37.51 10
37.52 0
37.53 0
37.54 0
37.55 0
37.56 0
37.57 0
37.58 0
37.59 3
37.6 9
37.61 14
37.62 22
37.63 26
37.64 32
37.65 38
37.66 19
37.67 19
37.68 20
37.69 19
37.7 19
37.71 13
37.72 8
37.73 8
37.74 0
37.75 0
37.76 0
37.77 0
37.78 0
37.79 0
37.8 0
37.81 0
37.82 4
37.83 10
37.84 18
37.85 23
37.86 27
37.87 33
37.88 38
37.89 19
37.9 18
37.91 18
37.92 19
37.93 17
37.94 14
37.95 18
37.96 10
37.97 0
37.98 0
37.99 0
38 0
38.01 0
38.02 0
38.03 0
38.04 6
38.05 12
38.06 17
38.07 22
38.08 30
38.09 33
38.1 36
38.11 18
38.12 18
38.13 18
38.14 19
38.15 17
38.16 13
38.17 6
38.18 0
38.19 0
38.2 0
38.21 0
38.22 0
38.23 0
38.24 1
38.25 10
38.26 15
38.27 24
38.28 30
38.29 35
38.3 16
38.31 15
38.32 16
38.33 15
38.34 16
38.35 14
38.36 6
38.37 0
38.38 0
38.39 0
38.4 0
38.41 0
38.42 0
38.43 0
38.44 1
38.45 8
38.46 16
38.47 21
38.48 31
38.49 37
38.5 40
38.51 20
38.52 21
38.53 19
38.54 21
38.55 15
38.56 11
38.57 11
38.58 3
38.59 0
38.6 1
38.61 0
38.62 0
38.63 2
38.64 7
38.65 12
38.66 23
38.67 31
38.68 37
38.69 22
38.7 18
38.71 18
38.72 18
38.73 16
38.74 12
38.75 2
38.76 0
38.77 0
38.78 0
38.79 0
38.8 0
38.81 0
38.82 0
38.83 2
38.84 8
38.85 14
38.86 24
38.87 29
38.88 35
38.89 23
38.9 18
38.91 17
38.92 18
38.93 17
38.94 10
38.95 8
38.96 6
38.97 0
38.98 0
38.99 0
39 0
39.01 0
39.02 0
39.03 0
39.04 0
39.05 0
39.06 7
39.07 11
39.08 16
39.09 22
39.1 28
39.11 35
39.12 33
39.13 20
39.14 18
39.15 18
39.16 19
39.17 19
39.18 16
39.19 17
39.2 14
39.21 3
39.22 2
39.23 0
39.24 0
39.25 0
39.26 0
39.27 0
39.28 1
39.29 7
39.3 14
39.31 21
39.32 24
39.33 29
39.34 35
39.35 17
39.36 18
39.37 17
39.38 17
39.39 17
39.4 10
39.41 0
39.42 0
39.43 0
39.44 0
39.45 0
39.46 0
39.47 0
39.48 0
39.49 0
39.5 0
39.51 1
39.52 5
39.53 10
39.54 15
39.55 20
39.56 26
39.57 30
39.58 36
39.59 34
39.6 19
39.61 20
39.62 19
39.63 19
39.64 11
39.65 7
39.66 5
39.67 1
39.68 0
39.69 0
39.7 0
39.71 0
39.72 0
39.73 0
39.74 0
39.75 0
39.76 4
39.77 10
39.78 17
39.79 23
39.8 28
39.81 32
39.82 36
39.83 18
39.84 18
39.85 18
39.86 18
39.87 17
39.88 17
39.89 12
39.9 14
39.91 13
39.92 4
39.93 9
39.94 7
39.95 11
39.96 12
39.97 13
39.98 13
39.99 12
40 5
40.01 11
40.02 9
40.03 1
40.04 0
40.05 5
40.06 0
40.07 2
40.08 7
40.09 11
40.1 18
40.11 24
40.12 29
40.13 35
40.14 23
40.15 19
40.16 18
40.17 16
40.18 15
40.19 9
40.2 0
40.21 0
40.22 0
40.23 0
40.24 0
40.25 0
40.26 0
40.27 0
40.28 1
40.29 7
40.3 16
40.31 23
40.32 25
40.33 29
40.34 32
40.35 20
40.36 17
40.37 19
40.38 18
40.39 18
40.4 18
40.41 13
40.42 3
40.43 6
40.44 0
40.45 0
40.46 0
40.47 0
40.48 2
40.49 8
40.5 11
40.51 17
40.52 23
40.53 28
40.54 33
40.55 38
40.56 19
40.57 19
40.58 20
40.59 21
40.6 19
40.61 14
40.62 14
40.63 8
40.64 0
40.65 0
40.66 0
40.67 0
40.68 0
40.69 0
40.7 0
40.71 0
40.72 4
40.73 9
40.74 16
40.75 19
40.76 23
40.77 26
40.78 31
40.79 23
40.8 17
40.81 17
40.82 18
40.83 14
40.84 12
40.85 13
40.86 8
40.87 9
40.88 7
40.89 0
40.9 0
40.91 1
40.92 7
40.93 12
40.94 17
40.95 20
40.96 26
40.97 33
40.98 36
40.99 19
41 19
41.01 19
41.02 19
41.03 18
41.04 6
41.05 0
41.06 0
41.07 0
41.08 0
41.09 0
41.1 0
41.11 0
41.12 0
41.13 3
41.14 10
41.15 18
41.16 21
41.17 29
41.18 36
41.19 19
41.2 18
41.21 17
41.22 17
41.23 17
41.24 10
41.25 15
41.26 3
41.27 0
41.28 0
41.29 0
41.3 0
41.31 0
41.32 0
41.33 0
41.34 6
41.35 14
41.36 22
41.37 27
41.38 31
41.39 31
41.4 16
41.41 17
41.42 16
41.43 16
41.44 17
41.45 11
41.46 14
41.47 11
41.48 3
41.49 0
41.5 0
41.51 0
41.52 0
41.53 0
41.54 0
41.55 1
41.56 5
41.57 10
41.58 18
41.59 24
41.6 30
41.61 35
41.62 16
41.63 17
41.64 16
41.65 16
41.66 11
41.67 0
41.68 1
41.69 0
41.7 0
41.71 0
41.72 0
41.73 0
41.74 0
41.75 0
41.76 0
41.77 4
41.78 9
41.79 17
41.8 23
41.81 27
41.82 34
41.83 37
41.84 20
41.85 19
41.86 20
41.87 20
41.88 15
41.89 14
41.9 10
41.91 0
41.92 0
41.93 0
41.94 0
41.95 0
41.96 0
41.97 0
41.98 0
41.99 0
42 10
42.01 14
42.02 18
42.03 26
42.04 31
42.05 35
42.06 39
42.07 19
42.08 20
42.09 19
42.1 19
42.11 19
42.12 18
42.13 15
42.14 2
42.15 0
42.16 0
42.17 0
42.18 0
42.19 0
42.2 0
42.21 0
42.22 0
42.23 2
42.24 6
42.25 14
42.26 19
42.27 26
42.28 31
42.29 38
42.3 20
42.31 19
42.32 18
42.33 18
42.34 15
42.35 13
42.36 12
42.37 11
42.38 9
42.39 6
42.4 2
42.41 2
42.42 4
42.43 10
42.44 13
42.45 21
42.46 13
42.47 14
42.48 15
42.49 13
42.5 12
42.51 5
42.52 9
42.53 5
42.54 1
42.55 4
42.56 0
42.57 0
42.58 4
42.59 7
42.6 15
42.61 19
42.62 26
42.63 32
42.64 37
42.65 21
42.66 20
42.67 19
42.68 19
42.69 12
42.7 15
42.71 18
42.72 17
42.73 10
42.74 4
42.75 0
42.76 0
42.77 0
42.78 2
42.79 4
42.8 7
42.81 14
42.82 20
42.83 25
42.84 32
42.85 38
42.86 18
42.87 18
42.88 21
42.89 18
42.9 13
42.91 10
42.92 7
42.93 8
42.94 4
42.95 5
42.96 7
42.97 10
42.98 17
42.99 21
43 23
43.01 27
43.02 16
43.03 15
43.04 15
43.05 17
43.06 12
43.07 15
43.08 12
43.09 14
43.1 8
43.11 7
43.12 5
43.13 6
43.14 13
43.15 17
43.16 6
43.17 13
43.18 16
43.19 13
43.2 12
43.21 13
43.22 12
43.23 8
43.24 12
43.25 7
43.26 9
43.27 4
43.28 0
43.29 0
43.3 0
43.31 0
43.32 6
43.33 11
43.34 18
43.35 24
43.36 27
43.37 34
43.38 16
43.39 17
43.4 17
43.41 17
43.42 17
43.43 12
43.44 7
43.45 2
43.46 1
43.47 3
43.48 0
43.49 0
43.5 0
43.51 6
43.52 9
43.53 14
43.54 18
43.55 27
43.56 33
43.57 29
43.58 18
43.59 17
43.6 17
43.61 18
43.62 11
43.63 7
43.64 6
43.65 11
43.66 8
43.67 2
43.68 0
43.69 0
43.7 0
43.71 2
43.72 11
43.73 17
43.74 24
43.75 30
43.76 34
43.77 17
43.78 18
43.79 17
43.8 17
43.81 18
43.82 10
43.83 9
43.84 11
43.85 8
43.86 1
43.87 0
43.88 0
43.89 0
43.9 0
43.91 0
43.92 1
43.93 9
43.94 14
43.95 21
43.96 28
43.97 34
43.98 16
43.99 17
44 16
44.01 16
44.02 17
44.03 16
44.04 13
44.05 9
44.06 4
44.07 0
44.08 0
44.09 0
44.1 0
44.11 0
44.12 0
44.13 0
44.14 3
44.15 14
44.16 23
44.17 28
44.18 34
44.19 28
44.2 20
44.21 18
44.22 18
44.23 18
44.24 18
44.25 12
44.26 8
44.27 10
44.28 3
44.29 0
44.3 0
44.31 5
44.32 8
44.33 13
44.34 19
44.35 21
44.36 28
44.37 32
44.38 35
44.39 21
44.4 21
44.41 19
44.42 19
44.43 20
44.44 13
44.45 6
44.46 10
44.47 0
44.48 0
44.49 0
44.5 0
44.51 0
44.52 0
44.53 0
44.54 7
44.55 11
44.56 16
44.57 22
44.58 29
44.59 35
44.6 16
44.61 15
44.62 16
44.63 16
44.64 12
44.65 13
44.66 0
44.67 3
44.68 0
44.69 0
44.7 0
44.71 0
44.72 0
44.73 0
44.74 0
44.75 0
44.76 8
44.77 16
44.78 21
44.79 26
44.8 31
44.81 37
44.82 17
44.83 19
44.84 20
44.85 17
44.86 18
44.87 13
44.88 11
44.89 3
44.9 0
44.91 0
44.92 0
44.93 0
44.94 0
44.95 0
44.96 0
44.97 0
44.98 8
44.99 12
45 21
45.01 28
45.02 34
45.03 39
45.04 19
45.05 22
45.06 21
45.07 21
45.08 16
45.09 12
45.1 5
45.11 0
45.12 0
45.13 0
45.14 0
45.15 0
45.16 0
45.17 0
45.18 0
45.19 5
45.2 11
45.21 18
45.22 23
45.23 32
45.24 36
45.25 21
45.26 18
45.27 19
45.28 18
45.29 17
45.3 16
45.31 6
45.32 6
45.33 1
45.34 1
45.35 0
45.36 0
45.37 0
45.38 0
45.39 1
45.4 7
45.41 11
45.42 20
45.43 29
45.44 34
45.45 39
45.46 19
45.47 20
45.48 19
45.49 19
45.5 20
45.51 18
45.52 17
45.53 9
45.54 6
45.55 0
45.56 0
45.57 0
45.58 0
45.59 0
45.6 0
45.61 0
45.62 5
45.63 12
45.64 20
45.65 25
45.66 30
45.67 37
45.68 18
45.69 18
45.7 18
45.71 19
45.72 13
45.73 16
45.74 15
45.75 16
45.76 13
45.77 5
45.78 0
45.79 0
45.8 0
45.81 0
45.82 5
45.83 8
45.84 14
45.85 22
45.86 29
45.87 34
45.88 17
45.89 18
45.9 16
45.91 17
45.92 16
45.93 9
45.94 7
45.95 3
45.96 1
45.97 1
45.98 0
45.99 1
46 6
46.01 11
46.02 16
46.03 22
46.04 31
46.05 36
46.06 22
46.07 19
46.08 18
46.09 19
46.1 16
46.11 11
46.12 10
46.13 4
46.14 1
46.15 0
46.16 0
46.17 0
46.18 0
46.19 0
46.2 0
46.21 7
46.22 13
46.23 19
46.24 22
46.25 31
46.26 36
46.27 16
46.28 16
46.29 17
46.3 17
46.31 17
46.32 16
46.33 17
46.34 14
46.35 0
46.36 0
46.37 0
46.38 0
46.39 0
46.4 0
46.41 1
46.42 5
46.43 11
46.44 18
46.45 23
46.46 31
46.47 30
46.48 16
46.49 18
46.5 15
46.51 15
46.52 13
46.53 14
46.54 13
46.55 14
46.56 4
46.57 0
46.58 0
46.59 4
46.6 8
46.61 12
46.62 9
46.63 17
46.64 25
46.65 28
46.66 34
46.67 17
46.68 17
46.69 18
46.7 18
46.71 16
46.72 14
46.73 10
46.74 9
46.75 2
46.76 0
46.77 0
46.78 0
46.79 0
46.8 0
46.81 2
46.82 12
46.83 15
46.84 21
46.85 25
46.86 31
46.87 29
46.88 17
46.89 16
46.9 16
46.91 16
46.92 6
46.93 12
46.94 13
46.95 0
46.96 0
46.97 0
46.98 0
46.99 0
47 0
47.01 0
47.02 0
47.03 5
47.04 12
47.05 19
47.06 28
47.07 34
47.08 43
47.09 18
47.1 19
47.11 18
47.12 19
47.13 13
47.14 12
47.15 11
47.16 10
47.17 1
47.18 1
47.19 0
47.2 0
47.21 0
47.22 0
47.23 0
47.24 6
47.25 14
47.26 23
47.27 30
47.28 35
47.29 40
47.3 19
47.31 20
47.32 20
47.33 19
47.34 18
47.35 15
47.36 12
47.37 11
47.38 4
47.39 0
47.4 0
47.41 0
47.42 0
47.43 0
47.44 3
47.45 5
47.46 12
47.47 17
47.48 25
47.49 30
47.5 35
47.51 17
47.52 17
47.53 19
47.54 17
47.55 18
47.56 16
47.57 9
47.58 3
47.59 0
47.6 0
47.61 0
47.62 0
47.63 0
47.64 0
47.65 0
47.66 6
47.67 16
47.68 23
47.69 28
47.7 34
47.71 41
47.72 20
47.73 19
47.74 19
47.75 19
47.76 20
47.77 18
47.78 14
47.79 15
47.8 7
47.81 0
47.82 0
47.83 0
47.84 0
47.85 0
47.86 0
47.87 0
47.88 0
47.89 1
47.9 6
47.91 14
47.92 20
47.93 25
47.94 31
47.95 35
47.96 17
47.97 17
47.98 18
47.99 18
48 18
48.01 18
48.02 11
48.03 15
48.04 0
48.05 0
48.06 0
48.07 0
48.08 0
48.09 0
48.1 0
48.11 0
48.12 0
48.13 7
48.14 10
48.15 21
48.16 25
48.17 32
48.18 37
48.19 19
48.2 19
48.21 19
48.22 19
48.23 13
48.24 12
48.25 6
48.26 12
48.27 2
48.28 0
48.29 0
48.3 0
48.31 0
48.32 0
48.33 0
48.34 3
48.35 9
48.36 13
48.37 19
48.38 26
48.39 32
48.4 34
48.41 17
48.42 16
48.43 17
48.44 16
48.45 9
48.46 8
48.47 7
48.48 7
48.49 7
48.5 1
48.51 0
48.52 0
48.53 0
48.54 0
48.55 0
48.56 6
48.57 16
48.58 20
48.59 25
48.6 32
48.61 38
48.62 19
48.63 18
48.64 18
48.65 19
48.66 14
48.67 19
48.68 19
48.69 18
48.7 19
48.71 13
48.72 5
48.73 0
48.74 0
48.75 1
48.76 0
48.77 0
48.78 0
48.79 1
48.8 5
48.81 11
48.82 19
48.83 23
48.84 29
48.85 34
48.86 44
48.87 20
48.88 20
48.89 22
48.9 20
48.91 20
48.92 17
48.93 18
48.94 18
48.95 12
48.96 10
48.97 0
48.98 0
48.99 0
49 1
49.01 5
49.02 11
49.03 15
49.04 19
49.05 24
49.06 28
49.07 35
49.08 19
49.09 19
49.1 18
49.11 19
49.12 18
49.13 12
49.14 16
49.15 5
49.16 8
49.17 3
49.18 0
49.19 5
49.2 10
49.21 15
49.22 20
49.23 28
49.24 35
49.25 18
49.26 18
49.27 19
49.28 19
49.29 16
49.3 14
49.31 11
49.32 4
49.33 0
49.34 0
49.35 0
49.36 0
49.37 0
49.38 0
49.39 0
49.4 6
49.41 16
49.42 23
49.43 27
49.44 33
49.45 38
49.46 20
49.47 20
49.48 19
49.49 20
49.5 21
49.51 19
49.52 19
49.53 14
49.54 11
49.55 2
49.56 0
49.57 0
49.58 0
49.59 0
49.6 0
49.61 0
49.62 5
49.63 13
49.64 17
49.65 26
49.66 34
49.67 15
49.68 16
49.69 15
49.7 15
49.71 12
49.72 10
49.73 14
49.74 10
49.75 0
49.76 0
49.77 0
49.78 0
49.79 0
49.8 0
49.81 2
49.82 10
49.83 15
49.84 20
49.85 24
49.86 32
49.87 34
49.88 18
49.89 18
49.9 18
49.91 17
49.92 15
49.93 13
49.94 10
49.95 5
49.96 3
49.97 3
49.98 0
49.99 0
50 0
50.01 0
50.02 3
50.03 4
50.04 9
50.05 17
50.06 23
50.07 28
50.08 34
50.09 35
50.1 18
50.11 19
50.12 19
50.13 18
50.14 18
50.15 12
50.16 9
50.17 2
50.18 0
50.19 0
50.2 0
50.21 0
50.22 0
50.23 0
50.24 0
50.25 5
50.26 12
50.27 15
50.28 24
50.29 31
50.3 35
50.31 17
50.32 18
50.33 17
50.34 16
50.35 20
50.36 16
50.37 11
50.38 11
50.39 9
50.4 4
50.41 1
50.42 0
50.43 0
50.44 0
50.45 0
50.46 0
50.47 4
50.48 11
50.49 21
50.5 29
50.51 33
50.52 37
50.53 18
50.54 19
50.55 17
50.56 18
50.57 14
50.58 14
50.59 6
50.6 0
50.61 0
50.62 0
50.63 2
50.64 8
50.65 13
50.66 18
50.67 24
50.68 30
50.69 33
50.7 23
50.71 20
50.72 21
50.73 19
50.74 17
50.75 17
50.76 10
50.77 9
50.78 5
50.79 5
50.8 1
50.81 1
50.82 8
50.83 9
50.84 8
50.85 15
50.86 22
50.87 12
50.88 12
50.89 14
50.9 12
50.91 12
50.92 8
50.93 0
50.94 0
50.95 0
50.96 0
50.97 0
50.98 0
50.99 0
51 0
51.01 5
51.02 14
51.03 20
51.04 26
51.05 32
51.06 37
51.07 41
51.08 20
51.09 20
51.1 21
51.11 20
51.12 13
51.13 17
51.14 19
51.15 13
51.16 11
51.17 6
51.18 4
51.19 0
51.2 0
51.21 0
51.22 0
51.23 3
51.24 11
51.25 15
51.26 20
51.27 27
51.28 34
51.29 42
51.3 20
51.31 22
51.32 20
51.33 21
51.34 20
51.35 17
51.36 15
51.37 11
51.38 1
51.39 4
51.4 0
51.41 0
51.42 2
51.43 4
51.44 8
51.45 13
51.46 18
51.47 24
51.48 31
51.49 37
51.5 18
51.51 18
51.52 19
51.53 18
51.54 14
51.55 14
51.56 10
51.57 11
51.58 7
51.59 6
51.6 6
51.61 4
51.62 5
51.63 9
51.64 14
51.65 17
51.66 21
51.67 13
51.68 12
51.69 12
51.7 13
51.71 12
51.72 8
51.73 7
51.74 0
51.75 0
51.76 0
51.77 0
51.78 0
51.79 0
51.8 0
51.81 0
51.82 5
51.83 14
51.84 19
51.85 24
51.86 29
51.87 35
51.88 26
51.89 17
51.9 19
51.91 18
51.92 17
51.93 7
51.94 10
51.95 17
51.96 5
51.97 0
51.98 0
51.99 0
52 0
52.01 0
52.02 0
52.03 0
52.04 5
52.05 10
52.06 16
52.07 21
52.08 32
52.09 37
52.1 39
52.11 21
52.12 20
52.13 20
52.14 20
52.15 14
52.16 19
52.17 15
52.18 18
52.19 13
52.2 8
52.21 8
52.22 0
52.23 0
52.24 0
52.25 3
52.26 9
52.27 12
52.28 19
52.29 25
52.3 36
52.31 16
52.32 17
52.33 18
52.34 17
52.35 8
52.36 7
52.37 11
52.38 9
52.39 1
52.4 0
52.41 0
52.42 0
52.43 0
52.44 0
52.45 4
52.46 8
52.47 14
52.48 22
52.49 29
52.5 36
52.51 32
52.52 18
52.53 19
52.54 19
52.55 19
52.56 12
52.57 12
52.58 5
52.59 1
52.6 0
52.61 0
52.62 0
52.63 0
52.64 0
52.65 0
52.66 6
52.67 13
52.68 18
52.69 22
52.7 28
52.71 35
52.72 22
52.73 18
52.74 20
52.75 19
52.76 14
52.77 11
52.78 14
52.79 8
52.8 4
52.81 0
52.82 0
52.83 0
52.84 0
52.85 0
52.86 1
52.87 8
52.88 12
52.89 19
52.9 23
52.91 28
52.92 34
52.93 38
52.94 19
52.95 20
52.96 20
52.97 19
52.98 15
52.99 12
53 6
53.01 0
53.02 0
53.03 0
53.04 0
53.05 0
53.06 0
53.07 0
53.08 0
53.09 4
53.1 11
53.11 15
53.12 21
53.13 25
53.14 29
53.15 35
53.16 18
53.17 18
53.18 20
53.19 19
53.2 17
53.21 4
53.22 0
53.23 0
53.24 0
53.25 0
53.26 0
53.27 0
53.28 0
53.29 0
53.3 4
53.31 13
53.32 17
53.33 23
53.34 28
53.35 37
53.36 40
53.37 20
53.38 21
53.39 20
53.4 21
53.41 15
53.42 6
53.43 0
53.44 0
53.45 0
53.46 0
53.47 0
53.48 0
53.49 0
53.5 0
53.51 0
53.52 0
53.53 7
53.54 12
53.55 19
53.56 23
53.57 26
53.58 32
53.59 29
53.6 18
53.61 18
53.62 19
53.63 17
53.64 16
53.65 15
53.66 4
53.67 7
53.68 6
53.69 2
53.7 0
53.71 1
53.72 8
53.73 14
53.74 21
53.75 25
53.76 33
53.77 20
53.78 18
53.79 18
53.8 18
53.81 17
53.82 16
53.83 4
53.84 3
53.85 0
53.86 0
53.87 0
53.88 0
53.89 0
53.9 0
53.91 3
53.92 7
53.93 12
53.94 24
53.95 27
53.96 32
53.97 39
53.98 19
53.99 19
54 21
54.01 20
54.02 13
54.03 10
54.04 0
54.05 3
54.06 0
54.07 0
54.08 0
54.09 0
54.1 0
54.11 0
54.12 0
54.13 4
54.14 12
54.15 19
54.16 25
54.17 29
54.18 35
54.19 18
54.2 17
54.21 18
54.22 17
54.23 14
54.24 18
54.25 13
54.26 3
54.27 2
54.28 0
54.29 0
54.3 0
54.31 0
54.32 0
54.33 0
54.34 3
54.35 8
54.36 15
54.37 20
54.38 25
54.39 29
54.4 32
54.41 38
54.42 19
54.43 19
54.44 19
54.45 19
54.46 21
54.47 16
54.48 19
54.49 19
54.5 15
54.51 13
54.52 0
54.53 0
54.54 0
54.55 0
54.56 0
54.57 0
54.58 0
54.59 0
54.6 2
54.61 5
54.62 11
54.63 17
54.64 22
54.65 27
54.66 30
54.67 15
54.68 17
54.69 16
54.7 16
54.71 14
54.72 3
54.73 0
54.74 0
54.75 0
54.76 0
54.77 0
54.78 0
54.79 2
54.8 10
54.81 19
54.82 24
54.83 31
54.84 37
54.85 21
54.86 18
54.87 18
54.88 18
54.89 14
54.9 12
54.91 8
54.92 8
54.93 8
54.94 3
54.95 0
54.96 0
54.97 0
54.98 6
54.99 11
55 18
55.01 23
55.02 32
55.03 34
55.04 16
55.05 17
55.06 16
55.07 17
55.08 13
55.09 11
55.1 5
55.11 0
55.12 0
55.13 0
55.14 0
55.15 0
55.16 2
55.17 5
55.18 12
55.19 20
55.2 24
55.21 29
55.22 32
55.23 40
55.24 19
55.25 20
55.26 20
55.27 21
55.28 21
55.29 14
55.3 14
55.31 8
55.32 5
55.33 0
55.34 0
55.35 0
55.36 0
55.37 0
55.38 0
55.39 0
55.4 0
55.41 0
55.42 4
55.43 9
55.44 15
55.45 21
55.46 24
55.47 29
55.48 34
55.49 18
55.5 17
55.51 19
55.52 18
55.53 14
55.54 11
55.55 5
55.56 2
55.57 0
55.58 0
55.59 0
55.6 0
55.61 0
55.62 0
55.63 2
55.64 9
55.65 13
55.66 22
55.67 27
55.68 31
55.69 37
55.7 18
55.71 19
55.72 19
55.73 19
55.74 11
55.75 8
55.76 8
55.77 2
55.78 1
55.79 0
55.8 0
55.81 0
55.82 0
55.83 0
55.84 0
55.85 0
55.86 5
55.87 9
55.88 17
55.89 24
55.9 31
55.91 34
55.92 16
55.93 16
55.94 17
55.95 16
55.96 15
55.97 9
55.98 7
55.99 0
56 0
56.01 0
56.02 0
56.03 0
56.04 0
56.05 1
56.06 7
56.07 13
56.08 20
56.09 27
56.1 31
56.11 26
56.12 17
56.13 17
56.14 17
56.15 18
56.16 12
56.17 15
56.18 10
56.19 7
56.2 2
56.21 0
56.22 0
56.23 0
56.24 0
56.25 0
56.26 7
56.27 12
56.28 19
56.29 24
56.3 27
56.31 34
56.32 36
56.33 18
56.34 19
56.35 19
56.36 18
56.37 15
56.38 12
56.39 7
56.4 2
56.41 0
56.42 0
56.43 0
56.44 0
56.45 0
56.46 0
56.47 0
56.48 6
56.49 14
56.5 18
56.51 24
56.52 28
56.53 35
56.54 17
56.55 18
56.56 18
56.57 18
56.58 11
56.59 4
56.6 0
56.61 0
56.62 0
56.63 0
56.64 0
56.65 0
56.66 0
56.67 0
56.68 0
56.69 0
56.7 9
56.71 15
56.72 20
56.73 25
56.74 34
56.75 38
56.76 18
56.77 20
56.78 19
56.79 19
56.8 19
56.81 11
56.82 11
56.83 10
56.84 7
56.85 4
56.86 0
56.87 0
56.88 0
56.89 0
56.9 3
56.91 9
56.92 19
56.93 22
56.94 28
56.95 33
56.96 38
56.97 19
56.98 20
56.99 19
57 19
57.01 20
57.02 17
57.03 8
57.04 1
57.05 0
57.06 0
57.07 0
57.08 0
57.09 0
57.1 0
57.11 0
57.12 7
57.13 13
57.14 21
57.15 29
57.16 35
57.17 17
57.18 17
57.19 19
57.2 17
57.21 16
57.22 18
57.23 9
57.24 2
57.25 0
57.26 0
57.27 0
57.28 0
57.29 0
57.3 0
57.31 0
57.32 6
57.33 13
57.34 20
57.35 25
57.36 34
57.37 31
57.38 16
57.39 16
57.4 18
57.41 17
57.42 12
57.43 16
57.44 9
57.45 3
57.46 0
57.47 0
57.48 0
57.49 0
57.5 0
57.51 0
57.52 0
57.53 5
57.54 14
57.55 19
57.56 24
57.57 31
57.58 39
57.59 34
57.6 19
57.61 21
57.62 20
57.63 19
57.64 17
57.65 14
57.66 13
57.67 9
57.68 6
57.69 2
57.7 0
57.71 0
57.72 0
57.73 3
57.74 7
57.75 14
57.76 23
57.77 29
57.78 33
57.79 16
57.8 16
57.81 17
57.82 17
57.83 17
57.84 14
57.85 16
57.86 13
57.87 3
57.88 0
57.89 0
57.9 0
57.91 0
57.92 0
57.93 0
57.94 1
57.95 6
57.96 11
57.97 18
57.98 23
57.99 26
58 31
58.01 35
58.02 19
58.03 20
58.04 20
58.05 19
58.06 15
58.07 17
58.08 18
58.09 19
58.1 9
58.11 0
58.12 0
58.13 0
58.14 2
58.15 0
58.16 0
58.17 5
58.18 13
58.19 14
58.2 19
58.21 26
58.22 31
58.23 34
58.24 41
58.25 21
58.26 22
58.27 22
58.28 19
58.29 9
58.3 0
58.31 1
58.32 7
58.33 2
58.34 0
58.35 0
58.36 0
58.37 0
58.38 0
58.39 0
58.4 0
58.41 0
58.42 0
58.43 0
58.44 0
58.45 0
58.46 0
58.47 0
58.48 3
58.49 10
58.5 0
58.51 4
58.52 7
58.53 12
58.54 16
58.55 19
58.56 25
58.57 28
58.58 23
58.59 26
58.6 31
58.61 18
58.62 20
58.63 19
58.64 19
58.65 1
58.66 0
58.67 0
58.68 0
58.69 0
58.7 0
58.71 0
58.72 0
58.73 0
58.74 0
58.75 0
58.76 0
58.77 0
58.78 0
58.79 0
58.8 0
58.81 0
58.82 0
58.83 0
58.84 0
58.85 0
58.86 0
58.87 0
58.88 0
58.89 0
58.9 0
58.91 0
58.92 0
58.93 0
58.94 0
58.95 0
58.96 0
58.97 0
58.98 0
58.99 0
59 0
59.01 0
59.02 0
59.03 0
59.04 0
59.05 0
59.06 0
59.07 0
59.08 0
59.09 0
59.1 0
59.11 0
59.12 0
59.13 0
59.14 0
59.15 0
59.16 0
59.17 0
59.18 0
59.19 0
59.2 0
59.21 0
59.22 0
59.23 0
59.24 0
59.25 0
59.26 0
59.27 0
59.28 0
59.29 0
59.3 0
59.31 0
59.32 0
59.33 0
59.34 0
59.35 0
59.36 0
59.37 0
59.38 0
59.39 0
59.4 0
59.41 0
59.42 0
59.43 0
59.44 0
59.45 0
59.46 0
59.47 0
59.48 0
59.49 0
59.5 0
59.51 0
59.52 0
59.53 0
59.54 0
59.55 0
59.56 0
59.57 0
59.58 0
59.59 0
59.6 0
59.61 0
59.62 0
59.63 0
59.64 0
59.65 0
59.66 0
59.67 0
59.68 0
59.69 0
59.7 0
59.71 0
59.72 0
59.73 0
59.74 0
59.75 0
59.76 0
59.77 0
59.78 0
59.79 0
59.8 0
59.81 0
59.82 0
59.83 0
59.84 0
59.85 0
59.86 0
59.87 0
59.88 0
59.89 0
59.9 0
59.91 0
59.92 0
59.93 0
59.94 0
59.95 0
59.96 0
59.97 0
59.98 0
59.99 0
60 0
60.01 0
60.02 0
60.03 0
60.04 0
60.05 0
60.06 0
60.07 0
60.08 0
60.09 0
60.1 0
60.11 0
60.12 0
60.13 0
60.14 0
60.15 0
60.16 0
60.17 0
60.18 0
60.19 0
60.2 0
60.21 0
60.22 0
60.23 0
60.24 0
60.25 0
60.26 0
60.27 0
60.28 0
60.29 0
60.3 0
60.31 0
60.32 0
60.33 0
60.34 0
60.35 0
60.36 0
60.37 0
60.38 0
60.39 0
60.4 0
60.41 0
60.42 0
60.43 0
60.44 0
60.45 0
60.46 0
60.47 0
60.48 0
60.49 0
60.5 0
60.51 0
60.52 0
60.53 0
60.54 0
60.55 0
60.56 0
60.57 0
60.58 0
60.59 0
60.6 0
60.61 0
60.62 0
60.63 0
60.64 0
60.65 0
60.66 0
60.67 0
60.68 0
60.69 0
60.7 0
60.71 0
60.72 0
60.73 0
60.74 0
60.75 0
60.76 0
60.77 0
60.78 0
60.79 0
60.8 0
60.81 0
60.82 0
60.83 0
60.84 0
60.85 0
60.86 0
60.87 0
60.88 0
60.89 0
60.9 0
60.91 0
60.92 0
60.93 0
60.94 0
60.95 0
60.96 0
60.97 0
60.98 0
60.99 0
61 0
61.01 0
61.02 0
61.03 0
61.04 0
61.05 0
61.06 0
61.07 0
61.08 0
61.09 0
61.1 0
61.11 0
61.12 0
61.13 0
61.14 0
61.15 0
61.16 0
61.17 0
61.18 0
61.19 0
61.2 0
61.21 0
61.22 0
61.23 0
61.24 0
61.25 0
61.26 0
61.27 0
61.28 0
61.29 0
61.3 0
61.31 0
61.32 0
61.33 0
61.34 0
61.35 0
61.36 0
61.37 0
61.38 0
61.39 0
61.4 0
61.41 0
61.42 0
61.43 0
61.44 0
61.45 0
61.46 0
61.47 0
61.48 0
61.49 0
61.5 0
61.51 0
61.52 0
61.53 0
61.54 0
61.55 0
61.56 0
61.57 0
61.58 0
61.59 0
61.6 0
61.61 0
61.62 0
61.63 0
61.64 0
61.65 0
61.66 0
61.67 0
61.68 0
61.69 0
61.7 0
61.71 0
61.72 0
61.73 0
61.74 0
61.75 0
61.76 0
61.77 0
61.78 0
61.79 0
61.8 0
61.81 0
61.82 0
61.83 0
61.84 0
61.85 0
61.86 0
61.87 0
61.88 0
61.89 0
61.9 0
61.91 0
61.92 0
61.93 0
61.94 0
61.95 0
61.96 0
61.97 0
61.98 0
61.99 0
62 0
62.01 0
62.02 0
62.03 0
62.04 0
62.05 0
62.06 0
62.07 0
62.08 0
62.09 0
62.1 0
62.11 0
62.12 0
62.13 0
62.14 0
62.15 0
62.16 0
62.17 0
62.18 0
62.19 0
62.2 0
62.21 0
62.22 0
62.23 0
62.24 0
62.25 0
62.26 0
62.27 0
62.28 0
62.29 0
62.3 0
62.31 0
62.32 0
62.33 0
62.34 0
62.35 0
62.36 0
62.37 0
62.38 0
62.39 0
62.4 0
62.41 0
62.42 0
62.43 0
62.44 0
62.45 0
62.46 0
62.47 0
62.48 0
62.49 0
62.5 0
62.51 0
62.52 0
62.53 0
62.54 0
62.55 0
62.56 0
62.57 0
62.58 0
62.59 0
62.6 0
62.61 0
62.62 0
62.63 0
62.64 0
62.65 0
62.66 0
62.67 0
62.68 0
62.69 0
62.7 0
62.71 0
62.72 0
62.73 0
62.74 0
62.75 0
62.76 0
62.77 0
62.78 0
62.79 0
62.8 0
62.81 0
62.82 0
62.83 0
62.84 0
62.85 0
62.86 0
62.87 0
62.88 0
62.89 0
62.9 0
62.91 0
62.92 0
62.93 0
62.94 0
62.95 0
62.96 0
62.97 0
62.98 0
62.99 0
