0 0
0.01 0
0.02 0
0.03 0
0.04 0
0.05 0
0.06 0
0.07 0
0.08 0
0.09 0
0.1 0
0.11 0
0.12 0
0.13 0
0.14 0
0.15 0
0.16 0
0.17 0
0.18 0
0.19 0
0.2 0
0.21 87
0.22 42
0.23 35
0.24 51
0.25 42
0.26 23
0.27 0
0.28 0
0.29 0
0.3 0
0.31 0
0.32 0
0.33 0
0.34 0
0.35 0
0.36 0
0.37 0
0.38 0
0.39 0
0.4 0
0.41 4
0.42 4
0.43 2
0.44 4
0.45 4
0.46 9
0.47 3
0.48 0
0.49 2
0.5 1
0.51 5
0.52 7
0.53 13
0.54 15
0.55 20
0.56 24
0.57 29
0.58 34
0.59 16
0.6 16
0.61 16
0.62 16
0.63 13
0.64 7
0.65 2
0.66 0
0.67 0
0.68 0
0.69 0
0.7 0
0.71 0
0.72 0
0.73 0
0.74 0
0.75 0
0.76 0
0.77 0
0.78 5
0.79 10
0.8 15
0.81 20
0.82 24
0.83 28
0.84 34
0.85 26
0.86 17
0.87 17
0.88 17
0.89 17
0.9 17
0.91 5
0.92 0
0.93 0
0.94 0
0.95 0
0.96 0
0.97 0
0.98 0
0.99 0
1 0
1.01 0
1.02 0
1.03 0
1.04 0
1.05 0
1.06 1
1.07 7
1.08 10
1.09 15
1.1 20
1.11 22
1.12 25
1.13 29
1.14 31
1.15 18
1.16 18
1.17 18
1.18 18
1.19 17
1.2 9
1.21 15
1.22 2
1.23 0
1.24 0
1.25 0
1.26 0
1.27 0
1.28 0
1.29 0
1.3 31
1.31 36
1.32 34
1.33 30
1.34 18
1.35 18
1.36 14
1.37 10
1.38 13
1.39 5
1.4 8
1.41 8
1.42 2
1.43 0
1.44 0
1.45 0
1.46 5
1.47 11
1.48 16
1.49 25
1.5 27
1.51 34
1.52 33
1.53 18
1.54 18
1.55 17
1.56 18
1.57 17
1.58 13
1.59 10
1.6 5
1.61 0
1.62 0
1.63 0
1.64 0
1.65 0
1.66 0
1.67 0
1.68 0
1.69 0
1.7 1
1.71 7
1.72 12
1.73 18
1.74 21
1.75 26
1.76 31
1.77 37
1.78 18
1.79 18
1.8 18
1.81 18
1.82 11
1.83 7
1.84 0
1.85 2
1.86 0
1.87 0
1.88 0
1.89 0
1.9 0
1.91 0
1.92 0
1.93 0
1.94 0
1.95 2
1.96 7
1.97 15
1.98 19
1.99 24
2 29
2.01 35
2.02 39
2.03 19
2.04 19
2.05 20
2.06 19
2.07 10
2.08 4
2.09 4
2.1 4
2.11 0
2.12 0
2.13 0
2.14 0
2.15 0
2.16 0
2.17 0
2.18 0
2.19 0
2.2 0
2.21 0
2.22 4
2.23 10
2.24 15
2.25 21
2.26 26
2.27 33
2.28 36
2.29 17
2.3 17
2.31 17
2.32 17
2.33 15
2.34 10
2.35 11
2.36 8
2.37 5
2.38 0
2.39 0
2.4 0
2.41 0
2.42 0
2.43 2
2.44 12
2.45 17
2.46 25
2.47 31
2.48 32
2.49 17
2.5 16
2.51 16
2.52 16
2.53 11
2.54 15
2.55 13
2.56 9
2.57 8
2.58 0
2.59 0
2.6 0
2.61 0
2.62 0
2.63 0
2.64 0
2.65 11
2.66 16
2.67 24
2.68 32
2.69 38
2.7 21
2.71 18
2.72 18
2.73 18
2.74 17
2.75 5
2.76 2
2.77 7
2.78 11
2.79 8
2.8 0
2.81 0
2.82 0
2.83 0
2.84 0
2.85 0
2.86 9
2.87 15
2.88 21
2.89 26
2.9 29
2.91 29
2.92 16
2.93 16
2.94 16
2.95 16
2.96 14
2.97 7
2.98 7
2.99 1
3 0
3.01 0
3.02 0
3.03 0
3.04 0
3.05 0
3.06 0
3.07 0
3.08 3
3.09 8
3.1 15
3.11 22
3.12 27
3.13 33
3.14 38
3.15 17
3.16 17
3.17 17
3.18 17
3.19 11
3.2 8
3.21 10
3.22 8
3.23 1
3.24 0
3.25 0
3.26 0
3.27 0
3.28 0
3.29 0
3.3 7
3.31 35
3.32 40
3.33 15
3.34 15
3.35 15
3.36 15
3.37 9
3.38 10
3.39 9
3.4 7
3.41 12
3.42 8
3.43 0
3.44 0
3.45 0
3.46 0
3.47 1
3.48 5
3.49 15
3.5 21
3.51 27
3.52 36
3.53 27
3.54 17
3.55 17
3.56 18
3.57 17
3.58 16
3.59 17
3.6 14
3.61 0
3.62 0
3.63 0
3.64 0
3.65 0
3.66 0
3.67 0
3.68 0
3.69 0
3.7 2
3.71 8
3.72 13
3.73 17
3.74 24
3.75 27
3.76 34
3.77 24
3.78 17
3.79 17
3.8 17
3.81 17
3.82 15
3.83 16
3.84 16
3.85 3
3.86 0
3.87 0
3.88 0
3.89 0
3.9 0
3.91 0
3.92 0
3.93 0
3.94 0
3.95 3
3.96 8
3.97 15
3.98 22
3.99 26
4 31
4.01 35
4.02 16
4.03 16
4.04 16
4.05 16
4.06 12
4.07 9
4.08 9
4.09 13
4.1 0
4.11 0
4.12 0
4.13 0
4.14 0
4.15 0
4.16 0
4.17 0
4.18 2
4.19 6
4.2 13
4.21 18
4.22 25
4.23 29
4.24 32
4.25 32
4.26 17
4.27 17
4.28 17
4.29 17
4.3 8
4.31 5
4.32 6
4.33 1
4.34 0
4.35 0
4.36 0
4.37 0
4.38 0
4.39 0
4.4 0
4.41 0
4.42 2
4.43 8
4.44 17
4.45 24
4.46 30
4.47 35
4.48 39
4.49 19
4.5 19
4.51 19
4.52 19
4.53 12
4.54 17
4.55 14
4.56 16
4.57 6
4.58 0
4.59 0
4.6 0
4.61 0
4.62 0
4.63 0
4.64 4
4.65 11
4.66 17
4.67 23
4.68 27
4.69 33
4.7 15
4.71 15
4.72 15
4.73 15
4.74 15
4.75 12
4.76 14
4.77 12
4.78 0
4.79 0
4.8 0
4.81 0
4.82 0
4.83 0
4.84 0
4.85 0
4.86 3
4.87 13
4.88 21
4.89 26
4.9 32
4.91 40
4.92 18
4.93 17
4.94 18
4.95 18
4.96 9
4.97 7
4.98 7
4.99 5
5 0
5.01 0
5.02 0
5.03 0
5.04 0
5.05 0
5.06 3
5.07 11
5.08 22
5.09 26
5.1 32
5.11 33
5.12 16
5.13 16
5.14 17
5.15 16
5.16 15
5.17 15
5.18 16
5.19 12
5.2 0
5.21 0
5.22 0
5.23 0
5.24 0
5.25 0
5.26 0
5.27 0
5.28 0
5.29 0
5.3 7
5.31 11
5.32 16
5.33 22
5.34 31
5.35 34
5.36 16
5.37 16
5.38 17
5.39 16
5.4 16
5.41 13
5.42 12
5.43 10
5.44 2
5.45 0
5.46 0
5.47 0
5.48 0
5.49 0
5.5 0
5.51 0
5.52 7
5.53 13
5.54 17
5.55 26
5.56 30
5.57 36
5.58 16
5.59 16
5.6 16
5.61 16
5.62 16
5.63 13
5.64 7
5.65 0
5.66 0
5.67 0
5.68 0
5.69 0
5.7 0
5.71 0
5.72 0
5.73 3
5.74 8
5.75 16
5.76 23
5.77 28
5.78 35
5.79 26
5.8 18
5.81 17
5.82 17
5.83 17
5.84 12
5.85 2
5.86 0
5.87 0
5.88 0
5.89 0
5.9 0
5.91 0
5.92 0
5.93 1
5.94 7
5.95 16
5.96 23
5.97 26
5.98 35
5.99 34
6 18
6.01 17
6.02 17
6.03 17
6.04 16
6.05 16
6.06 17
6.07 3
6.08 0
6.09 0
6.1 0
6.11 0
6.12 0
6.13 0
6.14 0
6.15 0
6.16 0
6.17 0
6.18 8
6.19 15
6.2 22
6.21 28
6.22 35
6.23 32
6.24 17
6.25 17
6.26 17
6.27 17
6.28 13
6.29 6
6.3 0
6.31 0
6.32 0
6.33 0
6.34 0
6.35 0
6.36 0
6.37 1
6.38 8
6.39 19
6.4 24
6.41 30
6.42 37
6.43 17
6.44 17
6.45 17
6.46 17
6.47 16
6.48 11
6.49 9
6.5 6
6.51 2
6.52 0
6.53 0
6.54 0
6.55 0
6.56 0
6.57 0
6.58 5
6.59 13
6.6 20
6.61 27
6.62 31
6.63 38
6.64 18
6.65 18
6.66 18
6.67 18
6.68 16
6.69 17
6.7 12
6.71 10
6.72 0
6.73 0
6.74 0
6.75 0
6.76 0
6.77 0
6.78 0
6.79 0
6.8 0
6.81 5
6.82 14
6.83 21
6.84 25
6.85 30
6.86 37
6.87 30
6.88 18
6.89 19
6.9 18
6.91 18
6.92 16
6.93 8
6.94 2
6.95 0
6.96 0
6.97 0
6.98 0
6.99 0
7 3
7.01 9
7.02 15
7.03 26
7.04 30
7.05 30
7.06 16
7.07 15
7.08 15
7.09 15
7.1 15
7.11 11
7.12 8
7.13 0
7.14 0
7.15 0
7.16 0
7.17 0
7.18 0
7.19 0
7.2 0
7.21 0
7.22 1
7.23 7
7.24 12
7.25 18
7.26 23
7.27 29
7.28 35
7.29 25
7.3 17
7.31 17
7.32 17
7.33 16
7.34 14
7.35 9
7.36 1
7.37 0
7.38 0
7.39 0
7.4 0
7.41 0
7.42 0
7.43 0
7.44 0
7.45 0
7.46 0
7.47 1
7.48 7
7.49 11
7.5 19
7.51 25
7.52 33
7.53 39
7.54 24
7.55 18
7.56 18
7.57 19
7.58 16
7.59 18
7.6 11
7.61 9
7.62 0
7.63 0
7.64 0
7.65 0
7.66 0
7.67 0
7.68 0
7.69 4
7.7 10
7.71 16
7.72 21
7.73 27
7.74 33
7.75 20
7.76 16
7.77 16
7.78 16
7.79 16
7.8 16
7.81 12
7.82 13
7.83 0
7.84 0
7.85 0
7.86 0
7.87 0
7.88 0
7.89 0
7.9 0
7.91 0
7.92 3
7.93 10
7.94 16
7.95 22
7.96 28
7.97 33
7.98 39
7.99 18
8 18
8.01 18
8.02 18
8.03 18
8.04 9
8.05 8
8.06 11
8.07 0
8.08 0
8.09 0
8.1 0
8.11 0
8.12 0
8.13 0
8.14 0
8.15 8
8.16 14
8.17 19
8.18 23
8.19 29
8.2 29
8.21 16
8.22 15
8.23 15
8.24 15
8.25 8
8.26 11
8.27 11
8.28 2
8.29 0
8.3 0
8.31 0
8.32 0
8.33 0
8.34 0
8.35 0
8.36 6
8.37 14
8.38 18
8.39 28
8.4 34
8.41 40
8.42 18
8.43 18
8.44 18
8.45 19
8.46 16
8.47 15
8.48 15
8.49 11
8.5 3
8.51 0
8.52 0
8.53 0
8.54 0
8.55 0
8.56 0
8.57 12
8.58 20
8.59 26
8.6 31
8.61 37
8.62 17
8.63 18
8.64 17
8.65 17
8.66 16
8.67 12
8.68 15
8.69 15
8.7 4
8.71 0
8.72 0
8.73 0
8.74 0
8.75 0
8.76 0
8.77 0
8.78 6
8.79 12
8.8 20
8.81 29
8.82 34
8.83 35
8.84 17
8.85 17
8.86 17
8.87 17
8.88 11
8.89 5
8.9 0
8.91 0
8.92 0
8.93 0
8.94 0
8.95 0
8.96 0
8.97 0
8.98 0
8.99 7
9 13
9.01 18
9.02 26
9.03 32
9.04 38
9.05 18
9.06 18
9.07 18
9.08 18
9.09 18
9.1 18
9.11 18
9.12 12
9.13 10
9.14 0
9.15 0
9.16 0
9.17 0
9.18 0
9.19 0
9.2 0
9.21 4
9.22 10
9.23 18
9.24 21
9.25 26
9.26 30
9.27 14
9.28 14
9.29 14
9.3 14
9.31 15
9.32 9
9.33 9
9.34 12
9.35 0
9.36 0
9.37 0
9.38 0
9.39 0
9.4 0
9.41 0
9.42 0
9.43 0
9.44 0
9.45 0
9.46 5
9.47 11
9.48 20
9.49 25
9.5 30
9.51 37
9.52 23
9.53 17
9.54 17
9.55 17
9.56 17
9.57 9
9.58 2
9.59 0
9.6 0
9.61 0
9.62 0
9.63 0
9.64 0
9.65 0
9.66 0
9.67 5
9.68 13
9.69 19
9.7 25
9.71 32
9.72 38
9.73 16
9.74 17
9.75 17
9.76 17
9.77 12
9.78 10
9.79 10
9.8 6
9.81 0
9.82 0
9.83 0
9.84 0
9.85 0
9.86 0
9.87 0
9.88 3
9.89 13
9.9 21
9.91 24
9.92 28
9.93 30
9.94 18
9.95 17
9.96 17
9.97 16
9.98 16
9.99 10
10 7
10.01 10
10.02 0
10.03 0
10.04 0
10.05 0
10.06 0
10.07 0
10.08 0
10.09 0
10.1 0
10.11 8
10.12 15
10.13 21
10.14 28
10.15 31
10.16 35
10.17 16
10.18 16
10.19 16
10.2 16
10.21 12
10.22 6
10.23 2
10.24 0
10.25 0
10.26 0
10.27 0
10.28 0
10.29 0
10.3 0
10.31 3
10.32 12
10.33 22
10.34 27
10.35 34
10.36 42
10.37 18
10.38 18
10.39 18
10.4 18
10.41 16
10.42 7
10.43 2
10.44 0
10.45 0
10.46 0
10.47 0
10.48 0
10.49 0
10.5 0
10.51 0
10.52 4
10.53 12
10.54 18
10.55 23
10.56 32
10.57 38
10.58 17
10.59 17
10.6 17
10.61 17
10.62 16
10.63 14
10.64 8
10.65 3
10.66 0
10.67 0
10.68 0
10.69 0
10.7 0
10.71 0
10.72 0
10.73 0
10.74 4
10.75 10
10.76 18
10.77 25
10.78 30
10.79 35
10.8 17
10.81 16
10.82 17
10.83 16
10.84 15
10.85 15
10.86 6
10.87 2
10.88 0
10.89 0
10.9 0
10.91 0
10.92 0
10.93 0
10.94 0
10.95 0
10.96 2
10.97 10
10.98 18
10.99 21
11 28
11.01 32
11.02 33
11.03 17
11.04 17
11.05 17
11.06 17
11.07 7
11.08 2
11.09 0
11.1 0
11.11 0
11.12 0
11.13 0
11.14 0
11.15 0
11.16 0
11.17 8
11.18 14
11.19 20
11.2 26
11.21 31
11.22 29
11.23 16
11.24 16
11.25 16
11.26 16
11.27 16
11.28 10
11.29 13
11.3 3
11.31 0
11.32 0
11.33 0
11.34 0
11.35 0
11.36 0
11.37 0
11.38 0
11.39 0
11.4 0
11.41 4
11.42 9
11.43 15
11.44 20
11.45 26
11.46 30
11.47 36
11.48 20
11.49 18
11.5 18
11.51 18
11.52 15
11.53 12
11.54 5
11.55 5
11.56 0
11.57 0
11.58 0
11.59 0
11.6 0
11.61 0
11.62 0
11.63 4
11.64 15
11.65 21
11.66 26
11.67 32
11.68 28
11.69 16
11.7 16
11.71 17
11.72 15
11.73 10
11.74 8
11.75 11
11.76 8
11.77 0
11.78 0
11.79 0
11.8 0
11.81 0
11.82 0
11.83 4
11.84 9
11.85 18
11.86 26
11.87 31
11.88 38
11.89 18
11.9 18
11.91 18
11.92 18
11.93 18
11.94 14
11.95 9
11.96 8
11.97 2
11.98 0
11.99 0
12 0
12.01 0
12.02 0
12.03 0
12.04 1
12.05 7
12.06 15
12.07 21
12.08 28
12.09 36
12.1 24
12.11 17
12.12 18
12.13 17
12.14 17
12.15 14
12.16 12
12.17 14
12.18 4
12.19 0
12.2 0
12.21 0
12.22 0
12.23 0
12.24 0
12.25 0
12.26 2
12.27 7
12.28 17
12.29 24
12.3 27
12.31 32
12.32 15
12.33 15
12.34 15
12.35 15
12.36 15
12.37 15
12.38 11
12.39 11
12.4 1
12.41 0
12.42 0
12.43 0
12.44 0
12.45 0
12.46 0
12.47 0
12.48 3
12.49 10
12.5 17
12.51 23
12.52 30
12.53 38
12.54 20
12.55 18
12.56 17
12.57 17
12.58 17
12.59 12
12.6 5
12.61 3
12.62 0
12.63 0
12.64 0
12.65 0
12.66 0
12.67 0
12.68 0
12.69 4
12.7 14
12.71 17
12.72 25
12.73 32
12.74 25
12.75 15
12.76 16
12.77 15
12.78 14
12.79 14
12.8 11
12.81 14
12.82 0
12.83 0
12.84 0
12.85 0
12.86 0
12.87 0
12.88 0
12.89 0
12.9 0
12.91 0
12.92 0
12.93 7
12.94 12
12.95 21
12.96 32
12.97 37
12.98 24
12.99 16
13 16
13.01 16
13.02 14
13.03 9
13.04 0
13.05 0
13.06 0
13.07 0
13.08 0
13.09 0
13.1 0
13.11 0
13.12 0
13.13 0
13.14 5
13.15 10
13.16 16
13.17 21
13.18 27
13.19 31
13.2 36
13.21 22
13.22 18
13.23 18
13.24 18
13.25 17
13.26 14
13.27 12
13.28 13
13.29 2
13.3 0
13.31 0
13.32 0
13.33 0
13.34 0
13.35 0
13.36 0
13.37 0
13.38 3
13.39 8
13.4 13
13.41 17
13.42 23
13.43 29
13.44 36
13.45 16
13.46 16
13.47 16
13.48 16
13.49 16
13.5 6
13.51 0
13.52 0
13.53 0
13.54 0
13.55 0
13.56 0
13.57 0
13.58 0
13.59 0
13.6 3
13.61 9
13.62 14
13.63 18
13.64 24
13.65 30
13.66 33
13.67 42
13.68 20
13.69 20
13.7 20
13.71 20
13.72 17
13.73 11
13.74 14
13.75 17
13.76 12
13.77 0
13.78 0
13.79 0
13.8 0
13.81 0
13.82 0
13.83 0
13.84 4
13.85 12
13.86 18
13.87 25
13.88 30
13.89 30
13.9 15
13.91 15
13.92 15
13.93 15
13.94 8
13.95 9
13.96 13
13.97 10
13.98 7
13.99 2
14 0
14.01 0
14.02 0
14.03 0
14.04 6
14.05 14
14.06 22
14.07 29
14.08 33
14.09 39
14.1 19
14.11 20
14.12 19
14.13 19
14.14 17
14.15 8
14.16 5
14.17 0
14.18 0
14.19 0
14.2 0
14.21 0
14.22 0
14.23 0
14.24 0
14.25 0
14.26 9
14.27 15
14.28 25
14.29 30
14.3 34
14.31 40
14.32 20
14.33 19
14.34 20
14.35 19
14.36 17
14.37 16
14.38 18
14.39 13
14.4 4
14.41 0
14.42 0
14.43 0
14.44 0
14.45 0
14.46 0
14.47 6
14.48 13
14.49 18
14.5 24
14.51 28
14.52 35
14.53 22
14.54 19
14.55 18
14.56 18
14.57 18
14.58 11
14.59 6
14.6 0
14.61 0
14.62 0
14.63 0
14.64 0
14.65 0
14.66 0
14.67 0
14.68 0
14.69 0
14.7 6
14.71 12
14.72 20
14.73 24
14.74 32
14.75 37
14.76 37
14.77 19
14.78 19
14.79 20
14.8 20
14.81 5
14.82 4
14.83 0
14.84 0
14.85 0
14.86 0
14.87 0
14.88 0
14.89 0
14.9 0
14.91 0
14.92 2
14.93 10
14.94 15
14.95 19
14.96 27
14.97 33
14.98 38
14.99 17
15 18
15.01 17
15.02 17
15.03 17
15.04 17
15.05 15
15.06 7
15.07 0
15.08 0
15.09 0
15.1 0
15.11 0
15.12 0
15.13 0
15.14 0
15.15 0
15.16 2
15.17 7
15.18 14
15.19 21
15.2 25
15.21 32
15.22 43
15.23 17
15.24 18
15.25 18
15.26 17
15.27 14
15.28 15
15.29 15
15.3 10
15.31 0
15.32 0
15.33 0
15.34 0
15.35 0
15.36 0
15.37 0
15.38 0
15.39 5
15.4 10
15.41 17
15.42 23
15.43 30
15.44 34
15.45 16
15.46 16
15.47 16
15.48 16
15.49 15
15.5 10
15.51 7
15.52 9
15.53 0
15.54 0
15.55 0
15.56 0
15.57 0
15.58 0
15.59 0
15.6 0
15.61 0
15.62 0
15.63 6
15.64 13
15.65 19
15.66 25
15.67 31
15.68 39
15.69 17
15.7 17
15.71 17
15.72 17
15.73 11
15.74 8
15.75 12
15.76 3
15.77 0
15.78 0
15.79 0
15.8 0
15.81 0
15.82 0
15.83 7
15.84 15
15.85 22
15.86 26
15.87 31
15.88 21
15.89 16
15.9 16
15.91 16
15.92 16
15.93 16
15.94 14
15.95 10
15.96 11
15.97 3
15.98 0
15.99 0
16 0
16.01 0
16.02 0
16.03 0
16.04 2
16.05 9
16.06 16
16.07 23
16.08 31
16.09 36
16.1 17
16.11 17
16.12 17
16.13 17
16.14 16
16.15 14
16.16 9
16.17 10
16.18 3
16.19 0
16.2 0
16.21 0
16.22 0
16.23 0
16.24 0
16.25 0
16.26 4
16.27 12
16.28 21
16.29 31
16.3 37
16.31 32
16.32 18
16.33 18
16.34 18
16.35 18
16.36 17
16.37 17
16.38 13
16.39 12
16.4 1
16.41 0
16.42 0
16.43 0
16.44 0
16.45 0
16.46 0
16.47 0
16.48 1
16.49 10
16.5 18
16.51 23
16.52 30
16.53 37
16.54 17
16.55 17
16.56 17
16.57 18
16.58 14
16.59 4
16.6 2
16.61 0
16.62 0
16.63 0
16.64 0
16.65 0
16.66 0
16.67 0
16.68 0
16.69 3
16.7 12
16.71 19
16.72 26
16.73 32
16.74 39
16.75 18
16.76 17
16.77 18
16.78 17
16.79 17
16.8 12
16.81 10
16.82 3
16.83 0
16.84 0
16.85 0
16.86 0
16.87 0
16.88 0
16.89 0
16.9 0
16.91 0
16.92 0
16.93 6
16.94 12
16.95 18
16.96 23
16.97 31
16.98 35
16.99 16
17 16
17.01 16
17.02 16
17.03 13
17.04 0
17.05 0
17.06 0
17.07 0
17.08 0
17.09 0
17.1 0
17.11 0
17.12 0
17.13 0
17.14 5
17.15 8
17.16 15
17.17 20
17.18 25
17.19 35
17.2 38
17.21 18
17.22 18
17.23 18
17.24 18
17.25 18
17.26 13
17.27 6
17.28 4
17.29 0
17.3 0
17.31 0
17.32 0
17.33 0
17.34 0
17.35 0
17.36 6
17.37 14
17.38 21
17.39 28
17.4 36
17.41 22
17.42 17
17.43 17
17.44 18
17.45 17
17.46 11
17.47 6
17.48 0
17.49 0
17.5 0
17.51 0
17.52 0
17.53 0
17.54 0
17.55 0
17.56 6
17.57 17
17.58 21
17.59 27
17.6 33
17.61 24
17.62 16
17.63 16
17.64 16
17.65 16
17.66 10
17.67 10
17.68 9
17.69 0
17.7 0
17.71 0
17.72 0
17.73 0
17.74 0
17.75 0
17.76 0
17.77 4
17.78 12
17.79 18
17.8 24
17.81 33
17.82 35
17.83 16
17.84 17
17.85 16
17.86 16
17.87 10
17.88 5
17.89 0
17.9 0
17.91 0
17.92 0
17.93 0
17.94 0
17.95 0
17.96 4
17.97 11
17.98 17
17.99 25
18 31
18.01 37
18.02 17
18.03 17
18.04 17
18.05 17
18.06 17
18.07 17
18.08 12
18.09 10
18.1 5
18.11 2
18.12 0
18.13 0
18.14 0
18.15 0
18.16 0
18.17 1
18.18 8
18.19 12
18.2 18
18.21 26
18.22 30
18.23 33
18.24 15
18.25 15
18.26 16
18.27 15
18.28 10
18.29 6
18.3 3
18.31 0
18.32 0
18.33 0
18.34 0
18.35 0
18.36 0
18.37 0
18.38 0
18.39 0
18.4 0
18.41 5
18.42 8
18.43 15
18.44 21
18.45 29
18.46 34
18.47 37
18.48 17
18.49 17
18.5 17
18.51 17
18.52 8
18.53 6
18.54 2
18.55 0
18.56 0
18.57 0
18.58 0
18.59 0
18.6 0
18.61 0
18.62 0
18.63 0
18.64 6
18.65 10
18.66 14
18.67 20
18.68 28
18.69 34
18.7 39
18.71 18
18.72 18
18.73 18
18.74 19
18.75 12
18.76 11
18.77 8
18.78 4
18.79 0
18.8 0
18.81 0
18.82 0
18.83 0
18.84 0
18.85 0
18.86 0
18.87 0
18.88 1
18.89 7
18.9 17
18.91 23
18.92 27
18.93 36
18.94 38
18.95 18
18.96 19
18.97 18
18.98 19
18.99 17
19 17
19.01 8
19.02 9
19.03 0
19.04 0
19.05 0
19.06 0
19.07 0
19.08 0
19.09 0
19.1 7
19.11 15
19.12 20
19.13 28
19.14 31
19.15 22
19.16 16
19.17 16
19.18 16
19.19 16
19.2 14
19.21 12
19.22 10
19.23 1
19.24 0
19.25 0
19.26 0
19.27 0
19.28 0
19.29 0
19.3 0
19.31 0
19.32 7
19.33 12
19.34 17
19.35 23
19.36 27
19.37 33
19.38 31
19.39 17
19.4 17
19.41 17
19.42 17
19.43 16
19.44 11
19.45 5
19.46 0
19.47 0
19.48 0
19.49 0
19.5 0
19.51 0
19.52 0
19.53 2
19.54 10
19.55 17
19.56 22
19.57 27
19.58 32
19.59 15
19.6 15
19.61 15
19.62 15
19.63 14
19.64 14
19.65 12
19.66 8
19.67 0
19.68 0
19.69 0
19.7 0
19.71 0
19.72 0
19.73 0
19.74 0
19.75 0
19.76 0
19.77 3
19.78 8
19.79 15
19.8 20
19.81 26
19.82 33
19.83 39
19.84 18
19.85 19
19.86 18
19.87 18
19.88 16
19.89 13
19.9 4
19.91 2
19.92 0
19.93 0
19.94 0
19.95 0
19.96 0
19.97 0
19.98 0
19.99 0
20 7
20.01 11
20.02 15
20.03 21
20.04 27
20.05 33
20.06 40
20.07 19
20.08 19
20.09 18
20.1 18
20.11 18
20.12 8
20.13 7
20.14 0
20.15 0
20.16 0
20.17 0
20.18 0
20.19 0
20.2 0
20.21 0
20.22 4
20.23 12
20.24 23
20.25 28
20.26 32
20.27 38
20.28 17
20.29 17
20.3 17
20.31 17
20.32 15
20.33 17
20.34 14
20.35 15
20.36 0
20.37 0
20.38 0
20.39 0
20.4 0
20.41 0
20.42 0
20.43 0
20.44 2
20.45 9
20.46 16
20.47 22
20.48 26
20.49 33
20.5 32
20.51 18
20.52 17
20.53 17
20.54 17
20.55 13
20.56 11
20.57 5
20.58 0
20.59 0
20.6 0
20.61 0
20.62 0
20.63 0
20.64 0
20.65 0
20.66 5
20.67 15
20.68 20
20.69 25
20.7 29
20.71 38
20.72 39
20.73 20
20.74 20
20.75 20
20.76 20
20.77 16
20.78 17
20.79 16
20.8 13
20.81 0
20.82 0
20.83 0
20.84 0
20.85 0
20.86 0
20.87 1
20.88 10
20.89 17
20.9 28
20.91 33
20.92 36
20.93 18
20.94 18
20.95 18
20.96 18
20.97 18
20.98 9
20.99 7
21 9
21.01 7
21.02 3
21.03 0
21.04 0
21.05 0
21.06 0
21.07 0
21.08 0
21.09 0
21.1 2
21.11 9
21.12 15
21.13 21
21.14 27
21.15 34
21.16 32
21.17 17
21.18 17
21.19 18
21.2 17
21.21 16
21.22 3
21.23 0
21.24 0
21.25 0
21.26 0
21.27 0
21.28 0
21.29 0
21.3 0
21.31 0
21.32 2
21.33 6
21.34 10
21.35 15
21.36 21
21.37 27
21.38 32
21.39 28
21.4 16
21.41 16
21.42 16
21.43 16
21.44 15
21.45 10
21.46 11
21.47 7
21.48 3
21.49 0
21.5 0
21.51 0
21.52 0
21.53 0
21.54 4
21.55 12
21.56 20
21.57 26
21.58 33
21.59 39
21.6 17
21.61 18
21.62 17
21.63 17
21.64 15
21.65 11
21.66 8
21.67 5
21.68 0
21.69 0
21.7 0
21.71 0
21.72 0
21.73 0
21.74 0
21.75 0
21.76 9
21.77 16
21.78 23
21.79 31
21.8 37
21.81 19
21.82 17
21.83 17
21.84 18
21.85 17
21.86 15
21.87 7
21.88 0
21.89 0
21.9 0
21.91 0
21.92 0
21.93 0
21.94 0
21.95 0
21.96 0
21.97 3
21.98 11
21.99 20
22 24
22.01 32
22.02 41
22.03 17
22.04 17
22.05 17
22.06 17
22.07 17
22.08 9
22.09 9
22.1 4
22.11 0
22.12 0
22.13 0
22.14 0
22.15 0
22.16 0
22.17 1
22.18 8
22.19 15
22.2 26
22.21 33
22.22 36
22.23 18
22.24 17
22.25 17
22.26 17
22.27 17
22.28 7
22.29 8
22.3 6
22.31 3
22.32 0
22.33 0
22.34 0
22.35 0
22.36 0
22.37 0
22.38 0
22.39 2
22.4 9
22.41 16
22.42 21
22.43 29
22.44 35
22.45 33
22.46 18
22.47 17
22.48 17
22.49 17
22.5 16
22.51 7
22.52 0
22.53 0
22.54 0
22.55 0
22.56 0
22.57 0
22.58 0
22.59 0
22.6 0
22.61 7
22.62 10
22.63 19
22.64 25
22.65 31
22.66 37
22.67 39
22.68 19
22.69 19
22.7 19
22.71 19
22.72 14
22.73 6
22.74 8
22.75 6
22.76 0
22.77 0
22.78 0
22.79 0
22.8 0
22.81 0
22.82 0
22.83 1
22.84 10
22.85 15
22.86 19
22.87 26
22.88 33
22.89 17
22.9 15
22.91 15
22.92 15
22.93 11
22.94 14
22.95 15
22.96 6
22.97 0
22.98 0
22.99 0
23 0
23.01 0
23.02 0
23.03 0
23.04 0
23.05 0
23.06 7
23.07 11
23.08 16
23.09 25
23.1 33
23.11 38
23.12 17
23.13 17
23.14 17
23.15 17
23.16 17
23.17 8
23.18 1
23.19 2
23.2 0
23.21 0
23.22 0
23.23 0
23.24 0
23.25 0
23.26 0
23.27 0
23.28 3
23.29 11
23.3 16
23.31 19
23.32 28
23.33 31
23.34 37
23.35 18
23.36 19
23.37 18
23.38 18
23.39 18
23.4 10
23.41 9
23.42 2
23.43 0
23.44 0
23.45 0
23.46 0
23.47 0
23.48 0
23.49 0
23.5 0
23.51 9
23.52 16
23.53 19
23.54 26
23.55 30
23.56 35
23.57 17
23.58 17
23.59 17
23.6 17
23.61 14
23.62 15
23.63 12
23.64 12
23.65 0
23.66 0
23.67 0
23.68 0
23.69 0
23.7 0
23.71 0
23.72 6
23.73 13
23.74 23
23.75 29
23.76 35
23.77 16
23.78 16
23.79 16
23.8 17
23.81 12
23.82 11
23.83 10
23.84 6
23.85 0
23.86 0
23.87 0
23.88 0
23.89 0
23.9 0
23.91 0
23.92 1
23.93 10
23.94 14
23.95 25
23.96 30
23.97 31
23.98 21
23.99 16
24 16
24.01 16
24.02 16
24.03 16
24.04 16
24.05 16
24.06 8
24.07 0
24.08 0
24.09 0
24.1 0
24.11 0
24.12 0
24.13 0
24.14 0
24.15 0
24.16 2
24.17 10
24.18 21
24.19 29
24.2 36
24.21 37
24.22 17
24.23 17
24.24 17
24.25 17
24.26 9
24.27 8
24.28 5
24.29 5
24.3 0
24.31 0
24.32 0
24.33 0
24.34 0
24.35 0
24.36 2
24.37 8
24.38 18
24.39 23
24.4 30
24.41 35
24.42 42
24.43 19
24.44 19
24.45 19
24.46 19
24.47 19
24.48 18
24.49 12
24.5 17
24.51 0
24.52 0
24.53 0
24.54 0
24.55 0
24.56 0
24.57 0
24.58 0
24.59 4
24.6 12
24.61 16
24.62 23
24.63 31
24.64 38
24.65 17
24.66 17
24.67 17
24.68 17
24.69 16
24.7 10
24.71 14
24.72 10
24.73 2
24.74 0
24.75 0
24.76 0
24.77 0
24.78 0
24.79 0
24.8 0
24.81 5
24.82 13
24.83 21
24.84 26
24.85 33
24.86 24
24.87 16
24.88 16
24.89 16
24.9 16
24.91 4
24.92 1
24.93 0
24.94 0
24.95 0
24.96 0
24.97 0
24.98 0
24.99 0
25 0
25.01 7
25.02 13
25.03 19
25.04 25
25.05 33
25.06 41
25.07 31
25.08 20
25.09 20
25.1 20
25.11 20
25.12 19
25.13 19
25.14 19
25.15 14
25.16 6
25.17 0
25.18 0
25.19 0
25.2 0
25.21 0
25.22 0
25.23 0
25.24 0
25.25 7
25.26 12
25.27 20
25.28 29
25.29 33
25.3 28
25.31 16
25.32 16
25.33 16
25.34 16
25.35 13
25.36 7
25.37 1
25.38 0
25.39 0
25.4 0
25.41 0
25.42 0
25.43 0
25.44 2
25.45 9
25.46 16
25.47 24
25.48 30
25.49 36
25.5 17
25.51 18
25.52 17
25.53 18
25.54 16
25.55 17
25.56 16
25.57 11
25.58 3
25.59 0
25.6 0
25.61 0
25.62 0
25.63 0
25.64 0
25.65 0
25.66 0
25.67 6
25.68 13
25.69 18
25.7 24
25.71 31
25.72 42
25.73 17
25.74 17
25.75 17
25.76 17
25.77 16
25.78 15
25.79 2
25.8 0
25.81 0
25.82 0
25.83 0
25.84 0
25.85 0
25.86 0
25.87 0
25.88 0
25.89 7
25.9 13
25.91 17
25.92 24
25.93 31
25.94 37
25.95 21
25.96 17
25.97 17
25.98 17
25.99 17
26 16
26.01 8
26.02 4
26.03 0
26.04 0
26.05 0
26.06 0
26.07 0
26.08 0
26.09 2
26.1 8
26.11 13
26.12 19
26.13 28
26.14 34
26.15 15
26.16 16
26.17 15
26.18 15
26.19 9
26.2 5
26.21 0
26.22 0
26.23 0
26.24 0
26.25 0
26.26 0
26.27 0
26.28 0
26.29 0
26.3 6
26.31 14
26.32 20
26.33 25
26.34 32
26.35 37
26.36 17
26.37 17
26.38 18
26.39 17
26.4 17
26.41 15
26.42 4
26.43 3
26.44 0
26.45 0
26.46 0
26.47 0
26.48 0
26.49 0
26.5 0
26.51 0
26.52 0
26.53 3
26.54 6
26.55 15
26.56 23
26.57 27
26.58 35
26.59 40
26.6 18
26.61 18
26.62 18
26.63 18
26.64 16
26.65 14
26.66 7
26.67 0
26.68 0
26.69 0
26.7 0
26.71 0
26.72 0
26.73 0
26.74 0
26.75 0
26.76 0
26.77 4
26.78 11
26.79 14
26.8 19
26.81 25
26.82 33
26.83 37
26.84 18
26.85 19
26.86 19
26.87 18
26.88 16
26.89 10
26.9 14
26.91 8
26.92 2
26.93 0
26.94 0
26.95 0
26.96 0
26.97 0
26.98 4
26.99 12
27 19
27.01 25
27.02 32
27.03 16
27.04 16
27.05 15
27.06 15
27.07 15
27.08 9
27.09 8
27.1 2
27.11 0
27.12 0
27.13 0
27.14 0
27.15 0
27.16 0
27.17 0
27.18 2
27.19 11
27.2 16
27.21 25
27.22 31
27.23 37
27.24 16
27.25 16
27.26 16
27.27 16
27.28 16
27.29 14
27.3 10
27.31 3
27.32 0
27.33 0
27.34 0
27.35 0
27.36 0
27.37 0
27.38 0
27.39 0
27.4 3
27.41 12
27.42 21
27.43 25
27.44 32
27.45 40
27.46 17
27.47 17
27.48 17
27.49 17
27.5 17
27.51 12
27.52 6
27.53 4
27.54 0
27.55 0
27.56 0
27.57 0
27.58 0
27.59 0
27.6 0
27.61 0
27.62 3
27.63 10
27.64 19
27.65 28
27.66 34
27.67 39
27.68 19
27.69 18
27.7 18
27.71 18
27.72 18
27.73 17
27.74 14
27.75 10
27.76 7
27.77 0
27.78 0
27.79 0
27.8 0
27.81 0
27.82 0
27.83 0
27.84 5
27.85 11
27.86 19
27.87 25
27.88 32
27.89 38
27.9 17
27.91 17
27.92 18
27.93 17
27.94 17
27.95 15
27.96 14
27.97 7
27.98 0
27.99 0
28 0
28.01 0
28.02 0
28.03 0
28.04 0
28.05 0
28.06 0
28.07 4
28.08 10
28.09 17
28.1 24
28.11 29
28.12 37
28.13 16
28.14 16
28.15 16
28.16 16
28.17 14
28.18 0
28.19 0
28.2 0
28.21 0
28.22 0
28.23 0
28.24 0
28.25 0
28.26 0
28.27 0
28.28 0
28.29 8
28.3 15
28.31 22
28.32 27
28.33 34
28.34 40
28.35 18
28.36 19
28.37 18
28.38 18
28.39 16
28.4 11
28.41 2
28.42 0
28.43 0
28.44 0
28.45 0
28.46 0
28.47 0
28.48 0
28.49 1
28.5 9
28.51 15
28.52 26
28.53 33
28.54 37
28.55 17
28.56 17
28.57 17
28.58 17
28.59 17
28.6 18
28.61 13
28.62 5
28.63 1
28.64 0
28.65 0
28.66 0
28.67 0
28.68 0
28.69 0
28.7 0
28.71 6
28.72 14
28.73 21
28.74 28
28.75 34
28.76 31
28.77 17
28.78 17
28.79 17
28.8 17
28.81 16
28.82 12
28.83 8
28.84 0
28.85 0
28.86 0
28.87 0
28.88 0
28.89 0
28.9 0
28.91 0
28.92 4
28.93 15
28.94 19
28.95 26
28.96 33
28.97 32
28.98 16
28.99 16
29 16
29.01 16
29.02 16
29.03 12
29.04 13
29.05 0
29.06 0
29.07 0
29.08 0
29.09 0
29.1 0
29.11 0
29.12 0
29.13 8
29.14 16
29.15 22
29.16 28
29.17 37
29.18 28
29.19 17
29.2 17
29.21 17
29.22 17
29.23 16
29.24 15
29.25 16
29.26 13
29.27 0
29.28 0
29.29 0
29.3 0
29.31 0
29.32 0
29.33 0
29.34 0
29.35 3
29.36 11
29.37 16
29.38 22
29.39 28
29.4 34
29.41 15
29.42 15
29.43 15
29.44 15
29.45 12
29.46 10
29.47 12
29.48 5
29.49 0
29.5 0
29.51 0
29.52 0
29.53 0
29.54 0
29.55 0
29.56 0
29.57 5
29.58 12
29.59 18
29.6 24
29.61 31
29.62 40
29.63 17
29.64 18
29.65 17
29.66 17
29.67 11
29.68 13
29.69 16
29.7 9
29.71 0
29.72 0
29.73 0
29.74 0
29.75 0
29.76 0
29.77 0
29.78 0
29.79 3
29.8 10
29.81 16
29.82 23
29.83 30
29.84 35
29.85 17
29.86 17
29.87 16
29.88 16
29.89 16
29.9 6
29.91 2
29.92 0
29.93 0
29.94 0
29.95 0
29.96 0
29.97 0
29.98 0
29.99 0
30 0
30.01 7
30.02 11
30.03 14
30.04 27
30.05 33
30.06 38
30.07 17
30.08 17
30.09 18
30.1 17
30.11 15
30.12 12
30.13 12
30.14 9
30.15 3
30.16 0
30.17 0
30.18 0
30.19 0
30.2 0
30.21 0
30.22 7
30.23 13
30.24 21
30.25 32
30.26 37
30.27 16
30.28 16
30.29 16
30.3 16
30.31 14
30.32 11
30.33 9
30.34 8
30.35 6
30.36 0
30.37 0
30.38 0
30.39 0
30.4 0
30.41 0
30.42 8
30.43 18
30.44 26
30.45 33
30.46 39
30.47 18
30.48 17
30.49 17
30.5 17
30.51 17
30.52 18
30.53 11
30.54 11
30.55 0
30.56 0
30.57 0
30.58 0
30.59 0
30.6 0
30.61 0
30.62 0
30.63 0
30.64 1
30.65 7
30.66 14
30.67 21
30.68 28
30.69 35
30.7 42
30.71 20
30.72 20
30.73 20
30.74 20
30.75 19
30.76 11
30.77 9
30.78 11
30.79 7
30.8 0
30.81 0
30.82 0
30.83 0
30.84 0
30.85 0
30.86 0
30.87 0
30.88 4
30.89 8
30.9 15
30.91 21
30.92 26
30.93 29
30.94 34
30.95 28
30.96 18
30.97 19
30.98 18
30.99 18
31 12
31.01 1
31.02 5
31.03 0
31.04 0
31.05 0
31.06 0
31.07 0
31.08 0
31.09 0
31.1 0
31.11 0
31.12 0
31.13 7
31.14 13
31.15 20
31.16 25
31.17 33
31.18 37
31.19 24
31.2 18
31.21 18
31.22 19
31.23 17
31.24 16
31.25 8
31.26 0
31.27 0
31.28 0
31.29 0
31.3 0
31.31 0
31.32 0
31.33 1
31.34 9
31.35 13
31.36 19
31.37 25
31.38 32
31.39 35
31.4 16
31.41 16
31.42 16
31.43 16
31.44 16
31.45 10
31.46 12
31.47 6
31.48 0
31.49 0
31.5 0
31.51 0
31.52 0
31.53 0
31.54 0
31.55 0
31.56 7
31.57 16
31.58 22
31.59 30
31.6 36
31.61 25
31.62 17
31.63 17
31.64 17
31.65 17
31.66 17
31.67 13
31.68 10
31.69 4
31.7 0
31.71 0
31.72 0
31.73 0
31.74 0
31.75 0
31.76 0
31.77 0
31.78 2
31.79 12
31.8 19
31.81 25
31.82 32
31.83 39
31.84 28
31.85 19
31.86 20
31.87 19
31.88 19
31.89 11
31.9 11
31.91 7
31.92 4
31.93 0
31.94 0
31.95 0
31.96 0
31.97 0
31.98 0
31.99 1
32 11
32.01 21
32.02 25
32.03 30
32.04 33
32.05 29
32.06 18
32.07 19
32.08 18
32.09 18
32.1 16
32.11 15
32.12 9
32.13 9
32.14 0
32.15 0
32.16 0
32.17 0
32.18 0
32.19 0
32.2 0
32.21 0
32.22 4
32.23 10
32.24 17
32.25 23
32.26 30
32.27 36
32.28 16
32.29 16
32.3 17
32.31 16
32.32 9
32.33 1
32.34 0
32.35 0
32.36 0
32.37 0
32.38 0
32.39 0
32.4 0
32.41 0
32.42 0
32.43 2
32.44 7
32.45 12
32.46 18
32.47 25
32.48 31
32.49 39
32.5 17
32.51 17
32.52 17
32.53 17
32.54 17
32.55 10
32.56 2
32.57 0
32.58 0
32.59 0
32.6 0
32.61 0
32.62 0
32.63 0
32.64 0
32.65 0
32.66 8
32.67 16
32.68 21
32.69 26
32.7 30
32.71 29
32.72 16
32.73 16
32.74 16
32.75 16
32.76 10
32.77 7
32.78 7
32.79 0
32.8 0
32.81 0
32.82 0
32.83 0
32.84 0
32.85 0
32.86 4
32.87 15
32.88 22
32.89 28
32.9 36
32.91 19
32.92 16
32.93 16
32.94 16
32.95 16
32.96 15
32.97 12
32.98 9
32.99 5
33 0
33.01 0
33.02 0
33.03 0
33.04 0
33.05 0
33.06 0
33.07 3
33.08 13
33.09 21
33.1 26
33.11 34
33.12 43
33.13 18
33.14 18
33.15 18
33.16 18
33.17 17
33.18 17
33.19 10
33.2 3
33.21 0
33.22 0
33.23 0
33.24 0
33.25 0
33.26 0
33.27 0
33.28 0
33.29 7
33.3 15
33.31 22
33.32 27
33.33 34
33.34 40
33.35 18
33.36 18
33.37 18
33.38 18
33.39 18
33.4 15
33.41 8
33.42 7
33.43 0
33.44 0
33.45 0
33.46 0
33.47 0
33.48 0
33.49 0
33.5 0
33.51 4
33.52 9
33.53 14
33.54 21
33.55 28
33.56 33
33.57 31
33.58 17
33.59 17
33.6 17
33.61 17
33.62 16
33.63 9
33.64 8
33.65 5
33.66 0
33.67 0
33.68 0
33.69 0
33.7 0
33.71 0
33.72 0
33.73 0
33.74 2
33.75 6
33.76 9
33.77 16
33.78 24
33.79 28
33.8 34
33.81 29
33.82 17
33.83 17
33.84 17
33.85 17
33.86 13
33.87 14
33.88 12
33.89 0
33.9 0
33.91 0
33.92 0
33.93 0
33.94 0
33.95 0
33.96 0
33.97 6
33.98 14
33.99 18
34 22
34.01 28
34.02 33
34.03 15
34.04 15
34.05 15
34.06 15
34.07 15
34.08 7
34.09 9
34.1 6
34.11 0
34.12 0
34.13 0
34.14 0
34.15 0
34.16 0
34.17 0
34.18 0
34.19 8
34.2 12
34.21 17
34.22 24
34.23 29
34.24 34
34.25 16
34.26 16
34.27 16
34.28 17
34.29 14
34.3 14
34.31 11
34.32 6
34.33 0
34.34 0
34.35 0
34.36 0
34.37 0
34.38 0
34.39 0
34.4 2
34.41 8
34.42 18
34.43 24
34.44 31
34.45 36
34.46 16
34.47 17
34.48 16
34.49 16
34.5 16
34.51 14
34.52 9
34.53 9
34.54 0
34.55 0
34.56 0
34.57 0
34.58 0
34.59 0
34.6 0
34.61 0
34.62 8
34.63 19
34.64 25
34.65 32
34.66 37
34.67 21
34.68 18
34.69 17
34.7 17
34.71 16
34.72 17
34.73 17
34.74 17
34.75 6
34.76 0
34.77 0
34.78 0
34.79 0
34.8 0
34.81 0
34.82 0
34.83 0
34.84 1
34.85 8
34.86 16
34.87 22
34.88 31
34.89 35
34.9 40
34.91 19
34.92 20
34.93 19
34.94 19
34.95 16
34.96 9
34.97 0
34.98 0
34.99 0
35 0
35.01 0
35.02 0
35.03 0
35.04 5
35.05 12
35.06 21
35.07 28
35.08 36
35.09 37
35.1 19
35.11 18
35.12 18
35.13 18
35.14 11
35.15 9
35.16 11
35.17 1
35.18 1
35.19 0
35.2 0
35.21 0
35.22 0
35.23 0
35.24 0
35.25 12
35.26 18
35.27 25
35.28 30
35.29 40
35.3 37
35.31 21
35.32 21
35.33 20
35.34 20
35.35 18
35.36 14
35.37 12
35.38 8
35.39 0
35.4 0
35.41 0
35.42 0
35.43 0
35.44 0
35.45 0
35.46 0
35.47 1
35.48 7
35.49 17
35.5 23
35.51 28
35.52 35
35.53 42
35.54 19
35.55 19
35.56 19
35.57 19
35.58 14
35.59 7
35.6 0
35.61 0
35.62 0
35.63 0
35.64 0
35.65 0
35.66 0
35.67 0
35.68 0
35.69 7
35.7 14
35.71 19
35.72 25
35.73 31
35.74 36
35.75 17
35.76 16
35.77 16
35.78 16
35.79 14
35.8 14
35.81 4
35.82 2
35.83 0
35.84 0
35.85 0
35.86 0
35.87 0
35.88 0
35.89 0
35.9 0
35.91 2
35.92 9
35.93 13
35.94 21
35.95 26
35.96 32
35.97 39
35.98 17
35.99 17
36 18
36.01 17
36.02 11
36.03 7
36.04 0
36.05 0
36.06 0
36.07 0
36.08 0
36.09 0
36.1 0
36.11 3
36.12 10
36.13 19
36.14 25
36.15 31
36.16 35
36.17 35
36.18 19
36.19 19
36.2 19
36.21 20
36.22 12
36.23 2
36.24 0
36.25 0
36.26 0
36.27 0
36.28 0
36.29 0
36.3 0
36.31 2
36.32 8
36.33 17
36.34 27
36.35 33
36.36 19
36.37 15
36.38 15
36.39 16
36.4 15
36.41 14
36.42 11
36.43 1
36.44 0
36.45 0
36.46 0
36.47 0
36.48 0
36.49 0
36.5 0
36.51 0
36.52 0
36.53 0
36.54 7
36.55 13
36.56 19
36.57 27
36.58 32
36.59 40
36.6 17
36.61 17
36.62 17
36.63 17
36.64 14
36.65 1
36.66 0
36.67 0
36.68 0
36.69 0
36.7 0
36.71 0
36.72 0
36.73 0
36.74 0
36.75 0
36.76 0
36.77 0
36.78 6
36.79 12
36.8 20
36.81 24
36.82 26
36.83 32
36.84 40
36.85 18
36.86 18
36.87 18
36.88 18
36.89 16
36.9 12
36.91 12
36.92 10
36.93 0
36.94 0
36.95 0
36.96 0
36.97 0
36.98 0
36.99 0
37 0
37.01 4
37.02 9
37.03 12
37.04 17
37.05 23
37.06 28
37.07 32
37.08 16
37.09 16
37.1 16
37.11 17
37.12 16
37.13 6
37.14 6
37.15 9
37.16 0
37.17 0
37.18 0
37.19 0
37.2 0
37.21 0
37.22 0
37.23 0
37.24 3
37.25 9
37.26 13
37.27 18
37.28 25
37.29 29
37.3 36
37.31 17
37.32 16
37.33 16
37.34 16
37.35 16
37.36 8
37.37 0
37.38 0
37.39 0
37.4 0
37.41 0
37.42 0
37.43 0
37.44 0
37.45 0
37.46 0
37.47 6
37.48 12
37.49 18
37.5 26
37.51 31
37.52 36
37.53 35
37.54 19
37.55 19
37.56 19
37.57 19
37.58 13
37.59 12
37.6 15
37.61 13
37.62 3
37.63 0
37.64 0
37.65 0
37.66 0
37.67 0
37.68 0
37.69 0
37.7 1
37.71 5
37.72 13
37.73 19
37.74 25
37.75 33
37.76 31
37.77 16
37.78 16
37.79 16
37.8 16
37.81 11
37.82 10
37.83 6
37.84 1
37.85 0
37.86 0
37.87 0
37.88 0
37.89 0
37.9 0
37.91 0
37.92 0
37.93 6
37.94 12
37.95 20
37.96 24
37.97 30
37.98 35
37.99 20
38 17
38.01 17
38.02 17
38.03 17
38.04 9
38.05 7
38.06 4
38.07 0
38.08 0
38.09 0
38.1 0
38.11 0
38.12 0
38.13 0
38.14 7
38.15 15
38.16 20
38.17 25
38.18 29
38.19 33
38.2 22
38.21 19
38.22 18
38.23 18
38.24 16
38.25 11
38.26 4
38.27 1
38.28 0
38.29 0
38.3 0
38.31 0
38.32 0
38.33 0
38.34 0
38.35 1
38.36 11
38.37 16
38.38 23
38.39 27
38.4 31
38.41 24
38.42 16
38.43 16
38.44 16
38.45 16
38.46 12
38.47 10
38.48 9
38.49 0
38.5 0
38.51 0
38.52 0
38.53 0
38.54 0
38.55 0
38.56 0
38.57 0
38.58 5
38.59 16
38.6 23
38.61 28
38.62 32
38.63 37
38.64 19
38.65 19
38.66 19
38.67 20
38.68 13
38.69 10
38.7 15
38.71 17
38.72 9
38.73 0
38.74 0
38.75 0
38.76 0
38.77 0
38.78 0
38.79 0
38.8 3
38.81 11
38.82 19
38.83 27
38.84 36
38.85 29
38.86 16
38.87 17
38.88 16
38.89 16
38.9 16
38.91 5
38.92 9
38.93 6
38.94 5
38.95 3
38.96 0
38.97 0
38.98 0
38.99 0
39 6
39.01 13
39.02 21
39.03 30
39.04 35
39.05 29
39.06 17
39.07 17
39.08 17
39.09 17
39.1 17
39.11 11
39.12 7
39.13 1
39.14 0
39.15 0
39.16 0
39.17 0
39.18 0
39.19 0
39.2 0
39.21 0
39.22 0
39.23 5
39.24 13
39.25 20
39.26 26
39.27 31
39.28 37
39.29 16
39.3 16
39.31 17
39.32 17
39.33 11
39.34 10
39.35 8
39.36 5
39.37 0
39.38 0
39.39 0
39.4 0
39.41 0
39.42 0
39.43 0
39.44 5
39.45 13
39.46 19
39.47 23
39.48 28
39.49 34
39.5 16
39.51 16
39.52 16
39.53 16
39.54 16
39.55 12
39.56 9
39.57 5
39.58 0
39.59 0
39.6 0
39.61 0
39.62 0
39.63 0
39.64 0
39.65 8
39.66 12
39.67 20
39.68 27
39.69 33
39.7 23
39.71 16
39.72 16
39.73 17
39.74 15
39.75 13
39.76 9
39.77 8
39.78 0
39.79 0
39.8 0
39.81 0
39.82 0
39.83 0
39.84 0
39.85 0
39.86 0
39.87 3
39.88 11
39.89 19
39.9 26
39.91 31
39.92 37
39.93 17
39.94 17
39.95 17
39.96 17
39.97 17
39.98 10
39.99 8
40 8
40.01 0
40.02 0
40.03 0
40.04 0
40.05 0
40.06 0
40.07 0
40.08 0
40.09 4
40.1 13
40.11 21
40.12 27
40.13 32
40.14 37
40.15 18
40.16 18
40.17 18
40.18 18
40.19 16
40.2 14
40.21 14
40.22 3
40.23 0
40.24 0
40.25 0
40.26 0
40.27 0
40.28 0
40.29 0
40.3 0
40.31 5
40.32 12
40.33 20
40.34 26
40.35 34
40.36 31
40.37 17
40.38 16
40.39 16
40.4 16
40.41 11
40.42 10
40.43 10
40.44 1
40.45 0
40.46 0
40.47 0
40.48 0
40.49 0
40.5 0
40.51 0
40.52 6
40.53 13
40.54 20
40.55 27
40.56 32
40.57 38
40.58 17
40.59 17
40.6 17
40.61 17
40.62 16
40.63 9
40.64 7
40.65 0
40.66 0
40.67 0
40.68 0
40.69 0
40.7 0
40.71 0
40.72 0
40.73 0
40.74 3
40.75 8
40.76 15
40.77 22
40.78 29
40.79 33
40.8 34
40.81 17
40.82 17
40.83 17
40.84 17
40.85 13
40.86 12
40.87 13
40.88 1
40.89 0
40.9 0
40.91 0
40.92 0
40.93 0
40.94 0
40.95 0
40.96 7
40.97 14
40.98 18
40.99 27
41 31
41.01 30
41.02 15
41.03 15
41.04 16
41.05 15
41.06 6
41.07 5
41.08 4
41.09 0
41.1 0
41.11 0
41.12 0
41.13 0
41.14 0
41.15 0
41.16 0
41.17 6
41.18 14
41.19 20
41.2 24
41.21 30
41.22 37
41.23 16
41.24 16
41.25 16
41.26 16
41.27 11
41.28 9
41.29 6
41.3 4
41.31 0
41.32 0
41.33 0
41.34 0
41.35 0
41.36 0
41.37 3
41.38 10
41.39 16
41.4 24
41.41 30
41.42 35
41.43 17
41.44 16
41.45 17
41.46 16
41.47 15
41.48 16
41.49 12
41.5 14
41.51 9
41.52 0
41.53 0
41.54 0
41.55 0
41.56 0
41.57 0
41.58 0
41.59 1
41.6 6
41.61 17
41.62 22
41.63 28
41.64 35
41.65 42
41.66 19
41.67 19
41.68 19
41.69 20
41.7 18
41.71 11
41.72 2
41.73 0
41.74 0
41.75 0
41.76 0
41.77 0
41.78 0
41.79 0
41.8 0
41.81 11
41.82 16
41.83 22
41.84 31
41.85 35
41.86 38
41.87 18
41.88 18
41.89 18
41.9 18
41.91 13
41.92 8
41.93 9
41.94 3
41.95 0
41.96 0
41.97 0
41.98 0
41.99 0
42 0
42.01 0
42.02 0
42.03 0
42.04 2
42.05 9
42.06 16
42.07 22
42.08 29
42.09 37
42.1 20
42.11 16
42.12 17
42.13 16
42.14 16
42.15 10
42.16 0
42.17 0
42.18 0
42.19 0
42.2 0
42.21 0
42.22 0
42.23 0
42.24 0
42.25 0
42.26 6
42.27 10
42.28 16
42.29 21
42.3 29
42.31 33
42.32 32
42.33 17
42.34 17
42.35 17
42.36 17
42.37 17
42.38 17
42.39 6
42.4 0
42.41 0
42.42 0
42.43 0
42.44 0
42.45 0
42.46 0
42.47 3
42.48 6
42.49 12
42.5 18
42.51 21
42.52 26
42.53 32
42.54 16
42.55 16
42.56 17
42.57 16
42.58 11
42.59 8
42.6 7
42.61 12
42.62 2
42.63 0
42.64 0
42.65 0
42.66 0
42.67 0
42.68 0
42.69 0
42.7 2
42.71 7
42.72 15
42.73 21
42.74 26
42.75 33
42.76 32
42.77 17
42.78 17
42.79 17
42.8 17
42.81 16
42.82 9
42.83 13
42.84 6
42.85 0
42.86 0
42.87 0
42.88 0
42.89 0
42.9 0
42.91 1
42.92 10
42.93 18
42.94 22
42.95 26
42.96 32
42.97 35
42.98 18
42.99 18
43 18
43.01 18
43.02 17
43.03 12
43.04 17
43.05 14
43.06 4
43.07 0
43.08 0
43.09 0
43.1 0
43.11 0
43.12 0
43.13 7
43.14 18
43.15 27
43.16 32
43.17 41
43.18 18
43.19 18
43.2 18
43.21 18
43.22 16
43.23 10
43.24 5
43.25 7
43.26 8
43.27 0
43.28 0
43.29 0
43.3 0
43.31 0
43.32 2
43.33 13
43.34 24
43.35 29
43.36 37
43.37 29
43.38 18
43.39 19
43.4 18
43.41 18
43.42 7
43.43 9
43.44 10
43.45 11
43.46 0
43.47 0
43.48 0
43.49 0
43.5 0
43.51 0
43.52 0
43.53 0
43.54 9
43.55 14
43.56 20
43.57 26
43.58 36
43.59 40
43.6 18
43.61 18
43.62 19
43.63 18
43.64 18
43.65 18
43.66 12
43.67 12
43.68 2
43.69 0
43.7 0
43.71 0
43.72 0
43.73 0
43.74 0
43.75 0
43.76 0
43.77 6
43.78 12
43.79 19
43.8 27
43.81 35
43.82 41
43.83 18
43.84 18
43.85 18
43.86 18
43.87 12
43.88 5
43.89 5
43.9 0
43.91 0
43.92 0
43.93 0
43.94 0
43.95 0
43.96 0
43.97 0
43.98 0
43.99 1
44 5
44.01 10
44.02 15
44.03 22
44.04 28
44.05 34
44.06 31
44.07 17
44.08 17
44.09 17
44.1 17
44.11 11
44.12 6
44.13 0
44.14 0
44.15 0
44.16 0
44.17 0
44.18 0
44.19 0
44.2 0
44.21 1
44.22 8
44.23 13
44.24 19
44.25 24
44.26 31
44.27 37
44.28 37
44.29 19
44.3 19
44.31 19
44.32 19
44.33 18
44.34 12
44.35 15
44.36 9
44.37 0
44.38 0
44.39 0
44.4 0
44.41 0
44.42 0
44.43 0
44.44 9
44.45 16
44.46 22
44.47 28
44.48 33
44.49 38
44.5 18
44.51 18
44.52 19
44.53 19
44.54 7
44.55 11
44.56 4
44.57 1
44.58 0
44.59 0
44.6 0
44.61 0
44.62 0
44.63 0
44.64 8
44.65 15
44.66 24
44.67 31
44.68 36
44.69 15
44.7 15
44.71 15
44.72 16
44.73 12
44.74 14
44.75 11
44.76 1
44.77 0
44.78 0
44.79 0
44.8 0
44.81 0
44.82 0
44.83 0
44.84 0
44.85 5
44.86 13
44.87 23
44.88 29
44.89 35
44.9 29
44.91 17
44.92 17
44.93 17
44.94 17
44.95 15
44.96 11
44.97 11
44.98 5
44.99 0
45 0
45.01 0
45.02 0
45.03 0
45.04 0
45.05 11
45.06 18
45.07 24
45.08 33
45.09 38
45.1 18
45.11 18
45.12 18
45.13 18
45.14 15
45.15 9
45.16 9
45.17 11
45.18 0
45.19 0
45.2 0
45.21 0
45.22 0
45.23 0
45.24 0
45.25 0
45.26 0
45.27 5
45.28 8
45.29 19
45.3 23
45.31 29
45.32 37
45.33 43
45.34 19
45.35 19
45.36 19
45.37 20
45.38 19
45.39 19
45.4 5
45.41 0
45.42 0
45.43 0
45.44 0
45.45 0
45.46 0
45.47 0
45.48 0
45.49 0
45.5 0
45.51 0
45.52 0
45.53 3
45.54 12
45.55 19
45.56 27
45.57 34
45.58 42
45.59 20
45.6 20
45.61 19
45.62 20
45.63 17
45.64 15
45.65 16
45.66 11
45.67 3
45.68 0
45.69 0
45.7 0
45.71 0
45.72 0
45.73 0
45.74 8
45.75 15
45.76 23
45.77 28
45.78 33
45.79 15
45.8 15
45.81 15
45.82 15
45.83 10
45.84 11
45.85 11
45.86 6
45.87 3
45.88 0
45.89 0
45.9 0
45.91 0
45.92 0
45.93 0
45.94 6
45.95 15
45.96 23
45.97 29
45.98 37
45.99 16
46 16
46.01 17
46.02 16
46.03 14
46.04 9
46.05 4
46.06 7
46.07 8
46.08 0
46.09 0
46.1 0
46.11 0
46.12 0
46.13 4
46.14 11
46.15 19
46.16 27
46.17 31
46.18 36
46.19 17
46.2 17
46.21 17
46.22 17
46.23 17
46.24 15
46.25 11
46.26 6
46.27 0
46.28 0
46.29 0
46.3 0
46.31 0
46.32 0
46.33 0
46.34 0
46.35 2
46.36 9
46.37 18
46.38 24
46.39 30
46.4 39
46.41 16
46.42 16
46.43 16
46.44 16
46.45 14
46.46 2
46.47 0
46.48 0
46.49 0
46.5 0
46.51 0
46.52 0
46.53 0
46.54 0
46.55 0
46.56 4
46.57 11
46.58 16
46.59 27
46.6 33
46.61 36
46.62 40
46.63 19
46.64 19
46.65 19
46.66 19
46.67 16
46.68 14
46.69 16
46.7 12
46.71 4
46.72 0
46.73 0
46.74 0
46.75 0
46.76 2
46.77 10
46.78 17
46.79 23
46.8 29
46.81 35
46.82 35
46.83 19
46.84 20
46.85 19
46.86 19
46.87 17
46.88 15
46.89 14
46.9 11
46.91 0
46.92 0
46.93 0
46.94 0
46.95 0
46.96 0
46.97 0
46.98 0
46.99 1
47 6
47.01 11
47.02 18
47.03 24
47.04 30
47.05 36
47.06 17
47.07 16
47.08 16
47.09 16
47.1 11
47.11 6
47.12 0
47.13 2
47.14 0
47.15 0
47.16 0
47.17 0
47.18 0
47.19 0
47.2 0
47.21 0
47.22 5
47.23 10
47.24 14
47.25 24
47.26 28
47.27 36
47.28 17
47.29 16
47.3 16
47.31 16
47.32 16
47.33 11
47.34 4
47.35 0
47.36 0
47.37 0
47.38 0
47.39 0
47.4 0
47.41 0
47.42 0
47.43 0
47.44 1
47.45 4
47.46 11
47.47 17
47.48 24
47.49 29
47.5 34
47.51 38
47.52 18
47.53 18
47.54 18
47.55 19
47.56 12
47.57 10
47.58 7
47.59 3
47.6 0
47.61 0
47.62 0
47.63 0
47.64 0
47.65 0
47.66 1
47.67 7
47.68 17
47.69 22
47.7 24
47.71 32
47.72 30
47.73 16
47.74 16
47.75 16
47.76 16
47.77 10
47.78 6
47.79 8
47.8 11
47.81 0
47.82 0
47.83 0
47.84 0
47.85 0
47.86 0
47.87 5
47.88 12
47.89 19
47.9 26
47.91 31
47.92 36
47.93 17
47.94 17
47.95 18
47.96 18
47.97 17
47.98 10
47.99 10
48 13
48.01 11
48.02 0
48.03 0
48.04 0
48.05 0
48.06 0
48.07 0
48.08 0
48.09 3
48.1 11
48.11 16
48.12 26
48.13 31
48.14 36
48.15 22
48.16 18
48.17 18
48.18 18
48.19 16
48.2 14
48.21 11
48.22 3
48.23 3
48.24 1
48.25 0
48.26 0
48.27 0
48.28 0
48.29 4
48.3 10
48.31 18
48.32 28
48.33 33
48.34 39
48.35 18
48.36 18
48.37 18
48.38 18
48.39 17
48.4 17
48.41 17
48.42 14
48.43 5
48.44 0
48.45 0
48.46 0
48.47 0
48.48 0
48.49 0
48.5 0
48.51 0
48.52 0
48.53 2
48.54 7
48.55 14
48.56 20
48.57 26
48.58 35
48.59 28
48.6 16
48.61 16
48.62 16
48.63 16
48.64 12
48.65 11
48.66 9
48.67 0
48.68 0
48.69 0
48.7 0
48.71 0
48.72 0
48.73 0
48.74 0
48.75 4
48.76 11
48.77 15
48.78 21
48.79 28
48.8 33
48.81 40
48.82 19
48.83 19
48.84 19
48.85 19
48.86 19
48.87 14
48.88 11
48.89 12
48.9 11
48.91 0
48.92 0
48.93 0
48.94 0
48.95 0
48.96 0
48.97 0
48.98 3
48.99 11
49 17
49.01 23
49.02 30
49.03 35
49.04 16
49.05 17
49.06 16
49.07 16
49.08 15
49.09 11
49.1 15
49.11 13
49.12 0
49.13 0
49.14 0
49.15 0
49.16 0
49.17 0
49.18 1
49.19 9
49.2 16
49.21 25
49.22 29
49.23 35
49.24 22
49.25 17
49.26 17
49.27 17
49.28 17
49.29 16
49.3 15
49.31 13
49.32 4
49.33 0
49.34 0
49.35 0
49.36 0
49.37 0
49.38 0
49.39 0
49.4 0
49.41 1
49.42 7
49.43 14
49.44 21
49.45 27
49.46 37
49.47 42
49.48 18
49.49 18
49.5 18
49.51 19
49.52 16
49.53 9
49.54 11
49.55 2
49.56 0
49.57 0
49.58 0
49.59 0
49.6 0
49.61 0
49.62 2
49.63 12
49.64 19
49.65 27
49.66 35
49.67 15
49.68 15
49.69 15
49.7 15
49.71 14
49.72 11
49.73 1
49.74 1
49.75 0
49.76 0
49.77 0
49.78 0
49.79 0
49.8 0
49.81 0
49.82 0
49.83 0
49.84 8
49.85 14
49.86 18
49.87 24
49.88 28
49.89 32
49.9 29
49.91 17
49.92 17
49.93 17
49.94 17
49.95 11
49.96 11
49.97 10
49.98 4
49.99 0
50 0
50.01 0
50.02 0
50.03 0
50.04 0
50.05 0
50.06 0
50.07 0
50.08 3
50.09 10
50.1 17
50.11 23
50.12 30
50.13 38
50.14 41
50.15 20
50.16 20
50.17 19
50.18 19
50.19 15
50.2 12
50.21 10
50.22 0
50.23 0
50.24 0
50.25 0
50.26 0
50.27 0
50.28 0
50.29 1
50.3 13
50.31 19
50.32 23
50.33 30
50.34 38
50.35 16
50.36 16
50.37 16
50.38 16
50.39 17
50.4 16
50.41 12
50.42 3
50.43 0
50.44 0
50.45 0
50.46 0
50.47 0
50.48 0
50.49 0
50.5 1
50.51 11
50.52 16
50.53 22
50.54 30
50.55 38
50.56 18
50.57 17
50.58 17
50.59 17
50.6 17
50.61 17
50.62 17
50.63 8
50.64 0
50.65 0
50.66 0
50.67 0
50.68 0
50.69 0
50.7 0
50.71 0
50.72 6
50.73 23
50.74 30
50.75 37
50.76 26
50.77 17
50.78 17
50.79 17
50.8 17
50.81 11
50.82 4
50.83 0
50.84 0
50.85 0
50.86 0
50.87 0
50.88 0
50.89 0
50.9 0
50.91 0
50.92 2
50.93 9
50.94 15
50.95 18
50.96 26
50.97 34
50.98 40
50.99 22
51 19
51.01 19
51.02 19
51.03 19
51.04 15
51.05 7
51.06 6
51.07 0
51.08 0
51.09 0
51.1 0
51.11 0
51.12 0
51.13 0
51.14 0
51.15 0
51.16 0
51.17 0
51.18 0
51.19 5
51.2 13
51.21 23
51.22 25
51.23 31
51.24 38
51.25 17
51.26 17
51.27 17
51.28 17
51.29 17
51.3 4
51.31 0
51.32 0
51.33 0
51.34 0
51.35 0
51.36 0
51.37 0
51.38 0
51.39 0
51.4 4
51.41 12
51.42 18
51.43 22
51.44 26
51.45 30
51.46 34
51.47 34
51.48 19
51.49 19
51.5 19
51.51 19
51.52 13
51.53 14
51.54 9
51.55 0
51.56 0
51.57 0
51.58 0
51.59 0
51.6 0
51.61 0
51.62 0
51.63 0
51.64 1
51.65 7
51.66 11
51.67 17
51.68 27
51.69 30
51.7 35
51.71 16
51.72 16
51.73 16
51.74 16
51.75 7
51.76 2
51.77 0
51.78 0
51.79 0
51.8 0
51.81 0
51.82 0
51.83 0
51.84 0
51.85 0
51.86 5
51.87 14
51.88 17
51.89 25
51.9 31
51.91 37
51.92 19
51.93 18
51.94 18
51.95 17
51.96 17
51.97 16
51.98 15
51.99 16
52 14
52.01 0
52.02 0
52.03 0
52.04 0
52.05 0
52.06 0
52.07 0
52.08 5
52.09 11
52.1 17
52.11 24
52.12 30
52.13 37
52.14 29
52.15 19
52.16 19
52.17 20
52.18 19
52.19 12
52.2 11
52.21 5
52.22 0
52.23 0
52.24 0
52.25 0
52.26 0
52.27 0
52.28 0
52.29 3
52.3 12
52.31 21
52.32 29
52.33 34
52.34 21
52.35 16
52.36 16
52.37 16
52.38 16
52.39 16
52.4 10
52.41 3
52.42 0
52.43 0
52.44 0
52.45 0
52.46 0
52.47 0
52.48 0
52.49 0
52.5 6
52.51 11
52.52 15
52.53 19
52.54 29
52.55 33
52.56 26
52.57 16
52.58 16
52.59 16
52.6 16
52.61 16
52.62 16
52.63 16
52.64 8
52.65 3
52.66 0
52.67 0
52.68 0
52.69 0
52.7 0
52.71 0
52.72 0
52.73 0
52.74 2
52.75 5
52.76 12
52.77 22
52.78 29
52.79 35
52.8 40
52.81 17
52.82 18
52.83 17
52.84 17
52.85 10
52.86 2
52.87 5
52.88 0
52.89 0
52.9 0
52.91 0
52.92 0
52.93 0
52.94 0
52.95 0
52.96 0
52.97 5
52.98 10
52.99 14
53 21
53.01 29
53.02 34
53.03 34
53.04 17
53.05 17
53.06 17
53.07 17
53.08 12
53.09 5
53.1 5
53.11 5
53.12 0
53.13 0
53.14 0
53.15 0
53.16 0
53.17 0
53.18 0
53.19 0
53.2 4
53.21 10
53.22 19
53.23 23
53.24 32
53.25 38
53.26 17
53.27 17
53.28 17
53.29 17
53.3 17
53.31 9
53.32 1
53.33 0
53.34 0
53.35 0
53.36 0
53.37 0
53.38 0
53.39 0
53.4 0
53.41 3
53.42 13
53.43 19
53.44 22
53.45 27
53.46 34
53.47 18
53.48 17
53.49 16
53.5 16
53.51 16
53.52 16
53.53 16
53.54 15
53.55 0
53.56 0
53.57 0
53.58 0
53.59 0
53.6 0
53.61 0
53.62 0
53.63 0
53.64 0
53.65 4
53.66 10
53.67 18
53.68 24
53.69 31
53.7 38
53.71 17
53.72 17
53.73 17
53.74 17
53.75 15
53.76 3
53.77 0
53.78 0
53.79 0
53.8 0
53.81 0
53.82 0
53.83 0
53.84 0
53.85 0
53.86 0
53.87 4
53.88 8
53.89 14
53.9 19
53.91 26
53.92 35
53.93 34
53.94 17
53.95 17
53.96 17
53.97 17
53.98 16
53.99 17
54 16
54.01 9
54.02 0
54.03 0
54.04 0
54.05 0
54.06 0
54.07 0
54.08 0
54.09 0
54.1 1
54.11 9
54.12 15
54.13 21
54.14 27
54.15 33
54.16 31
54.17 17
54.18 16
54.19 16
54.2 16
54.21 11
54.22 12
54.23 14
54.24 7
54.25 6
54.26 0
54.27 0
54.28 0
54.29 0
54.3 0
54.31 0
54.32 10
54.33 15
54.34 20
54.35 26
54.36 32
54.37 32
54.38 17
54.39 17
54.4 17
54.41 17
54.42 12
54.43 14
54.44 15
54.45 11
54.46 9
54.47 5
54.48 0
54.49 0
54.5 0
54.51 0
54.52 0
54.53 0
54.54 12
54.55 17
54.56 23
54.57 32
54.58 39
54.59 17
54.6 17
54.61 17
54.62 17
54.63 13
54.64 13
54.65 14
54.66 10
54.67 0
54.68 0
54.69 0
54.7 0
54.71 0
54.72 0
54.73 0
54.74 7
54.75 15
54.76 22
54.77 33
54.78 37
54.79 15
54.8 15
54.81 15
54.82 15
54.83 12
54.84 8
54.85 6
54.86 0
54.87 0
54.88 0
54.89 0
54.9 0
54.91 0
54.92 0
54.93 5
54.94 15
54.95 23
54.96 32
54.97 39
54.98 26
54.99 18
55 18
55.01 18
55.02 18
55.03 15
55.04 11
55.05 6
55.06 0
55.07 0
55.08 0
55.09 0
55.1 0
55.11 0
55.12 0
55.13 0
55.14 3
55.15 10
55.16 17
55.17 22
55.18 25
55.19 31
55.2 39
55.21 18
55.22 19
55.23 19
55.24 19
55.25 16
55.26 18
55.27 18
55.28 11
55.29 1
55.3 0
55.31 0
55.32 0
55.33 0
55.34 0
55.35 0
55.36 0
55.37 0
55.38 0
55.39 1
55.4 5
55.41 14
55.42 19
55.43 25
55.44 32
55.45 38
55.46 18
55.47 18
55.48 18
55.49 18
55.5 16
55.51 8
55.52 0
55.53 0
55.54 0
55.55 0
55.56 0
55.57 0
55.58 0
55.59 0
55.6 0
55.61 0
55.62 9
55.63 14
55.64 18
55.65 27
55.66 32
55.67 36
55.68 16
55.69 16
55.7 16
55.71 16
55.72 14
55.73 7
55.74 2
55.75 0
55.76 0
55.77 0
55.78 0
55.79 0
55.8 0
55.81 0
55.82 0
55.83 0
55.84 0
55.85 1
55.86 12
55.87 19
55.88 24
55.89 30
55.9 37
55.91 26
55.92 17
55.93 17
55.94 17
55.95 17
55.96 17
55.97 10
55.98 7
55.99 0
56 0
56.01 0
56.02 0
56.03 0
56.04 0
56.05 0
56.06 0
56.07 0
56.08 4
56.09 11
56.1 18
56.11 24
56.12 32
56.13 37
56.14 16
56.15 16
56.16 16
56.17 16
56.18 13
56.19 9
56.2 0
56.21 0
56.22 0
56.23 0
56.24 0
56.25 0
56.26 0
56.27 0
56.28 6
56.29 14
56.3 19
56.31 23
56.32 31
56.33 37
56.34 16
56.35 16
56.36 16
56.37 16
56.38 8
56.39 12
56.4 9
56.41 5
56.42 0
56.43 0
56.44 0
56.45 0
56.46 0
56.47 0
56.48 6
56.49 16
56.5 24
56.51 28
56.52 34
56.53 40
56.54 23
56.55 20
56.56 20
56.57 20
56.58 21
56.59 19
56.6 19
56.61 10
56.62 11
56.63 0
56.64 0
56.65 0
56.66 0
56.67 0
56.68 0
56.69 0
56.7 0
56.71 8
56.72 14
56.73 21
56.74 31
56.75 34
56.76 16
56.77 16
56.78 16
56.79 17
56.8 11
56.81 8
56.82 10
56.83 4
56.84 0
56.85 0
56.86 0
56.87 0
56.88 0
56.89 0
56.9 0
56.91 0
56.92 9
56.93 17
56.94 20
56.95 28
56.96 33
56.97 26
56.98 17
56.99 16
57 16
57.01 16
57.02 11
57.03 12
57.04 12
57.05 11
57.06 0
57.07 0
57.08 0
57.09 0
57.1 0
57.11 0
57.12 2
57.13 10
57.14 20
57.15 24
57.16 29
57.17 35
57.18 16
57.19 16
57.2 16
57.21 17
57.22 10
57.23 8
57.24 1
57.25 0
57.26 0
57.27 0
57.28 0
57.29 0
57.3 0
57.31 0
57.32 0
57.33 0
57.34 7
57.35 15
57.36 19
57.37 28
57.38 34
57.39 38
57.4 18
57.41 17
57.42 17
57.43 17
57.44 10
57.45 12
57.46 4
57.47 0
57.48 1
57.49 0
57.5 0
57.51 0
57.52 0
57.53 0
57.54 4
57.55 9
57.56 16
57.57 22
57.58 28
57.59 31
57.6 34
57.61 18
57.62 18
57.63 18
57.64 19
57.65 17
57.66 14
57.67 13
57.68 14
57.69 2
57.7 0
57.71 0
57.72 0
57.73 0
57.74 0
57.75 0
57.76 0
57.77 0
57.78 0
57.79 0
57.8 2
57.81 9
57.82 17
57.83 19
57.84 23
57.85 30
57.86 35
57.87 19
57.88 17
57.89 17
57.9 17
57.91 17
57.92 9
57.93 1
57.94 2
57.95 0
57.96 0
57.97 0
57.98 0
57.99 0
58 0
58.01 3
58.02 10
58.03 19
58.04 24
58.05 26
58.06 32
58.07 40
58.08 19
58.09 18
58.1 18
58.11 18
58.12 18
58.13 11
58.14 8
58.15 0
58.16 0
58.17 0
58.18 0
58.19 0
58.2 0
58.21 0
58.22 1
58.23 8
58.24 15
58.25 23
58.26 29
58.27 36
58.28 27
58.29 17
58.3 17
58.31 17
58.32 17
58.33 10
58.34 8
58.35 7
58.36 0
58.37 0
58.38 0
58.39 0
58.4 0
58.41 0
58.42 0
58.43 0
58.44 0
58.45 7
58.46 13
58.47 21
58.48 27
58.49 34
58.5 29
58.51 10
58.52 15
58.53 11
58.54 15
58.55 15
58.56 11
58.57 11
58.58 11
58.59 10
58.6 5
58.61 1
58.62 0
58.63 0
58.64 0
58.65 0
58.66 0
58.67 0
58.68 0
58.69 0
58.7 0
58.71 4
58.72 10
58.73 6
58.74 0
58.75 5
58.76 7
58.77 0
58.78 0
58.79 0
58.8 0
58.81 0
58.82 0
58.83 0
58.84 0
58.85 0
58.86 0
58.87 0
58.88 0
58.89 0
58.9 0
58.91 0
58.92 0
58.93 0
58.94 0
58.95 0
58.96 0
58.97 0
58.98 0
58.99 0
59 0
59.01 0
59.02 0
59.03 0
59.04 0
59.05 0
59.06 0
59.07 0
59.08 0
59.09 0
59.1 0
59.11 0
59.12 0
59.13 0
59.14 0
59.15 0
59.16 0
59.17 0
59.18 0
59.19 0
59.2 0
59.21 0
59.22 0
59.23 0
59.24 0
59.25 0
59.26 0
59.27 0
59.28 0
59.29 0
59.3 0
59.31 0
59.32 0
59.33 0
59.34 0
59.35 0
59.36 0
59.37 0
59.38 0
59.39 0
59.4 0
59.41 0
59.42 0
59.43 0
59.44 0
59.45 0
59.46 0
59.47 0
59.48 0
59.49 0
59.5 0
59.51 0
59.52 0
59.53 0
59.54 0
59.55 0
59.56 0
59.57 0
59.58 0
59.59 0
59.6 0
59.61 0
59.62 0
59.63 0
59.64 0
59.65 0
59.66 0
59.67 0
59.68 0
59.69 0
59.7 0
59.71 0
59.72 0
59.73 0
59.74 0
59.75 0
59.76 0
59.77 0
59.78 0
59.79 0
59.8 0
59.81 0
59.82 0
59.83 0
59.84 0
59.85 0
59.86 0
59.87 0
59.88 0
59.89 0
59.9 0
59.91 0
59.92 0
59.93 0
59.94 0
59.95 0
59.96 0
59.97 0
59.98 0
59.99 0
60 0
60.01 0
60.02 0
60.03 0
60.04 0
60.05 0
60.06 0
60.07 0
60.08 0
60.09 0
60.1 0
60.11 0
60.12 0
60.13 0
60.14 0
60.15 0
60.16 0
60.17 0
60.18 0
60.19 0
60.2 0
60.21 0
60.22 0
60.23 0
60.24 0
60.25 0
60.26 0
60.27 0
60.28 0
60.29 0
60.3 0
60.31 0
60.32 0
60.33 0
60.34 0
60.35 0
60.36 0
60.37 0
60.38 0
60.39 0
60.4 0
60.41 0
60.42 0
60.43 0
60.44 0
60.45 0
60.46 0
60.47 0
60.48 0
60.49 0
60.5 0
60.51 0
60.52 0
60.53 0
60.54 0
60.55 0
60.56 0
60.57 0
60.58 0
60.59 0
60.6 0
60.61 0
60.62 0
60.63 0
60.64 0
60.65 0
60.66 0
60.67 0
60.68 0
60.69 0
60.7 0
60.71 0
60.72 0
60.73 0
60.74 0
60.75 0
60.76 0
60.77 0
60.78 0
60.79 0
60.8 0
60.81 0
60.82 0
60.83 0
60.84 0
60.85 0
60.86 0
60.87 0
60.88 0
60.89 0
60.9 0
60.91 0
60.92 0
60.93 0
60.94 0
60.95 0
60.96 0
60.97 0
60.98 0
60.99 0
61 0
61.01 0
61.02 0
61.03 0
61.04 0
61.05 0
61.06 0
61.07 0
61.08 0
61.09 0
61.1 0
61.11 0
61.12 0
61.13 0
61.14 0
61.15 0
61.16 0
61.17 0
61.18 0
61.19 0
61.2 0
61.21 0
61.22 0
61.23 0
61.24 0
61.25 0
61.26 0
61.27 0
61.28 0
61.29 0
61.3 0
61.31 0
61.32 0
61.33 0
61.34 0
61.35 0
61.36 0
61.37 0
61.38 0
61.39 0
61.4 0
61.41 0
61.42 0
61.43 0
61.44 0
61.45 0
61.46 0
61.47 0
61.48 0
61.49 0
61.5 0
61.51 0
61.52 0
61.53 0
61.54 0
61.55 0
61.56 0
61.57 0
61.58 0
61.59 0
61.6 0
61.61 0
61.62 0
61.63 0
61.64 0
61.65 0
61.66 0
61.67 0
61.68 0
61.69 0
61.7 0
61.71 0
61.72 0
61.73 0
61.74 0
61.75 0
61.76 0
61.77 0
61.78 0
61.79 0
61.8 0
61.81 0
61.82 0
61.83 0
61.84 0
61.85 0
61.86 0
61.87 0
61.88 0
61.89 0
61.9 0
61.91 0
61.92 0
61.93 0
61.94 0
61.95 0
61.96 0
61.97 0
61.98 0
61.99 0
62 0
62.01 0
62.02 0
62.03 0
62.04 0
62.05 0
62.06 0
62.07 0
62.08 0
62.09 0
62.1 0
62.11 0
62.12 0
62.13 0
62.14 0
62.15 0
62.16 0
62.17 0
62.18 0
62.19 0
62.2 0
62.21 0
62.22 0
62.23 0
62.24 0
62.25 0
62.26 0
62.27 0
62.28 0
62.29 0
62.3 0
62.31 0
62.32 0
62.33 0
62.34 0
62.35 0
62.36 0
62.37 0
62.38 0
62.39 0
62.4 0
62.41 0
62.42 0
62.43 0
62.44 0
62.45 0
62.46 0
62.47 0
62.48 0
62.49 0
62.5 0
62.51 0
62.52 0
62.53 0
62.54 0
62.55 0
62.56 0
62.57 0
62.58 0
62.59 0
62.6 0
62.61 0
62.62 0
62.63 0
62.64 0
62.65 0
62.66 0
62.67 0
62.68 0
62.69 0
62.7 0
62.71 0
62.72 0
62.73 0
62.74 0
62.75 0
62.76 0
62.77 0
62.78 0
62.79 0
62.8 0
62.81 0
62.82 0
62.83 0
62.84 0
62.85 0
62.86 0
62.87 0
62.88 0
62.89 0
62.9 0
62.91 0
62.92 0
62.93 0
62.94 0
62.95 0
62.96 0
62.97 0
62.98 0
62.99 0
