0 0
0.01 0
0.02 0
0.03 0
0.04 0
0.05 0
0.06 0
0.07 0
0.08 0
0.09 0
0.1 0
0.11 0
0.12 0
0.13 0
0.14 0
0.15 0
0.16 0
0.17 0
0.18 0
0.19 0
0.2 0
0.21 0
0.22 0
0.23 0
0.24 5
0.25 45
0.26 81
0.27 41
0.28 28
0.29 28
0.3 28
0.31 28
0.32 13
0.33 0
0.34 0
0.35 0
0.36 14
0.37 0
0.38 0
0.39 0
0.4 0
0.41 0
0.42 0
0.43 0
0.44 0
0.45 0
0.46 0
0.47 0
0.48 0
0.49 0
0.5 0
0.51 0
0.52 0
0.53 0
0.54 0
0.55 0
0.56 0
0.57 0
0.58 0
0.59 0
0.6 0
0.61 0
0.62 0
0.63 0
0.64 0
0.65 0
0.66 0
0.67 0
0.68 0
0.69 0
0.7 0
0.71 0
0.72 0
0.73 0
0.74 0
0.75 0
0.76 0
0.77 0
0.78 0
0.79 0
0.8 0
0.81 0
0.82 0
0.83 0
0.84 0
0.85 0
0.86 0
0.87 0
0.88 0
0.89 0
0.9 0
0.91 0
0.92 0
0.93 0
0.94 0
0.95 0
0.96 0
0.97 0
0.98 0
0.99 0
1 0
1.01 0
1.02 0
1.03 0
1.04 0
1.05 0
1.06 0
1.07 0
1.08 0
1.09 0
1.1 0
1.11 0
1.12 0
1.13 0
1.14 0
1.15 0
1.16 0
1.17 0
1.18 0
1.19 0
1.2 1
1.21 1
1.22 2
1.23 2
1.24 3
1.25 4
1.26 5
1.27 4
1.28 5
1.29 6
1.3 6
1.31 7
1.32 8
1.33 8
1.34 8
1.35 9
1.36 12
1.37 12
1.38 12
1.39 14
1.4 15
1.41 15
1.42 16
1.43 20
1.44 20
1.45 21
1.46 21
1.47 16
1.48 17
1.49 16
1.5 17
1.51 7
1.52 0
1.53 0
1.54 0
1.55 0
1.56 0
1.57 0
1.58 0
1.59 0
1.6 0
1.61 0
1.62 0
1.63 0
1.64 0
1.65 0
1.66 0
1.67 0
1.68 0
1.69 0
1.7 0
1.71 0
1.72 0
1.73 0
1.74 0
1.75 0
1.76 0
1.77 0
1.78 0
1.79 0
1.8 0
1.81 0
1.82 0
1.83 0
1.84 0
1.85 0
1.86 0
1.87 0
1.88 0
1.89 0
1.9 0
1.91 0
1.92 2
1.93 2
1.94 0
1.95 0
1.96 0
1.97 0
1.98 0
1.99 0
2 0
2.01 0
2.02 2
2.03 3
2.04 3
2.05 5
2.06 6
2.07 6
2.08 6
2.09 9
2.1 9
2.11 9
2.12 10
2.13 11
2.14 12
2.15 12
2.16 14
2.17 15
2.18 15
2.19 15
2.2 17
2.21 18
2.22 18
2.23 19
2.24 20
2.25 21
2.26 15
2.27 16
2.28 15
2.29 12
2.3 0
2.31 0
2.32 0
2.33 0
2.34 0
2.35 0
2.36 0
2.37 0
2.38 0
2.39 0
2.4 0
2.41 0
2.42 0
2.43 0
2.44 0
2.45 0
2.46 0
2.47 0
2.48 0
2.49 0
2.5 0
2.51 0
2.52 0
2.53 0
2.54 0
2.55 0
2.56 0
2.57 0
2.58 0
2.59 0
2.6 0
2.61 0
2.62 0
2.63 0
2.64 0
2.65 0
2.66 0
2.67 0
2.68 0
2.69 0
2.7 0
2.71 0
2.72 0
2.73 0
2.74 0
2.75 0
2.76 0
2.77 1
2.78 2
2.79 3
2.8 4
2.81 6
2.82 7
2.83 7
2.84 9
2.85 10
2.86 11
2.87 12
2.88 13
2.89 15
2.9 15
2.91 17
2.92 17
2.93 19
2.94 19
2.95 21
2.96 21
2.97 23
2.98 16
2.99 16
3 17
3.01 16
3.02 2
3.03 0
3.04 0
3.05 0
3.06 0
3.07 0
3.08 0
3.09 0
3.1 0
3.11 0
3.12 0
3.13 0
3.14 0
3.15 0
3.16 0
3.17 0
3.18 0
3.19 0
3.2 0
3.21 0
3.22 0
3.23 0
3.24 0
3.25 1
3.26 2
3.27 3
3.28 4
3.29 5
3.3 5
3.31 6
3.32 9
3.33 9
3.34 10
3.35 10
3.36 13
3.37 13
3.38 14
3.39 16
3.4 17
3.41 18
3.42 18
3.43 21
3.44 21
3.45 22
3.46 16
3.47 16
3.48 16
3.49 16
3.5 10
3.51 0
3.52 0
3.53 0
3.54 0
3.55 0
3.56 0
3.57 0
3.58 0
3.59 0
3.6 0
3.61 0
3.62 0
3.63 0
3.64 0
3.65 0
3.66 0
3.67 0
3.68 0
3.69 0
3.7 0
3.71 0
3.72 0
3.73 0
3.74 0
3.75 0
3.76 0
3.77 0
3.78 0
3.79 0
3.8 0
3.81 0
3.82 0
3.83 0
3.84 0
3.85 0
3.86 0
3.87 0
3.88 0
3.89 0
3.9 0
3.91 0
3.92 0
3.93 1
3.94 1
3.95 2
3.96 3
3.97 4
3.98 6
3.99 6
4 8
4.01 8
4.02 9
4.03 11
4.04 13
4.05 13
4.06 14
4.07 16
4.08 16
4.09 17
4.1 19
4.11 20
4.12 20
4.13 21
4.14 23
4.15 16
4.16 17
4.17 16
4.18 16
4.19 2
4.2 3
4.21 0
4.22 0
4.23 0
4.24 0
4.25 0
4.26 0
4.27 0
4.28 0
4.29 0
4.3 0
4.31 0
4.32 0
4.33 0
4.34 0
4.35 0
4.36 0
4.37 0
4.38 0
4.39 0
4.4 0
4.41 0
4.42 0
4.43 0
4.44 0
4.45 0
4.46 0
4.47 0
4.48 0
4.49 0
4.5 0
4.51 0
4.52 0
4.53 0
4.54 0
4.55 0
4.56 0
4.57 0
4.58 0
4.59 0
4.6 0
4.61 0
4.62 0
4.63 1
4.64 2
4.65 3
4.66 4
4.67 5
4.68 6
4.69 8
4.7 9
4.71 9
4.72 10
4.73 12
4.74 13
4.75 13
4.76 15
4.77 17
4.78 17
4.79 18
4.8 19
4.81 20
4.82 22
4.83 21
4.84 16
4.85 16
4.86 16
4.87 16
4.88 13
4.89 0
4.9 0
4.91 0
4.92 0
4.93 0
4.94 0
4.95 0
4.96 0
4.97 0
4.98 0
4.99 0
5 0
5.01 0
5.02 0
5.03 0
5.04 0
5.05 0
5.06 0
5.07 0
5.08 0
5.09 0
5.1 0
5.11 0
5.12 0
5.13 0
5.14 0
5.15 0
5.16 0
5.17 0
5.18 0
5.19 0
5.2 0
5.21 0
5.22 0
5.23 0
5.24 0
5.25 0
5.26 0
5.27 0
5.28 0
5.29 0
5.3 0
5.31 1
5.32 2
5.33 2
5.34 3
5.35 5
5.36 6
5.37 7
5.38 9
5.39 10
5.4 10
5.41 11
5.42 13
5.43 13
5.44 13
5.45 15
5.46 16
5.47 16
5.48 17
5.49 19
5.5 20
5.51 21
5.52 21
5.53 16
5.54 16
5.55 17
5.56 16
5.57 4
5.58 5
5.59 0
5.6 0
5.61 0
5.62 0
5.63 0
5.64 0
5.65 0
5.66 0
5.67 0
5.68 0
5.69 0
5.7 0
5.71 0
5.72 0
5.73 0
5.74 0
5.75 0
5.76 0
5.77 0
5.78 0
5.79 0
5.8 0
5.81 0
5.82 0
5.83 0
5.84 0
5.85 0
5.86 0
5.87 0
5.88 0
5.89 0
5.9 2
5.91 3
5.92 3
5.93 6
5.94 6
5.95 7
5.96 8
5.97 10
5.98 11
5.99 11
6 13
6.01 14
6.02 15
6.03 15
6.04 17
6.05 18
6.06 19
6.07 20
6.08 22
6.09 23
6.1 16
6.11 17
6.12 18
6.13 17
6.14 2
6.15 0
6.16 0
6.17 0
6.18 0
6.19 0
6.2 0
6.21 0
6.22 0
6.23 0
6.24 0
6.25 0
6.26 0
6.27 0
6.28 0
6.29 0
6.3 0
6.31 0
6.32 0
6.33 0
6.34 0
6.35 0
6.36 0
6.37 0
6.38 0
6.39 0
6.4 0
6.41 0
6.42 0
6.43 0
6.44 0
6.45 0
6.46 0
6.47 0
6.48 0
6.49 0
6.5 0
6.51 0
6.52 0
6.53 0
6.54 0
6.55 0
6.56 0
6.57 2
6.58 2
6.59 3
6.6 5
6.61 5
6.62 7
6.63 8
6.64 9
6.65 10
6.66 11
6.67 12
6.68 13
6.69 14
6.7 16
6.71 17
6.72 18
6.73 18
6.74 20
6.75 21
6.76 22
6.77 23
6.78 17
6.79 16
6.8 16
6.81 17
6.82 0
6.83 0
6.84 0
6.85 0
6.86 0
6.87 0
6.88 0
6.89 0
6.9 0
6.91 0
6.92 0
6.93 0
6.94 0
6.95 0
6.96 0
6.97 0
6.98 0
6.99 0
7 0
7.01 0
7.02 0
7.03 0
7.04 0
7.05 0
7.06 0
7.07 0
7.08 0
7.09 0
7.1 0
7.11 0
7.12 0
7.13 0
7.14 1
7.15 2
7.16 3
7.17 4
7.18 6
7.19 7
7.2 8
7.21 10
7.22 10
7.23 11
7.24 12
7.25 13
7.26 15
7.27 15
7.28 16
7.29 18
7.3 19
7.31 20
7.32 21
7.33 22
7.34 18
7.35 18
7.36 17
7.37 16
7.38 10
7.39 0
7.4 0
7.41 0
7.42 0
7.43 0
7.44 0
7.45 0
7.46 0
7.47 0
7.48 0
7.49 0
7.5 0
7.51 0
7.52 0
7.53 0
7.54 0
7.55 0
7.56 0
7.57 0
7.58 0
7.59 0
7.6 0
7.61 0
7.62 0
7.63 0
7.64 0
7.65 0
7.66 0
7.67 0
7.68 0
7.69 0
7.7 0
7.71 0
7.72 0
7.73 0
7.74 0
7.75 0
7.76 0
7.77 0
7.78 0
7.79 0
7.8 0
7.81 0
7.82 0
7.83 1
7.84 3
7.85 3
7.86 4
7.87 6
7.88 7
7.89 7
7.9 9
7.91 11
7.92 11
7.93 12
7.94 14
7.95 15
7.96 15
7.97 16
7.98 19
7.99 19
8 19
8.01 21
8.02 23
8.03 16
8.04 16
8.05 17
8.06 16
8.07 17
8.08 13
8.09 1
8.1 0
8.11 0
8.12 0
8.13 0
8.14 0
8.15 0
8.16 0
8.17 0
8.18 0
8.19 0
8.2 0
8.21 0
8.22 0
8.23 0
8.24 0
8.25 0
8.26 0
8.27 0
8.28 0
8.29 0
8.3 0
8.31 0
8.32 0
8.33 0
8.34 0
8.35 0
8.36 0
8.37 0
8.38 0
8.39 0
8.4 0
8.41 0
8.42 0
8.43 0
8.44 0
8.45 0
8.46 0
8.47 0
8.48 0
8.49 0
8.5 0
8.51 0
8.52 0
8.53 1
8.54 4
8.55 4
8.56 5
8.57 7
8.58 8
8.59 9
8.6 9
8.61 11
8.62 11
8.63 13
8.64 13
8.65 15
8.66 16
8.67 17
8.68 18
8.69 19
8.7 21
8.71 21
8.72 22
8.73 16
8.74 16
8.75 16
8.76 16
8.77 3
8.78 0
8.79 0
8.8 0
8.81 0
8.82 0
8.83 0
8.84 0
8.85 0
8.86 0
8.87 0
8.88 0
8.89 0
8.9 0
8.91 0
8.92 0
8.93 0
8.94 0
8.95 0
8.96 0
8.97 0
8.98 0
8.99 0
9 0
9.01 0
9.02 0
9.03 0
9.04 0
9.05 0
9.06 0
9.07 0
9.08 0
9.09 0
9.1 0
9.11 0
9.12 0
9.13 0
9.14 0
9.15 0
9.16 0
9.17 0
9.18 0
9.19 0
9.2 1
9.21 1
9.22 2
9.23 5
9.24 5
9.25 6
9.26 7
9.27 9
9.28 9
9.29 10
9.3 13
9.31 13
9.32 14
9.33 15
9.34 17
9.35 17
9.36 17
9.37 18
9.38 20
9.39 21
9.4 21
9.41 17
9.42 17
9.43 16
9.44 16
9.45 13
9.46 5
9.47 0
9.48 0
9.49 0
9.5 0
9.51 0
9.52 0
9.53 0
9.54 0
9.55 0
9.56 0
9.57 0
9.58 0
9.59 0
9.6 0
9.61 0
9.62 0
9.63 0
9.64 0
9.65 0
9.66 0
9.67 0
9.68 0
9.69 0
9.7 0
9.71 0
9.72 0
9.73 0
9.74 0
9.75 0
9.76 0
9.77 0
9.78 1
9.79 2
9.8 4
9.81 5
9.82 6
9.83 6
9.84 8
9.85 9
9.86 10
9.87 12
9.88 14
9.89 14
9.9 14
9.91 16
9.92 17
9.93 18
9.94 19
9.95 20
9.96 21
9.97 22
9.98 17
9.99 16
10 16
10.01 16
10.02 5
10.03 0
10.04 0
10.05 0
10.06 0
10.07 0
10.08 0
10.09 0
10.1 0
10.11 0
10.12 0
10.13 0
10.14 0
10.15 0
10.16 0
10.17 0
10.18 0
10.19 0
10.2 0
10.21 0
10.22 0
10.23 0
10.24 0
10.25 0
10.26 0
10.27 0
10.28 0
10.29 0
10.3 0
10.31 0
10.32 0
10.33 0
10.34 0
10.35 0
10.36 0
10.37 0
10.38 0
10.39 0
10.4 0
10.41 0
10.42 0
10.43 0
10.44 0
10.45 0
10.46 1
10.47 1
10.48 4
10.49 4
10.5 5
10.51 7
10.52 8
10.53 9
10.54 10
10.55 12
10.56 12
10.57 12
10.58 14
10.59 16
10.6 16
10.61 16
10.62 19
10.63 20
10.64 20
10.65 21
10.66 24
10.67 16
10.68 16
10.69 16
10.7 16
10.71 2
10.72 2
10.73 0
10.74 0
10.75 0
10.76 0
10.77 0
10.78 0
10.79 0
10.8 0
10.81 0
10.82 0
10.83 0
10.84 0
10.85 0
10.86 0
10.87 1
10.88 2
10.89 2
10.9 5
10.91 6
10.92 6
10.93 8
10.94 9
10.95 10
10.96 10
10.97 12
10.98 13
10.99 14
11 15
11.01 16
11.02 17
11.03 18
11.04 20
11.05 21
11.06 22
11.07 17
11.08 17
11.09 17
11.1 17
11.11 12
11.12 10
11.13 0
11.14 0
11.15 0
11.16 0
11.17 0
11.18 0
11.19 0
11.2 0
11.21 0
11.22 0
11.23 0
11.24 0
11.25 0
11.26 0
11.27 0
11.28 0
11.29 0
11.3 0
11.31 0
11.32 0
11.33 0
11.34 0
11.35 0
11.36 0
11.37 0
11.38 0
11.39 0
11.4 0
11.41 0
11.42 0
11.43 0
11.44 0
11.45 0
11.46 0
11.47 0
11.48 1
11.49 1
11.5 2
11.51 5
11.52 5
11.53 6
11.54 8
11.55 9
11.56 9
11.57 10
11.58 12
11.59 13
11.6 14
11.61 14
11.62 16
11.63 18
11.64 18
11.65 18
11.66 20
11.67 21
11.68 22
11.69 17
11.7 16
11.71 17
11.72 16
11.73 2
11.74 0
11.75 0
11.76 0
11.77 0
11.78 0
11.79 0
11.8 0
11.81 0
11.82 0
11.83 0
11.84 0
11.85 0
11.86 0
11.87 0
11.88 0
11.89 0
11.9 0
11.91 0
11.92 0
11.93 1
11.94 2
11.95 3
11.96 4
11.97 6
11.98 7
11.99 8
12 9
12.01 11
12.02 11
12.03 12
12.04 13
12.05 15
12.06 16
12.07 17
12.08 17
12.09 19
12.1 20
12.11 21
12.12 22
12.13 16
12.14 16
12.15 16
12.16 17
12.17 16
12.18 16
12.19 10
12.2 6
12.21 0
12.22 0
12.23 0
12.24 0
12.25 0
12.26 0
12.27 0
12.28 0
12.29 0
12.3 0
12.31 0
12.32 0
12.33 0
12.34 0
12.35 0
12.36 0
12.37 0
12.38 0
12.39 0
12.4 0
12.41 0
12.42 0
12.43 0
12.44 0
12.45 0
12.46 0
12.47 0
12.48 0
12.49 0
12.5 0
12.51 0
12.52 0
12.53 1
12.54 2
12.55 3
12.56 5
12.57 6
12.58 6
12.59 7
12.6 8
12.61 10
12.62 10
12.63 11
12.64 13
12.65 14
12.66 14
12.67 16
12.68 18
12.69 18
12.7 18
12.71 20
12.72 22
12.73 22
12.74 17
12.75 17
12.76 16
12.77 16
12.78 6
12.79 0
12.8 0
12.81 0
12.82 0
12.83 0
12.84 0
12.85 0
12.86 0
12.87 0
12.88 0
12.89 0
12.9 0
12.91 0
12.92 0
12.93 0
12.94 0
12.95 0
12.96 0
12.97 0
12.98 0
12.99 0
13 0
13.01 0
13.02 0
13.03 0
13.04 0
13.05 0
13.06 0
13.07 0
13.08 0
13.09 0
13.1 0
13.11 0
13.12 0
13.13 1
13.14 1
13.15 3
13.16 4
13.17 5
13.18 6
13.19 9
13.2 9
13.21 9
13.22 10
13.23 12
13.24 13
13.25 14
13.26 15
13.27 17
13.28 17
13.29 18
13.3 19
13.31 21
13.32 21
13.33 22
13.34 16
13.35 16
13.36 17
13.37 16
13.38 17
13.39 7
13.4 5
13.41 0
13.42 0
13.43 0
13.44 0
13.45 0
13.46 0
13.47 0
13.48 0
13.49 0
13.5 0
13.51 0
13.52 0
13.53 0
13.54 0
13.55 0
13.56 0
13.57 0
13.58 0
13.59 0
13.6 0
13.61 0
13.62 0
13.63 0
13.64 0
13.65 0
13.66 0
13.67 0
13.68 0
13.69 0
13.7 0
13.71 1
13.72 2
13.73 3
13.74 4
13.75 5
13.76 7
13.77 7
13.78 9
13.79 10
13.8 11
13.81 13
13.82 13
13.83 14
13.84 15
13.85 17
13.86 17
13.87 19
13.88 19
13.89 21
13.9 22
13.91 23
13.92 16
13.93 17
13.94 17
13.95 16
13.96 11
13.97 0
13.98 0
13.99 0
14 0
14.01 0
14.02 0
14.03 0
14.04 0
14.05 0
14.06 0
14.07 0
14.08 0
14.09 0
14.1 0
14.11 0
14.12 0
14.13 0
14.14 0
14.15 0
14.16 1
14.17 1
14.18 2
14.19 3
14.2 5
14.21 5
14.22 5
14.23 8
14.24 9
14.25 9
14.26 10
14.27 13
14.28 13
14.29 13
14.3 13
14.31 15
14.32 17
14.33 17
14.34 19
14.35 20
14.36 21
14.37 21
14.38 16
14.39 18
14.4 16
14.41 16
14.42 4
14.43 0
14.44 0
14.45 0
14.46 0
14.47 0
14.48 0
14.49 0
14.5 0
14.51 0
14.52 0
14.53 0
14.54 0
14.55 0
14.56 0
14.57 0
14.58 0
14.59 0
14.6 0
14.61 0
14.62 0
14.63 0
14.64 0
14.65 2
14.66 3
14.67 4
14.68 5
14.69 6
14.7 7
14.71 8
14.72 10
14.73 11
14.74 12
14.75 13
14.76 14
14.77 15
14.78 16
14.79 18
14.8 19
14.81 19
14.82 20
14.83 22
14.84 23
14.85 17
14.86 17
14.87 16
14.88 16
14.89 16
14.9 6
14.91 0
14.92 0
14.93 0
14.94 0
14.95 0
14.96 0
14.97 0
14.98 0
14.99 0
15 0
15.01 0
15.02 0
15.03 0
15.04 0
15.05 0
15.06 0
15.07 0
15.08 0
15.09 0
15.1 0
15.11 0
15.12 0
15.13 0
15.14 0
15.15 0
15.16 0
15.17 0
15.18 0
15.19 0
15.2 0
15.21 0
15.22 0
15.23 0
15.24 1
15.25 1
15.26 2
15.27 4
15.28 5
15.29 6
15.3 8
15.31 9
15.32 9
15.33 11
15.34 12
15.35 13
15.36 14
15.37 16
15.38 17
15.39 17
15.4 18
15.41 20
15.42 21
15.43 21
15.44 22
15.45 16
15.46 16
15.47 16
15.48 17
15.49 13
15.5 4
15.51 0
15.52 0
15.53 0
15.54 0
15.55 0
15.56 0
15.57 0
15.58 0
15.59 0
15.6 0
15.61 0
15.62 0
15.63 0
15.64 0
15.65 0
15.66 0
15.67 0
15.68 0
15.69 0
15.7 0
15.71 0
15.72 0
15.73 0
15.74 0
15.75 0
15.76 0
15.77 0
15.78 0
15.79 0
15.8 0
15.81 0
15.82 0
15.83 0
15.84 0
15.85 0
15.86 0
15.87 0
15.88 0
15.89 0
15.9 0
15.91 0
15.92 0
15.93 0
15.94 0
15.95 0
15.96 0
15.97 0
15.98 0
15.99 0
16 0
16.01 1
16.02 2
16.03 2
16.04 3
16.05 5
16.06 5
16.07 5
16.08 7
16.09 8
16.1 8
16.11 9
16.12 11
16.13 11
16.14 11
16.15 13
16.16 14
16.17 14
16.18 15
16.19 17
16.2 17
16.21 17
16.22 18
16.23 21
16.24 20
16.25 20
16.26 16
16.27 15
16.28 15
16.29 11
16.3 9
16.31 0
16.32 0
16.33 0
16.34 0
16.35 0
16.36 0
16.37 0
16.38 0
16.39 0
16.4 0
16.41 0
16.42 0
16.43 0
16.44 0
16.45 0
16.46 0
16.47 0
16.48 0
16.49 0
16.5 0
16.51 0
16.52 0
16.53 0
16.54 0
16.55 0
16.56 0
16.57 0
16.58 0
16.59 0
16.6 0
16.61 0
16.62 1
16.63 2
16.64 3
16.65 4
16.66 5
16.67 7
16.68 7
16.69 9
16.7 9
16.71 10
16.72 10
16.73 13
16.74 14
16.75 14
16.76 15
16.77 17
16.78 18
16.79 18
16.8 20
16.81 21
16.82 22
16.83 16
16.84 18
16.85 16
16.86 16
16.87 7
16.88 9
16.89 10
16.9 0
16.91 0
16.92 0
16.93 0
16.94 0
16.95 0
16.96 0
16.97 0
16.98 0
16.99 0
17 0
17.01 0
17.02 0
17.03 0
17.04 0
17.05 0
17.06 0
17.07 0
17.08 0
17.09 0
17.1 0
17.11 0
17.12 0
17.13 0
17.14 0
17.15 0
17.16 0
17.17 0
17.18 0
17.19 0
17.2 1
17.21 1
17.22 1
17.23 3
17.24 3
17.25 5
17.26 6
17.27 7
17.28 8
17.29 8
17.3 10
17.31 11
17.32 12
17.33 13
17.34 15
17.35 16
17.36 16
17.37 17
17.38 19
17.39 20
17.4 21
17.41 22
17.42 16
17.43 16
17.44 17
17.45 18
17.46 14
17.47 13
17.48 7
17.49 0
17.5 0
17.51 0
17.52 0
17.53 0
17.54 0
17.55 0
17.56 0
17.57 0
17.58 0
17.59 0
17.6 0
17.61 0
17.62 0
17.63 0
17.64 0
17.65 0
17.66 1
17.67 2
17.68 3
17.69 5
17.7 5
17.71 7
17.72 8
17.73 9
17.74 10
17.75 11
17.76 13
17.77 13
17.78 15
17.79 16
17.8 17
17.81 18
17.82 19
17.83 20
17.84 21
17.85 22
17.86 16
17.87 17
17.88 16
17.89 17
17.9 3
17.91 4
17.92 0
17.93 0
17.94 0
17.95 0
17.96 0
17.97 0
17.98 0
17.99 0
18 0
18.01 0
18.02 0
18.03 0
18.04 0
18.05 0
18.06 0
18.07 0
18.08 0
18.09 0
18.1 0
18.11 0
18.12 0
18.13 0
18.14 0
18.15 0
18.16 0
18.17 0
18.18 0
18.19 0
18.2 0
18.21 0
18.22 0
18.23 0
18.24 0
18.25 0
18.26 0
18.27 0
18.28 0
18.29 0
18.3 0
18.31 0
18.32 0
18.33 0
18.34 1
18.35 2
18.36 4
18.37 5
18.38 6
18.39 6
18.4 8
18.41 9
18.42 10
18.43 12
18.44 13
18.45 13
18.46 13
18.47 15
18.48 17
18.49 17
18.5 18
18.51 19
18.52 20
18.53 20
18.54 22
18.55 16
18.56 16
18.57 16
18.58 16
18.59 5
18.6 0
18.61 0
18.62 0
18.63 0
18.64 0
18.65 0
18.66 0
18.67 0
18.68 0
18.69 0
18.7 0
18.71 0
18.72 0
18.73 0
18.74 0
18.75 0
18.76 0
18.77 0
18.78 0
18.79 0
18.8 1
18.81 3
18.82 4
18.83 5
18.84 6
18.85 7
18.86 8
18.87 10
18.88 11
18.89 12
18.9 13
18.91 14
18.92 15
18.93 16
18.94 17
18.95 18
18.96 20
18.97 21
18.98 22
18.99 23
19 17
19.01 17
19.02 17
19.03 15
19.04 0
19.05 0
19.06 0
19.07 0
19.08 0
19.09 0
19.1 0
19.11 0
19.12 0
19.13 0
19.14 0
19.15 0
19.16 0
19.17 0
19.18 0
19.19 0
19.2 0
19.21 0
19.22 0
19.23 0
19.24 0
19.25 0
19.26 0
19.27 0
19.28 0
19.29 0
19.3 0
19.31 0
19.32 0
19.33 0
19.34 0
19.35 0
19.36 0
19.37 0
19.38 0
19.39 1
19.4 1
19.41 2
19.42 4
19.43 5
19.44 6
19.45 6
19.46 9
19.47 10
19.48 10
19.49 12
19.5 13
19.51 14
19.52 14
19.53 17
19.54 18
19.55 18
19.56 19
19.57 21
19.58 22
19.59 22
19.6 16
19.61 16
19.62 16
19.63 16
19.64 15
19.65 14
19.66 0
19.67 0
19.68 0
19.69 0
19.7 0
19.71 0
19.72 0
19.73 0
19.74 0
19.75 0
19.76 0
19.77 0
19.78 0
19.79 0
19.8 0
19.81 0
19.82 0
19.83 0
19.84 0
19.85 0
19.86 0
19.87 0
19.88 0
19.89 0
19.9 0
19.91 0
19.92 0
19.93 0
19.94 0
19.95 0
19.96 0
19.97 0
19.98 0
19.99 0
20 0
20.01 0
20.02 0
20.03 0
20.04 0
20.05 0
20.06 0
20.07 0
20.08 1
20.09 2
20.1 4
20.11 4
20.12 6
20.13 8
20.14 8
20.15 9
20.16 10
20.17 12
20.18 12
20.19 14
20.2 16
20.21 16
20.22 17
20.23 18
20.24 19
20.25 20
20.26 21
20.27 22
20.28 17
20.29 16
20.3 16
20.31 16
20.32 14
20.33 0
20.34 0
20.35 0
20.36 0
20.37 0
20.38 0
20.39 0
20.4 0
20.41 0
20.42 0
20.43 0
20.44 0
20.45 0
20.46 0
20.47 0
20.48 0
20.49 0
20.5 0
20.51 0
20.52 0
20.53 0
20.54 0
20.55 0
20.56 0
20.57 0
20.58 0
20.59 0
20.6 0
20.61 0
20.62 0
20.63 0
20.64 0
20.65 0
20.66 0
20.67 0
20.68 0
20.69 0
20.7 0
20.71 0
20.72 0
20.73 0
20.74 0
20.75 0
20.76 1
20.77 2
20.78 3
20.79 4
20.8 6
20.81 6
20.82 8
20.83 9
20.84 10
20.85 11
20.86 12
20.87 13
20.88 13
20.89 16
20.9 16
20.91 17
20.92 18
20.93 20
20.94 21
20.95 21
20.96 22
20.97 16
20.98 17
20.99 16
21 16
21.01 0
21.02 0
21.03 0
21.04 0
21.05 0
21.06 0
21.07 0
21.08 0
21.09 0
21.1 0
21.11 0
21.12 0
21.13 0
21.14 0
21.15 0
21.16 0
21.17 0
21.18 0
21.19 0
21.2 0
21.21 0
21.22 0
21.23 0
21.24 0
21.25 0
21.26 0
21.27 0
21.28 0
21.29 0
21.3 0
21.31 0
21.32 0
21.33 0
21.34 0
21.35 0
21.36 0
21.37 0
21.38 0
21.39 0
21.4 0
21.41 0
21.42 0
21.43 0
21.44 1
21.45 1
21.46 2
21.47 4
21.48 5
21.49 6
21.5 7
21.51 9
21.52 10
21.53 10
21.54 12
21.55 13
21.56 14
21.57 15
21.58 16
21.59 17
21.6 18
21.61 19
21.62 21
21.63 22
21.64 22
21.65 16
21.66 16
21.67 17
21.68 16
21.69 17
21.7 4
21.71 0
21.72 0
21.73 0
21.74 0
21.75 0
21.76 0
21.77 0
21.78 0
21.79 0
21.8 0
21.81 0
21.82 0
21.83 0
21.84 0
21.85 0
21.86 0
21.87 0
21.88 0
21.89 0
21.9 0
21.91 0
21.92 0
21.93 0
21.94 0
21.95 0
21.96 0
21.97 0
21.98 0
21.99 0
22 0
22.01 0
22.02 0
22.03 2
22.04 3
22.05 3
22.06 6
22.07 7
22.08 7
22.09 8
22.1 10
22.11 11
22.12 11
22.13 13
22.14 14
22.15 15
22.16 16
22.17 17
22.18 19
22.19 19
22.2 20
22.21 21
22.22 22
22.23 16
22.24 17
22.25 16
22.26 17
22.27 0
22.28 0
22.29 0
22.3 0
22.31 0
22.32 0
22.33 0
22.34 0
22.35 0
22.36 0
22.37 0
22.38 0
22.39 0
22.4 0
22.41 0
22.42 0
22.43 0
22.44 0
22.45 0
22.46 0
22.47 0
22.48 0
22.49 0
22.5 0
22.51 0
22.52 0
22.53 0
22.54 0
22.55 0
22.56 0
22.57 0
22.58 0
22.59 0
22.6 0
22.61 0
22.62 0
22.63 0
22.64 0
22.65 0
22.66 0
22.67 0
22.68 0
22.69 0
22.7 0
22.71 0
22.72 2
22.73 4
22.74 4
22.75 6
22.76 7
22.77 8
22.78 9
22.79 10
22.8 12
22.81 12
22.82 14
22.83 15
22.84 16
22.85 17
22.86 18
22.87 18
22.88 20
22.89 21
22.9 22
22.91 16
22.92 16
22.93 16
22.94 16
22.95 11
22.96 0
22.97 0
22.98 0
22.99 0
23 0
23.01 0
23.02 0
23.03 0
23.04 0
23.05 0
23.06 0
23.07 0
23.08 0
23.09 0
23.1 0
23.11 0
23.12 0
23.13 0
23.14 0
23.15 0
23.16 0
23.17 0
23.18 0
23.19 0
23.2 0
23.21 0
23.22 0
23.23 0
23.24 0
23.25 0
23.26 0
23.27 0
23.28 0
23.29 1
23.3 2
23.31 3
23.32 5
23.33 6
23.34 6
23.35 8
23.36 9
23.37 10
23.38 10
23.39 12
23.4 13
23.41 14
23.42 15
23.43 16
23.44 17
23.45 18
23.46 20
23.47 20
23.48 22
23.49 22
23.5 16
23.51 16
23.52 17
23.53 16
23.54 0
23.55 0
23.56 0
23.57 0
23.58 0
23.59 0
23.6 0
23.61 0
23.62 0
23.63 0
23.64 0
23.65 0
23.66 0
23.67 0
23.68 0
23.69 0
23.7 0
23.71 0
23.72 0
23.73 0
23.74 0
23.75 0
23.76 0
23.77 0
23.78 0
23.79 0
23.8 0
23.81 0
23.82 0
23.83 0
23.84 0
23.85 0
23.86 0
23.87 0
23.88 2
23.89 2
23.9 4
23.91 4
23.92 5
23.93 7
23.94 8
23.95 9
23.96 10
23.97 12
23.98 12
23.99 13
24 15
24.01 16
24.02 17
24.03 17
24.04 19
24.05 19
24.06 20
24.07 21
24.08 23
24.09 16
24.1 16
24.11 16
24.12 16
24.13 7
24.14 0
24.15 0
24.16 0
24.17 0
24.18 0
24.19 0
24.2 0
24.21 0
24.22 0
24.23 0
24.24 0
24.25 0
24.26 0
24.27 0
24.28 0
24.29 0
24.3 0
24.31 0
24.32 0
24.33 0
24.34 0
24.35 0
24.36 0
24.37 0
24.38 0
24.39 0
24.4 0
24.41 0
24.42 0
24.43 0
24.44 0
24.45 0
24.46 0
24.47 0
24.48 0
24.49 0
24.5 0
24.51 0
24.52 0
24.53 0
24.54 0
24.55 0
24.56 2
24.57 2
24.58 3
24.59 4
24.6 6
24.61 6
24.62 6
24.63 9
24.64 10
24.65 10
24.66 11
24.67 12
24.68 14
24.69 14
24.7 16
24.71 17
24.72 18
24.73 19
24.74 20
24.75 22
24.76 22
24.77 16
24.78 16
24.79 18
24.8 16
24.81 11
24.82 1
24.83 0
24.84 0
24.85 0
24.86 0
24.87 0
24.88 0
24.89 0
24.9 0
24.91 0
24.92 0
24.93 0
24.94 0
24.95 0
24.96 0
24.97 0
24.98 0
24.99 0
25 0
25.01 0
25.02 0
25.03 0
25.04 0
25.05 0
25.06 0
25.07 0
25.08 0
25.09 0
25.1 0
25.11 0
25.12 0
25.13 0
25.14 0
25.15 0
25.16 0
25.17 0
25.18 0
25.19 0
25.2 0
25.21 0
25.22 0
25.23 0
25.24 0
25.25 0
25.26 2
25.27 4
25.28 4
25.29 6
25.3 7
25.31 8
25.32 8
25.33 9
25.34 11
25.35 12
25.36 13
25.37 14
25.38 15
25.39 16
25.4 17
25.41 17
25.42 20
25.43 20
25.44 21
25.45 22
25.46 16
25.47 17
25.48 16
25.49 18
25.5 0
25.51 0
25.52 0
25.53 0
25.54 0
25.55 0
25.56 0
25.57 0
25.58 0
25.59 0
25.6 0
25.61 0
25.62 0
25.63 0
25.64 0
25.65 0
25.66 0
25.67 0
25.68 0
25.69 0
25.7 0
25.71 0
25.72 0
25.73 0
25.74 0
25.75 0
25.76 0
25.77 0
25.78 0
25.79 0
25.8 0
25.81 0
25.82 0
25.83 0
25.84 1
25.85 2
25.86 4
25.87 5
25.88 5
25.89 7
25.9 8
25.91 9
25.92 11
25.93 12
25.94 13
25.95 13
25.96 14
25.97 16
25.98 17
25.99 17
26 18
26.01 20
26.02 21
26.03 21
26.04 22
26.05 17
26.06 16
26.07 16
26.08 14
26.09 11
26.1 0
26.11 0
26.12 0
26.13 0
26.14 0
26.15 0
26.16 0
26.17 0
26.18 0
26.19 0
26.2 0
26.21 0
26.22 0
26.23 0
26.24 0
26.25 0
26.26 0
26.27 0
26.28 0
26.29 0
26.3 0
26.31 0
26.32 0
26.33 0
26.34 0
26.35 0
26.36 0
26.37 0
26.38 0
26.39 0
26.4 0
26.41 1
26.42 1
26.43 2
26.44 3
26.45 5
26.46 5
26.47 6
26.48 8
26.49 9
26.5 10
26.51 10
26.52 13
26.53 13
26.54 14
26.55 15
26.56 17
26.57 18
26.58 18
26.59 20
26.6 21
26.61 22
26.62 21
26.63 17
26.64 16
26.65 16
26.66 12
26.67 5
26.68 0
26.69 0
26.7 0
26.71 0
26.72 0
26.73 0
26.74 0
26.75 0
26.76 0
26.77 0
26.78 0
26.79 0
26.8 0
26.81 0
26.82 0
26.83 0
26.84 0
26.85 0
26.86 0
26.87 0
26.88 0
26.89 0
26.9 0
26.91 0
26.92 0
26.93 0
26.94 0
26.95 0
26.96 0
26.97 0
26.98 0
26.99 0
27 0
27.01 2
27.02 2
27.03 4
27.04 5
27.05 6
27.06 7
27.07 7
27.08 9
27.09 9
27.1 11
27.11 11
27.12 13
27.13 15
27.14 15
27.15 16
27.16 17
27.17 19
27.18 19
27.19 20
27.2 21
27.21 23
27.22 16
27.23 17
27.24 16
27.25 16
27.26 16
27.27 6
27.28 0
27.29 0
27.3 0
27.31 0
27.32 0
27.33 0
27.34 0
27.35 0
27.36 0
27.37 0
27.38 0
27.39 0
27.4 0
27.41 0
27.42 0
27.43 0
27.44 0
27.45 0
27.46 0
27.47 0
27.48 0
27.49 0
27.5 0
27.51 0
27.52 0
27.53 0
27.54 0
27.55 0
27.56 0
27.57 0
27.58 0
27.59 0
27.6 0
27.61 1
27.62 2
27.63 3
27.64 4
27.65 6
27.66 7
27.67 8
27.68 8
27.69 10
27.7 11
27.71 12
27.72 14
27.73 15
27.74 15
27.75 15
27.76 17
27.77 19
27.78 19
27.79 20
27.8 20
27.81 23
27.82 16
27.83 17
27.84 18
27.85 16
27.86 11
27.87 3
27.88 0
27.89 0
27.9 0
27.91 0
27.92 0
27.93 0
27.94 0
27.95 0
27.96 0
27.97 0
27.98 0
27.99 0
28 0
28.01 0
28.02 0
28.03 0
28.04 0
28.05 0
28.06 0
28.07 0
28.08 0
28.09 0
28.1 0
28.11 0
28.12 0
28.13 0
28.14 0
28.15 2
28.16 2
28.17 3
28.18 5
28.19 6
28.2 7
28.21 9
28.22 10
28.23 11
28.24 11
28.25 13
28.26 14
28.27 15
28.28 16
28.29 16
28.3 17
28.31 19
28.32 20
28.33 21
28.34 22
28.35 16
28.36 16
28.37 17
28.38 17
28.39 11
28.4 3
28.41 0
28.42 0
28.43 0
28.44 0
28.45 0
28.46 0
28.47 0
28.48 0
28.49 0
28.5 0
28.51 0
28.52 0
28.53 0
28.54 0
28.55 0
28.56 0
28.57 0
28.58 0
28.59 0
28.6 0
28.61 0
28.62 0
28.63 0
28.64 0
28.65 0
28.66 0
28.67 0
28.68 0
28.69 0
28.7 0
28.71 0
28.72 0
28.73 0
28.74 0
28.75 0
28.76 0
28.77 1
28.78 3
28.79 3
28.8 4
28.81 5
28.82 7
28.83 7
28.84 9
28.85 10
28.86 11
28.87 12
28.88 14
28.89 15
28.9 15
28.91 17
28.92 18
28.93 19
28.94 20
28.95 21
28.96 22
28.97 20
28.98 17
28.99 16
29 16
29.01 16
29.02 16
29.03 8
29.04 0
29.05 0
29.06 0
29.07 0
29.08 0
29.09 0
29.1 0
29.11 0
29.12 0
29.13 0
29.14 0
29.15 0
29.16 0
29.17 0
29.18 0
29.19 0
29.2 0
29.21 0
29.22 0
29.23 0
29.24 0
29.25 0
29.26 0
29.27 0
29.28 0
29.29 0
29.3 0
29.31 0
29.32 0
29.33 0
29.34 0
29.35 0
29.36 0
29.37 0
29.38 0
29.39 0
29.4 0
29.41 0
29.42 0
29.43 0
29.44 0
29.45 0
29.46 0
29.47 1
29.48 2
29.49 3
29.5 4
29.51 6
29.52 7
29.53 8
29.54 9
29.55 10
29.56 12
29.57 12
29.58 13
29.59 14
29.6 16
29.61 16
29.62 17
29.63 18
29.64 20
29.65 20
29.66 22
29.67 22
29.68 16
29.69 17
29.7 16
29.71 17
29.72 0
29.73 1
29.74 0
29.75 0
29.76 0
29.77 0
29.78 0
29.79 0
29.8 0
29.81 0
29.82 0
29.83 0
29.84 0
29.85 0
29.86 0
29.87 0
29.88 0
29.89 0
29.9 0
29.91 0
29.92 1
29.93 2
29.94 3
29.95 5
29.96 6
29.97 7
29.98 8
29.99 9
30 10
30.01 10
30.02 11
30.03 13
30.04 14
30.05 14
30.06 15
30.07 17
30.08 18
30.09 19
30.1 19
30.11 21
30.12 22
30.13 16
30.14 16
30.15 17
30.16 16
30.17 2
30.18 3
30.19 0
30.2 0
30.21 0
30.22 0
30.23 0
30.24 0
30.25 0
30.26 0
30.27 0
30.28 0
30.29 0
30.3 0
30.31 0
30.32 0
30.33 0
30.34 0
30.35 0
30.36 0
30.37 0
30.38 0
30.39 0
30.4 0
30.41 0
30.42 0
30.43 0
30.44 0
30.45 0
30.46 0
30.47 0
30.48 0
30.49 0
30.5 0
30.51 0
30.52 2
30.53 2
30.54 4
30.55 5
30.56 6
30.57 7
30.58 9
30.59 10
30.6 11
30.61 12
30.62 13
30.63 15
30.64 14
30.65 16
30.66 17
30.67 18
30.68 19
30.69 20
30.7 21
30.71 22
30.72 16
30.73 16
30.74 17
30.75 16
30.76 16
30.77 0
30.78 0
30.79 0
30.8 0
30.81 0
30.82 0
30.83 0
30.84 0
30.85 0
30.86 0
30.87 0
30.88 0
30.89 0
30.9 0
30.91 0
30.92 0
30.93 0
30.94 0
30.95 0
30.96 0
30.97 0
30.98 0
30.99 0
31 0
31.01 0
31.02 0
31.03 0
31.04 0
31.05 0
31.06 0
31.07 0
31.08 0
31.09 0
31.1 0
31.11 0
31.12 0
31.13 0
31.14 0
31.15 0
31.16 0
31.17 0
31.18 0
31.19 0
31.2 1
31.21 1
31.22 3
31.23 5
31.24 5
31.25 6
31.26 6
31.27 9
31.28 10
31.29 10
31.3 13
31.31 13
31.32 14
31.33 14
31.34 15
31.35 16
31.36 18
31.37 18
31.38 19
31.39 20
31.4 21
31.41 23
31.42 16
31.43 16
31.44 16
31.45 14
31.46 4
31.47 0
31.48 0
31.49 0
31.5 0
31.51 0
31.52 0
31.53 0
31.54 0
31.55 0
31.56 0
31.57 0
31.58 0
31.59 0
31.6 0
31.61 0
31.62 0
31.63 0
31.64 0
31.65 0
31.66 0
31.67 0
31.68 0
31.69 0
31.7 0
31.71 0
31.72 0
31.73 0
31.74 0
31.75 0
31.76 0
31.77 0
31.78 0
31.79 0
31.8 0
31.81 0
31.82 0
31.83 0
31.84 0
31.85 0
31.86 0
31.87 0
31.88 0
31.89 2
31.9 3
31.91 4
31.92 4
31.93 5
31.94 7
31.95 8
31.96 9
31.97 10
31.98 11
31.99 12
32 12
32.01 14
32.02 15
32.03 16
32.04 16
32.05 17
32.06 18
32.07 19
32.08 20
32.09 21
32.1 17
32.11 16
32.12 16
32.13 16
32.14 17
32.15 4
32.16 0
32.17 0
32.18 0
32.19 0
32.2 0
32.21 0
32.22 0
32.23 0
32.24 0
32.25 0
32.26 0
32.27 0
32.28 0
32.29 0
32.3 0
32.31 0
32.32 0
32.33 0
32.34 0
32.35 0
32.36 0
32.37 0
32.38 0
32.39 0
32.4 0
32.41 0
32.42 0
32.43 0
32.44 0
32.45 0
32.46 0
32.47 0
32.48 0
32.49 0
32.5 0
32.51 0
32.52 0
32.53 0
32.54 0
32.55 0
32.56 0
32.57 0
32.58 1
32.59 2
32.6 3
32.61 4
32.62 6
32.63 7
32.64 7
32.65 8
32.66 9
32.67 11
32.68 12
32.69 13
32.7 14
32.71 15
32.72 16
32.73 17
32.74 18
32.75 19
32.76 20
32.77 21
32.78 23
32.79 16
32.8 16
32.81 16
32.82 16
32.83 1
32.84 0
32.85 0
32.86 0
32.87 0
32.88 0
32.89 0
32.9 0
32.91 0
32.92 0
32.93 0
32.94 0
32.95 0
32.96 0
32.97 0
32.98 0
32.99 0
33 0
33.01 0
33.02 0
33.03 0
33.04 0
33.05 0
33.06 0
33.07 0
33.08 0
33.09 0
33.1 0
33.11 0
33.12 0
33.13 0
33.14 0
33.15 0
33.16 0
33.17 0
33.18 0
33.19 0
33.2 0
33.21 0
33.22 0
33.23 0
33.24 0
33.25 0
33.26 1
33.27 1
33.28 3
33.29 5
33.3 5
33.31 6
33.32 8
33.33 9
33.34 9
33.35 10
33.36 12
33.37 13
33.38 14
33.39 15
33.4 16
33.41 17
33.42 18
33.43 20
33.44 21
33.45 21
33.46 22
33.47 17
33.48 17
33.49 16
33.5 17
33.51 0
33.52 0
33.53 0
33.54 0
33.55 0
33.56 0
33.57 0
33.58 0
33.59 0
33.6 0
33.61 0
33.62 0
33.63 0
33.64 0
33.65 0
33.66 0
33.67 0
33.68 0
33.69 0
33.7 0
33.71 0
33.72 0
33.73 0
33.74 0
33.75 0
33.76 0
33.77 0
33.78 0
33.79 0
33.8 0
33.81 0
33.82 0
33.83 1
33.84 2
33.85 4
33.86 5
33.87 6
33.88 7
33.89 8
33.9 10
33.91 10
33.92 12
33.93 13
33.94 15
33.95 15
33.96 16
33.97 17
33.98 18
33.99 20
34 20
34.01 21
34.02 22
34.03 16
34.04 16
34.05 17
34.06 16
34.07 7
34.08 7
34.09 4
34.1 0
34.11 0
34.12 0
34.13 0
34.14 0
34.15 0
34.16 0
34.17 0
34.18 0
34.19 0
34.2 0
34.21 0
34.22 0
34.23 0
34.24 0
34.25 0
34.26 0
34.27 0
34.28 0
34.29 0
34.3 0
34.31 0
34.32 0
34.33 0
34.34 0
34.35 0
34.36 0
34.37 0
34.38 0
34.39 0
34.4 0
34.41 0
34.42 1
34.43 2
34.44 3
34.45 4
34.46 5
34.47 7
34.48 8
34.49 9
34.5 10
34.51 11
34.52 13
34.53 13
34.54 15
34.55 16
34.56 17
34.57 18
34.58 19
34.59 20
34.6 21
34.61 22
34.62 16
34.63 16
34.64 16
34.65 17
34.66 7
34.67 0
34.68 0
34.69 0
34.7 0
34.71 0
34.72 0
34.73 0
34.74 0
34.75 0
34.76 0
34.77 0
34.78 0
34.79 0
34.8 0
34.81 0
34.82 0
34.83 0
34.84 0
34.85 0
34.86 0
34.87 0
34.88 0
34.89 0
34.9 0
34.91 3
34.92 3
34.93 3
34.94 5
34.95 6
34.96 7
34.97 8
34.98 10
34.99 11
35 11
35.01 12
35.02 13
35.03 15
35.04 15
35.05 17
35.06 18
35.07 19
35.08 20
35.09 21
35.1 22
35.11 16
35.12 16
35.13 16
35.14 17
35.15 5
35.16 0
35.17 0
35.18 0
35.19 0
35.2 0
35.21 0
35.22 0
35.23 0
35.24 0
35.25 0
35.26 0
35.27 0
35.28 0
35.29 0
35.3 0
35.31 0
35.32 0
35.33 0
35.34 0
35.35 0
35.36 0
35.37 0
35.38 0
35.39 0
35.4 0
35.41 0
35.42 0
35.43 0
35.44 0
35.45 0
35.46 0
35.47 0
35.48 0
35.49 0
35.5 0
35.51 0
35.52 0
35.53 0
35.54 0
35.55 0
35.56 0
35.57 0
35.58 0
35.59 1
35.6 2
35.61 4
35.62 5
35.63 5
35.64 7
35.65 8
35.66 9
35.67 11
35.68 12
35.69 14
35.7 13
35.71 15
35.72 16
35.73 17
35.74 18
35.75 20
35.76 20
35.77 21
35.78 23
35.79 16
35.8 16
35.81 16
35.82 17
35.83 8
35.84 10
35.85 0
35.86 0
35.87 0
35.88 0
35.89 0
35.9 0
35.91 0
35.92 0
35.93 0
35.94 0
35.95 0
35.96 0
35.97 0
35.98 0
35.99 0
36 0
36.01 1
36.02 4
36.03 4
36.04 4
36.05 6
36.06 7
36.07 8
36.08 8
36.09 11
36.1 12
36.11 12
36.12 14
36.13 15
36.14 16
36.15 16
36.16 18
36.17 19
36.18 20
36.19 20
36.2 22
36.21 17
36.22 16
36.23 17
36.24 17
36.25 15
36.26 0
36.27 0
36.28 0
36.29 0
36.3 0
36.31 0
36.32 0
36.33 0
36.34 0
36.35 0
36.36 0
36.37 0
36.38 0
36.39 0
36.4 0
36.41 0
36.42 0
36.43 0
36.44 0
36.45 0
36.46 0
36.47 0
36.48 0
36.49 0
36.5 0
36.51 0
36.52 0
36.53 0
36.54 0
36.55 0
36.56 0
36.57 0
36.58 0
36.59 0
36.6 0
36.61 0
36.62 1
36.63 2
36.64 4
36.65 5
36.66 6
36.67 7
36.68 8
36.69 9
36.7 10
36.71 12
36.72 13
36.73 14
36.74 15
36.75 16
36.76 17
36.77 18
36.78 20
36.79 21
36.8 22
36.81 22
36.82 17
36.83 17
36.84 17
36.85 17
36.86 3
36.87 0
36.88 0
36.89 0
36.9 0
36.91 0
36.92 0
36.93 0
36.94 0
36.95 0
36.96 0
36.97 0
36.98 0
36.99 0
37 0
37.01 0
37.02 0
37.03 0
37.04 0
37.05 0
37.06 0
37.07 0
37.08 0
37.09 0
37.1 0
37.11 0
37.12 0
37.13 0
37.14 0
37.15 0
37.16 0
37.17 0
37.18 0
37.19 0
37.2 1
37.21 2
37.22 3
37.23 4
37.24 5
37.25 7
37.26 7
37.27 8
37.28 9
37.29 11
37.3 12
37.31 13
37.32 14
37.33 15
37.34 16
37.35 17
37.36 19
37.37 19
37.38 20
37.39 21
37.4 23
37.41 16
37.42 17
37.43 17
37.44 17
37.45 8
37.46 7
37.47 0
37.48 0
37.49 0
37.5 0
37.51 0
37.52 0
37.53 0
37.54 0
37.55 0
37.56 0
37.57 0
37.58 0
37.59 0
37.6 0
37.61 0
37.62 0
37.63 0
37.64 0
37.65 0
37.66 0
37.67 0
37.68 0
37.69 0
37.7 0
37.71 0
37.72 0
37.73 0
37.74 0
37.75 0
37.76 0
37.77 0
37.78 1
37.79 2
37.8 2
37.81 5
37.82 5
37.83 6
37.84 7
37.85 9
37.86 10
37.87 11
37.88 12
37.89 13
37.9 14
37.91 15
37.92 17
37.93 18
37.94 18
37.95 19
37.96 21
37.97 22
37.98 23
37.99 17
38 16
38.01 16
38.02 16
38.03 9
38.04 0
38.05 0
38.06 0
38.07 0
38.08 0
38.09 0
38.1 0
38.11 0
38.12 0
38.13 0
38.14 0
38.15 0
38.16 0
38.17 0
38.18 0
38.19 0
38.2 0
38.21 0
38.22 0
38.23 0
38.24 0
38.25 0
38.26 0
38.27 0
38.28 0
38.29 0
38.3 0
38.31 0
38.32 0
38.33 0
38.34 0
38.35 0
38.36 0
38.37 0
38.38 2
38.39 3
38.4 4
38.41 5
38.42 7
38.43 7
38.44 8
38.45 11
38.46 11
38.47 12
38.48 13
38.49 15
38.5 15
38.51 16
38.52 18
38.53 19
38.54 19
38.55 21
38.56 23
38.57 22
38.58 17
38.59 17
38.6 17
38.61 12
38.62 0
38.63 0
38.64 0
38.65 0
38.66 0
38.67 0
38.68 0
38.69 0
38.7 0
38.71 0
38.72 0
38.73 0
38.74 0
38.75 0
38.76 0
38.77 0
38.78 0
38.79 0
38.8 0
38.81 0
38.82 0
38.83 0
38.84 0
38.85 0
38.86 0
38.87 0
38.88 0
38.89 0
38.9 0
38.91 0
38.92 0
38.93 0
38.94 0
38.95 0
38.96 0
38.97 0
38.98 0
38.99 0
39 0
39.01 0
39.02 0
39.03 0
39.04 0
39.05 0
39.06 1
39.07 3
39.08 4
39.09 5
39.1 5
39.11 6
39.12 7
39.13 9
39.14 10
39.15 11
39.16 13
39.17 13
39.18 14
39.19 15
39.2 17
39.21 18
39.22 19
39.23 20
39.24 21
39.25 22
39.26 21
39.27 17
39.28 16
39.29 16
39.3 13
39.31 1
39.32 0
39.33 0
39.34 0
39.35 0
39.36 0
39.37 0
39.38 0
39.39 0
39.4 0
39.41 0
39.42 0
39.43 0
39.44 0
39.45 0
39.46 0
39.47 0
39.48 0
39.49 0
39.5 0
39.51 0
39.52 0
39.53 0
39.54 0
39.55 0
39.56 0
39.57 0
39.58 0
39.59 0
39.6 0
39.61 0
39.62 0
39.63 0
39.64 0
39.65 0
39.66 0
39.67 0
39.68 0
39.69 0
39.7 0
39.71 0
39.72 0
39.73 1
39.74 1
39.75 2
39.76 4
39.77 5
39.78 6
39.79 7
39.8 9
39.81 9
39.82 10
39.83 11
39.84 13
39.85 13
39.86 14
39.87 16
39.88 17
39.89 18
39.9 19
39.91 20
39.92 21
39.93 21
39.94 18
39.95 17
39.96 16
39.97 17
39.98 10
39.99 2
40 0
40.01 0
40.02 0
40.03 0
40.04 0
40.05 0
40.06 0
40.07 0
40.08 0
40.09 0
40.1 0
40.11 0
40.12 0
40.13 0
40.14 0
40.15 0
40.16 0
40.17 0
40.18 0
40.19 0
40.2 0
40.21 0
40.22 0
40.23 0
40.24 0
40.25 0
40.26 0
40.27 0
40.28 0
40.29 0
40.3 0
40.31 1
40.32 2
40.33 4
40.34 5
40.35 6
40.36 7
40.37 9
40.38 9
40.39 10
40.4 11
40.41 12
40.42 13
40.43 14
40.44 16
40.45 16
40.46 18
40.47 19
40.48 20
40.49 20
40.5 22
40.51 16
40.52 16
40.53 17
40.54 16
40.55 10
40.56 0
40.57 0
40.58 0
40.59 0
40.6 0
40.61 0
40.62 0
40.63 0
40.64 0
40.65 0
40.66 0
40.67 0
40.68 0
40.69 0
40.7 0
40.71 0
40.72 0
40.73 0
40.74 0
40.75 0
40.76 0
40.77 0
40.78 0
40.79 0
40.8 0
40.81 0
40.82 0
40.83 0
40.84 0
40.85 0
40.86 0
40.87 0
40.88 0
40.89 0
40.9 0
40.91 0
40.92 0
40.93 0
40.94 0
40.95 0
40.96 0
40.97 0
40.98 0
40.99 1
41 1
41.01 2
41.02 4
41.03 5
41.04 6
41.05 8
41.06 9
41.07 9
41.08 11
41.09 13
41.1 13
41.11 14
41.12 15
41.13 17
41.14 17
41.15 18
41.16 20
41.17 21
41.18 21
41.19 23
41.2 16
41.21 16
41.22 17
41.23 17
41.24 0
41.25 0
41.26 0
41.27 0
41.28 0
41.29 0
41.3 0
41.31 0
41.32 0
41.33 0
41.34 0
41.35 0
41.36 0
41.37 0
41.38 0
41.39 0
41.4 0
41.41 0
41.42 0
41.43 0
41.44 0
41.45 0
41.46 0
41.47 0
41.48 0
41.49 0
41.5 0
41.51 0
41.52 0
41.53 1
41.54 1
41.55 2
41.56 4
41.57 5
41.58 6
41.59 8
41.6 8
41.61 9
41.62 11
41.63 12
41.64 13
41.65 14
41.66 16
41.67 16
41.68 17
41.69 18
41.7 20
41.71 20
41.72 21
41.73 23
41.74 16
41.75 17
41.76 17
41.77 17
41.78 9
41.79 10
41.8 11
41.81 0
41.82 0
41.83 0
41.84 0
41.85 0
41.86 0
41.87 0
41.88 0
41.89 0
41.9 0
41.91 0
41.92 0
41.93 0
41.94 0
41.95 0
41.96 0
41.97 0
41.98 0
41.99 0
42 0
42.01 0
42.02 0
42.03 0
42.04 0
42.05 0
42.06 0
42.07 0
42.08 0
42.09 0
42.1 0
42.11 0
42.12 0
42.13 0
42.14 0
42.15 0
42.16 0
42.17 0
42.18 0
42.19 0
42.2 0
42.21 0
42.22 0
42.23 0
42.24 0
42.25 0
42.26 0
42.27 0
42.28 0
42.29 1
42.3 2
42.31 4
42.32 4
42.33 5
42.34 6
42.35 6
42.36 7
42.37 8
42.38 9
42.39 10
42.4 11
42.41 12
42.42 12
42.43 13
42.44 14
42.45 15
42.46 16
42.47 16
42.48 16
42.49 17
42.5 20
42.51 19
42.52 20
42.53 15
42.54 15
42.55 15
42.56 17
42.57 13
42.58 0
42.59 0
42.6 0
42.61 0
42.62 0
42.63 0
42.64 0
42.65 0
42.66 0
42.67 0
42.68 0
42.69 0
42.7 0
42.71 0
42.72 0
42.73 0
42.74 0
42.75 0
42.76 0
42.77 0
42.78 0
42.79 0
42.8 0
42.81 0
42.82 0
42.83 0
42.84 0
42.85 0
42.86 1
42.87 4
42.88 5
42.89 5
42.9 7
42.91 8
42.92 9
42.93 10
42.94 12
42.95 13
42.96 13
42.97 14
42.98 15
42.99 16
43 17
43.01 18
43.02 19
43.03 20
43.04 22
43.05 22
43.06 17
43.07 16
43.08 16
43.09 16
43.1 0
43.11 0
43.12 0
43.13 0
43.14 0
43.15 0
43.16 0
43.17 0
43.18 0
43.19 0
43.2 0
43.21 0
43.22 0
43.23 0
43.24 0
43.25 0
43.26 0
43.27 0
43.28 0
43.29 0
43.3 0
43.31 0
43.32 0
43.33 0
43.34 0
43.35 0
43.36 0
43.37 0
43.38 0
43.39 0
43.4 0
43.41 0
43.42 0
43.43 0
43.44 0
43.45 1
43.46 2
43.47 3
43.48 5
43.49 5
43.5 7
43.51 8
43.52 9
43.53 10
43.54 12
43.55 13
43.56 13
43.57 14
43.58 15
43.59 17
43.6 17
43.61 18
43.62 20
43.63 21
43.64 21
43.65 23
43.66 17
43.67 16
43.68 16
43.69 15
43.7 0
43.71 0
43.72 0
43.73 0
43.74 0
43.75 0
43.76 0
43.77 0
43.78 0
43.79 0
43.8 0
43.81 0
43.82 0
43.83 0
43.84 0
43.85 0
43.86 0
43.87 0
43.88 0
43.89 0
43.9 0
43.91 0
43.92 0
43.93 0
43.94 0
43.95 0
43.96 0
43.97 0
43.98 0
43.99 1
44 2
44.01 3
44.02 5
44.03 6
44.04 6
44.05 8
44.06 10
44.07 10
44.08 11
44.09 13
44.1 14
44.11 14
44.12 16
44.13 17
44.14 18
44.15 19
44.16 21
44.17 21
44.18 22
44.19 16
44.2 17
44.21 16
44.22 17
44.23 5
44.24 0
44.25 0
44.26 0
44.27 0
44.28 0
44.29 0
44.3 0
44.31 0
44.32 0
44.33 0
44.34 0
44.35 0
44.36 0
44.37 0
44.38 0
44.39 0
44.4 0
44.41 0
44.42 0
44.43 0
44.44 0
44.45 0
44.46 0
44.47 0
44.48 0
44.49 0
44.5 0
44.51 0
44.52 0
44.53 0
44.54 0
44.55 0
44.56 0
44.57 0
44.58 0
44.59 0
44.6 0
44.61 0
44.62 0
44.63 0
44.64 0
44.65 0
44.66 0
44.67 0
44.68 1
44.69 2
44.7 3
44.71 5
44.72 5
44.73 7
44.74 8
44.75 9
44.76 10
44.77 11
44.78 13
44.79 13
44.8 15
44.81 16
44.82 17
44.83 18
44.84 19
44.85 19
44.86 20
44.87 21
44.88 22
44.89 17
44.9 17
44.91 16
44.92 16
44.93 0
44.94 0
44.95 0
44.96 0
44.97 0
44.98 0
44.99 0
45 0
45.01 0
45.02 0
45.03 0
45.04 0
45.05 0
45.06 0
45.07 0
45.08 0
45.09 0
45.1 0
45.11 0
45.12 0
45.13 0
45.14 0
45.15 0
45.16 0
45.17 0
45.18 0
45.19 0
45.2 0
45.21 0
45.22 0
45.23 0
45.24 0
45.25 0
45.26 0
45.27 0
45.28 0
45.29 0
45.3 0
45.31 0
45.32 0
45.33 0
45.34 0
45.35 0
45.36 0
45.37 2
45.38 3
45.39 4
45.4 5
45.41 6
45.42 7
45.43 8
45.44 10
45.45 11
45.46 12
45.47 12
45.48 14
45.49 15
45.5 16
45.51 17
45.52 18
45.53 19
45.54 20
45.55 22
45.56 23
45.57 17
45.58 16
45.59 16
45.6 17
45.61 0
45.62 0
45.63 0
45.64 0
45.65 0
45.66 0
45.67 0
45.68 0
45.69 0
45.7 0
45.71 0
45.72 0
45.73 0
45.74 0
45.75 0
45.76 0
45.77 0
45.78 0
45.79 0
45.8 0
45.81 0
45.82 0
45.83 0
45.84 0
45.85 0
45.86 0
45.87 0
45.88 0
45.89 0
45.9 0
45.91 0
45.92 0
45.93 0
45.94 0
45.95 1
45.96 1
45.97 3
45.98 4
45.99 5
46 6
46.01 8
46.02 9
46.03 9
46.04 11
46.05 12
46.06 13
46.07 14
46.08 16
46.09 17
46.1 17
46.11 17
46.12 19
46.13 21
46.14 21
46.15 22
46.16 17
46.17 16
46.18 16
46.19 16
46.2 11
46.21 0
46.22 0
46.23 0
46.24 0
46.25 0
46.26 0
46.27 0
46.28 0
46.29 0
46.3 0
46.31 0
46.32 0
46.33 0
46.34 0
46.35 0
46.36 0
46.37 0
46.38 0
46.39 0
46.4 0
46.41 0
46.42 1
46.43 3
46.44 4
46.45 5
46.46 6
46.47 7
46.48 8
46.49 10
46.5 11
46.51 12
46.52 13
46.53 14
46.54 15
46.55 16
46.56 17
46.57 19
46.58 20
46.59 21
46.6 22
46.61 23
46.62 17
46.63 17
46.64 17
46.65 16
46.66 12
46.67 9
46.68 0
46.69 0
46.7 0
46.71 0
46.72 0
46.73 0
46.74 0
46.75 0
46.76 0
46.77 0
46.78 0
46.79 0
46.8 0
46.81 0
46.82 0
46.83 0
46.84 0
46.85 0
46.86 0
46.87 0
46.88 0
46.89 0
46.9 1
46.91 2
46.92 4
46.93 4
46.94 6
46.95 6
46.96 7
46.97 10
46.98 10
46.99 11
47 11
47.01 14
47.02 14
47.03 15
47.04 16
47.05 17
47.06 18
47.07 19
47.08 21
47.09 21
47.1 22
47.11 16
47.12 17
47.13 16
47.14 16
47.15 4
47.16 0
47.17 0
47.18 0
47.19 0
47.2 0
47.21 0
47.22 0
47.23 0
47.24 0
47.25 0
47.26 0
47.27 0
47.28 0
47.29 0
47.3 0
47.31 0
47.32 0
47.33 0
47.34 0
47.35 0
47.36 0
47.37 0
47.38 0
47.39 0
47.4 0
47.41 0
47.42 0
47.43 0
47.44 0
47.45 0
47.46 0
47.47 0
47.48 0
47.49 0
47.5 0
47.51 0
47.52 0
47.53 0
47.54 0
47.55 0
47.56 0
47.57 0
47.58 0
47.59 0
47.6 1
47.61 2
47.62 4
47.63 5
47.64 6
47.65 7
47.66 9
47.67 9
47.68 10
47.69 11
47.7 13
47.71 14
47.72 15
47.73 15
47.74 17
47.75 18
47.76 19
47.77 20
47.78 21
47.79 22
47.8 16
47.81 17
47.82 16
47.83 16
47.84 6
47.85 0
47.86 0
47.87 0
47.88 0
47.89 0
47.9 0
47.91 0
47.92 0
47.93 0
47.94 0
47.95 0
47.96 0
47.97 0
47.98 0
47.99 0
48 0
48.01 0
48.02 0
48.03 0
48.04 0
48.05 0
48.06 0
48.07 0
48.08 0
48.09 0
48.1 0
48.11 0
48.12 0
48.13 0
48.14 0
48.15 0
48.16 0
48.17 0
48.18 0
48.19 0
48.2 0
48.21 0
48.22 0
48.23 0
48.24 0
48.25 0
48.26 0
48.27 0
48.28 1
48.29 1
48.3 2
48.31 5
48.32 5
48.33 6
48.34 9
48.35 9
48.36 10
48.37 10
48.38 13
48.39 13
48.4 14
48.41 15
48.42 16
48.43 17
48.44 18
48.45 19
48.46 21
48.47 22
48.48 22
48.49 16
48.5 16
48.51 16
48.52 16
48.53 0
48.54 0
48.55 0
48.56 0
48.57 0
48.58 0
48.59 0
48.6 0
48.61 0
48.62 0
48.63 0
48.64 0
48.65 0
48.66 0
48.67 0
48.68 0
48.69 0
48.7 0
48.71 0
48.72 0
48.73 0
48.74 0
48.75 0
48.76 0
48.77 0
48.78 0
48.79 0
48.8 0
48.81 0
48.82 0
48.83 0
48.84 0
48.85 0
48.86 0
48.87 0
48.88 0
48.89 0
48.9 0
48.91 0
48.92 0
48.93 0
48.94 0
48.95 0
48.96 0
48.97 2
48.98 3
48.99 4
49 5
49.01 7
49.02 7
49.03 8
49.04 10
49.05 11
49.06 12
49.07 13
49.08 15
49.09 15
49.1 16
49.11 18
49.12 20
49.13 20
49.14 20
49.15 22
49.16 23
49.17 17
49.18 17
49.19 16
49.2 15
49.21 1
49.22 0
49.23 0
49.24 0
49.25 0
49.26 0
49.27 0
49.28 0
49.29 0
49.3 0
49.31 0
49.32 0
49.33 0
49.34 0
49.35 0
49.36 0
49.37 0
49.38 0
49.39 0
49.4 0
49.41 0
49.42 0
49.43 0
49.44 0
49.45 0
49.46 0
49.47 0
49.48 0
49.49 0
49.5 0
49.51 0
49.52 0
49.53 0
49.54 0
49.55 0
49.56 0
49.57 0
49.58 0
49.59 0
49.6 0
49.61 0
49.62 0
49.63 0
49.64 0
49.65 0
49.66 2
49.67 3
49.68 4
49.69 5
49.7 7
49.71 8
49.72 9
49.73 10
49.74 11
49.75 12
49.76 13
49.77 15
49.78 16
49.79 17
49.8 18
49.81 19
49.82 20
49.83 21
49.84 22
49.85 16
49.86 16
49.87 16
49.88 16
49.89 8
49.9 0
49.91 0
49.92 0
49.93 0
49.94 0
49.95 0
49.96 0
49.97 0
49.98 0
49.99 0
50 0
50.01 0
50.02 0
50.03 0
50.04 0
50.05 0
50.06 0
50.07 0
50.08 0
50.09 0
50.1 0
50.11 0
50.12 0
50.13 0
50.14 0
50.15 0
50.16 0
50.17 0
50.18 0
50.19 0
50.2 0
50.21 0
50.22 0
50.23 0
50.24 0
50.25 0
50.26 0
50.27 0
50.28 0
50.29 0
50.3 0
50.31 0
50.32 0
50.33 1
50.34 2
50.35 3
50.36 4
50.37 6
50.38 7
50.39 7
50.4 9
50.41 11
50.42 11
50.43 12
50.44 14
50.45 15
50.46 15
50.47 16
50.48 17
50.49 18
50.5 19
50.51 20
50.52 22
50.53 23
50.54 16
50.55 17
50.56 17
50.57 17
50.58 9
50.59 0
50.6 0
50.61 0
50.62 0
50.63 0
50.64 0
50.65 0
50.66 0
50.67 0
50.68 0
50.69 0
50.7 0
50.71 0
50.72 0
50.73 0
50.74 0
50.75 0
50.76 0
50.77 0
50.78 0
50.79 0
50.8 0
50.81 0
50.82 0
50.83 0
50.84 0
50.85 0
50.86 0
50.87 0
50.88 0
50.89 0
50.9 1
50.91 2
50.92 3
50.93 5
50.94 5
50.95 6
50.96 8
50.97 9
50.98 10
50.99 11
51 13
51.01 13
51.02 14
51.03 16
51.04 17
51.05 17
51.06 18
51.07 19
51.08 21
51.09 21
51.1 22
51.11 17
51.12 16
51.13 16
51.14 14
51.15 8
51.16 0
51.17 0
51.18 0
51.19 0
51.2 0
51.21 0
51.22 0
51.23 0
51.24 0
51.25 0
51.26 0
51.27 0
51.28 0
51.29 0
51.3 0
51.31 0
51.32 0
51.33 0
51.34 0
51.35 0
51.36 0
51.37 0
51.38 0
51.39 0
51.4 0
51.41 0
51.42 0
51.43 0
51.44 0
51.45 0
51.46 0
51.47 0
51.48 0
51.49 1
51.5 2
51.51 3
51.52 4
51.53 4
51.54 5
51.55 8
51.56 8
51.57 9
51.58 11
51.59 12
51.6 12
51.61 13
51.62 14
51.63 16
51.64 17
51.65 19
51.66 19
51.67 20
51.68 21
51.69 22
51.7 16
51.71 16
51.72 16
51.73 16
51.74 16
51.75 0
51.76 0
51.77 0
51.78 0
51.79 0
51.8 0
51.81 0
51.82 0
51.83 0
51.84 0
51.85 0
51.86 0
51.87 0
51.88 0
51.89 0
51.9 0
51.91 0
51.92 0
51.93 0
51.94 0
51.95 0
51.96 0
51.97 0
51.98 0
51.99 0
52 0
52.01 0
52.02 0
52.03 0
52.04 0
52.05 0
52.06 0
52.07 0
52.08 0
52.09 0
52.1 0
52.11 0
52.12 0
52.13 0
52.14 0
52.15 0
52.16 0
52.17 0
52.18 1
52.19 2
52.2 3
52.21 4
52.22 6
52.23 7
52.24 8
52.25 9
52.26 10
52.27 11
52.28 12
52.29 14
52.3 15
52.31 16
52.32 17
52.33 18
52.34 19
52.35 20
52.36 21
52.37 22
52.38 16
52.39 16
52.4 16
52.41 16
52.42 9
52.43 10
52.44 0
52.45 0
52.46 0
52.47 0
52.48 0
52.49 0
52.5 0
52.51 0
52.52 0
52.53 0
52.54 0
52.55 0
52.56 0
52.57 0
52.58 0
52.59 0
52.6 0
52.61 0
52.62 0
52.63 0
52.64 0
52.65 0
52.66 0
52.67 0
52.68 0
52.69 0
52.7 0
52.71 0
52.72 2
52.73 3
52.74 3
52.75 5
52.76 5
52.77 6
52.78 7
52.79 8
52.8 9
52.81 9
52.82 11
52.83 11
52.84 12
52.85 12
52.86 13
52.87 15
52.88 15
52.89 15
52.9 17
52.91 18
52.92 18
52.93 19
52.94 20
52.95 21
52.96 15
52.97 15
52.98 15
52.99 11
53 3
53.01 1
53.02 0
53.03 0
53.04 0
53.05 0
53.06 0
53.07 0
53.08 0
53.09 0
53.1 0
53.11 0
53.12 0
53.13 0
53.14 0
53.15 0
53.16 0
53.17 0
53.18 0
53.19 0
53.2 0
53.21 0
53.22 0
53.23 0
53.24 0
53.25 0
53.26 0
53.27 0
53.28 0
53.29 0
53.3 0
53.31 0
53.32 0
53.33 0
53.34 0
53.35 0
53.36 0
53.37 0
53.38 0
53.39 0
53.4 0
53.41 0
53.42 0
53.43 0
53.44 0
53.45 0
53.46 0
53.47 0
53.48 0
53.49 0
53.5 0
53.51 0
53.52 0
53.53 0
53.54 2
53.55 4
53.56 4
53.57 5
53.58 7
53.59 8
53.6 8
53.61 9
53.62 12
53.63 12
53.64 13
53.65 14
53.66 16
53.67 16
53.68 17
53.69 19
53.7 20
53.71 20
53.72 20
53.73 21
53.74 16
53.75 16
53.76 16
53.77 17
53.78 6
53.79 0
53.8 0
53.81 0
53.82 0
53.83 0
53.84 0
53.85 0
53.86 0
53.87 0
53.88 0
53.89 0
53.9 0
53.91 0
53.92 0
53.93 0
53.94 0
53.95 0
53.96 0
53.97 0
53.98 0
53.99 0
54 0
54.01 0
54.02 0
54.03 0
54.04 0
54.05 0
54.06 0
54.07 0
54.08 0
54.09 0
54.1 3
54.11 2
54.12 2
54.13 4
54.14 5
54.15 6
54.16 6
54.17 8
54.18 10
54.19 10
54.2 11
54.21 13
54.22 14
54.23 14
54.24 16
54.25 17
54.26 18
54.27 18
54.28 21
54.29 22
54.3 22
54.31 16
54.32 16
54.33 17
54.34 16
54.35 12
54.36 0
54.37 0
54.38 0
54.39 0
54.4 0
54.41 0
54.42 0
54.43 0
54.44 0
54.45 0
54.46 0
54.47 0
54.48 0
54.49 0
54.5 0
54.51 0
54.52 0
54.53 0
54.54 0
54.55 0
54.56 0
54.57 0
54.58 0
54.59 0
54.6 0
54.61 0
54.62 0
54.63 0
54.64 0
54.65 0
54.66 1
54.67 1
54.68 2
54.69 4
54.7 5
54.71 5
54.72 7
54.73 9
54.74 9
54.75 10
54.76 12
54.77 12
54.78 13
54.79 14
54.8 16
54.81 16
54.82 17
54.83 18
54.84 19
54.85 20
54.86 21
54.87 22
54.88 17
54.89 16
54.9 16
54.91 16
54.92 3
54.93 1
54.94 0
54.95 0
54.96 0
54.97 0
54.98 0
54.99 0
55 0
55.01 0
55.02 0
55.03 0
55.04 0
55.05 0
55.06 0
55.07 0
55.08 0
55.09 0
55.1 0
55.11 0
55.12 0
55.13 0
55.14 0
55.15 0
55.16 0
55.17 0
55.18 0
55.19 0
55.2 0
55.21 0
55.22 0
55.23 0
55.24 0
55.25 0
55.26 0
55.27 2
55.28 3
55.29 4
55.3 5
55.31 7
55.32 7
55.33 8
55.34 10
55.35 11
55.36 12
55.37 13
55.38 14
55.39 14
55.4 15
55.41 17
55.42 18
55.43 19
55.44 19
55.45 21
55.46 22
55.47 16
55.48 16
55.49 16
55.5 16
55.51 6
55.52 5
55.53 1
55.54 0
55.55 0
55.56 0
55.57 0
55.58 0
55.59 0
55.6 0
55.61 0
55.62 0
55.63 0
55.64 0
55.65 0
55.66 0
55.67 0
55.68 0
55.69 0
55.7 0
55.71 0
55.72 0
55.73 0
55.74 0
55.75 0
55.76 0
55.77 0
55.78 0
55.79 0
55.8 0
55.81 0
55.82 1
55.83 2
55.84 2
55.85 5
55.86 5
55.87 6
55.88 6
55.89 7
55.9 9
55.91 10
55.92 11
55.93 12
55.94 14
55.95 14
55.96 15
55.97 15
55.98 17
55.99 18
56 19
56.01 20
56.02 21
56.03 22
56.04 16
56.05 16
56.06 16
56.07 17
56.08 9
56.09 2
56.1 0
56.11 0
56.12 0
56.13 0
56.14 0
56.15 0
56.16 0
56.17 0
56.18 0
56.19 0
56.2 1
56.21 2
56.22 4
56.23 4
56.24 6
56.25 6
56.26 8
56.27 10
56.28 10
56.29 12
56.3 12
56.31 14
56.32 14
56.33 15
56.34 15
56.35 17
56.36 18
56.37 19
56.38 20
56.39 21
56.4 16
56.41 16
56.42 16
56.43 17
56.44 9
56.45 7
56.46 0
56.47 0
56.48 0
56.49 0
56.5 0
56.51 0
56.52 0
56.53 0
56.54 0
56.55 0
56.56 0
56.57 0
56.58 0
56.59 0
56.6 0
56.61 0
56.62 0
56.63 0
56.64 0
56.65 0
56.66 0
56.67 0
56.68 0
56.69 0
56.7 0
56.71 0
56.72 0
56.73 0
56.74 0
56.75 0
56.76 0
56.77 0
56.78 0
56.79 0
56.8 0
56.81 0
56.82 1
56.83 1
56.84 2
56.85 4
56.86 4
56.87 6
56.88 7
56.89 8
56.9 9
56.91 10
56.92 12
56.93 13
56.94 14
56.95 15
56.96 16
56.97 17
56.98 18
56.99 19
57 20
57.01 21
57.02 22
57.03 16
57.04 16
57.05 17
57.06 16
57.07 8
57.08 9
57.09 0
57.1 0
57.11 0
57.12 0
57.13 0
57.14 0
57.15 0
57.16 0
57.17 0
57.18 0
57.19 0
57.2 0
57.21 1
57.22 1
57.23 3
57.24 3
57.25 5
57.26 6
57.27 7
57.28 9
57.29 9
57.3 11
57.31 11
57.32 13
57.33 14
57.34 15
57.35 16
57.36 17
57.37 18
57.38 19
57.39 20
57.4 21
57.41 24
57.42 16
57.43 17
57.44 16
57.45 17
57.46 9
57.47 0
57.48 0
57.49 0
57.5 0
57.51 0
57.52 0
57.53 0
57.54 0
57.55 0
57.56 0
57.57 0
57.58 0
57.59 0
57.6 0
57.61 0
57.62 0
57.63 0
57.64 0
57.65 0
57.66 0
57.67 0
57.68 0
57.69 0
57.7 0
57.71 0
57.72 0
57.73 0
57.74 0
57.75 1
57.76 2
57.77 3
57.78 5
57.79 6
57.8 6
57.81 8
57.82 9
57.83 9
57.84 11
57.85 13
57.86 13
57.87 13
57.88 15
57.89 17
57.9 17
57.91 18
57.92 20
57.93 21
57.94 21
57.95 23
57.96 17
57.97 16
57.98 16
57.99 17
58 0
58.01 0
58.02 0
58.03 0
58.04 0
58.05 0
58.06 0
58.07 0
58.08 0
58.09 0
58.1 0
58.11 0
58.12 0
58.13 0
58.14 0
58.15 0
58.16 0
58.17 0
58.18 0
58.19 0
58.2 0
58.21 0
58.22 0
58.23 0
58.24 0
58.25 0
58.26 0
58.27 0
58.28 0
58.29 0
58.3 0
58.31 0
58.32 0
58.33 0
58.34 0
58.35 0
58.36 0
58.37 0
58.38 0
58.39 0
58.4 0
58.41 0
58.42 0
58.43 0
58.44 0
58.45 0
58.46 0
58.47 0
58.48 0
58.49 0
58.5 0
58.51 0
58.52 0
58.53 0
58.54 0
58.55 0
58.56 0
58.57 0
58.58 0
58.59 0
58.6 0
58.61 0
58.62 0
58.63 0
58.64 0
58.65 0
58.66 0
58.67 0
58.68 0
58.69 0
58.7 0
58.71 0
58.72 0
58.73 0
58.74 0
58.75 0
58.76 0
58.77 0
58.78 0
58.79 0
58.8 0
58.81 0
58.82 0
58.83 0
58.84 0
58.85 0
58.86 0
58.87 0
58.88 0
58.89 0
58.9 0
58.91 0
58.92 0
58.93 0
58.94 0
58.95 0
58.96 0
58.97 0
58.98 0
58.99 0
59 0
59.01 0
59.02 0
59.03 0
59.04 0
59.05 0
59.06 0
59.07 0
59.08 0
59.09 0
59.1 0
59.11 0
59.12 0
59.13 0
59.14 0
59.15 0
59.16 0
59.17 0
59.18 0
59.19 0
59.2 0
59.21 0
59.22 0
59.23 0
59.24 0
59.25 0
59.26 0
59.27 0
59.28 0
59.29 0
59.3 0
59.31 0
59.32 0
59.33 0
59.34 0
59.35 0
59.36 0
59.37 0
59.38 0
59.39 0
59.4 0
59.41 0
59.42 0
59.43 0
59.44 0
59.45 0
59.46 0
59.47 0
59.48 0
59.49 0
59.5 0
59.51 0
59.52 0
59.53 0
59.54 0
59.55 0
59.56 0
59.57 0
59.58 0
59.59 0
59.6 0
59.61 0
59.62 0
59.63 0
59.64 0
59.65 0
59.66 0
59.67 0
59.68 0
59.69 0
59.7 0
59.71 0
59.72 0
59.73 0
59.74 0
59.75 0
59.76 0
59.77 0
59.78 0
59.79 0
59.8 0
59.81 0
59.82 0
59.83 0
59.84 0
59.85 0
59.86 0
59.87 0
59.88 0
59.89 0
59.9 0
59.91 0
59.92 0
59.93 0
59.94 0
59.95 0
59.96 0
59.97 0
59.98 0
59.99 0
60 0
60.01 0
60.02 0
60.03 0
60.04 0
60.05 0
60.06 0
60.07 0
60.08 0
60.09 0
60.1 0
60.11 0
60.12 0
60.13 0
60.14 0
60.15 0
60.16 0
60.17 0
60.18 0
60.19 0
60.2 0
60.21 0
60.22 0
60.23 0
60.24 0
60.25 0
60.26 0
60.27 0
60.28 0
60.29 0
60.3 0
60.31 0
60.32 0
60.33 0
60.34 0
60.35 0
60.36 0
60.37 0
60.38 0
60.39 0
60.4 0
60.41 0
60.42 0
60.43 0
60.44 0
60.45 0
60.46 0
60.47 0
60.48 0
60.49 0
60.5 0
60.51 0
60.52 0
60.53 0
60.54 0
60.55 0
60.56 0
60.57 0
60.58 0
60.59 0
60.6 0
60.61 0
60.62 0
60.63 0
60.64 0
60.65 0
60.66 0
60.67 0
60.68 0
60.69 0
60.7 0
60.71 0
60.72 0
60.73 0
60.74 0
60.75 0
60.76 0
60.77 0
60.78 0
60.79 0
60.8 0
60.81 0
60.82 0
60.83 0
60.84 0
60.85 0
60.86 0
60.87 0
60.88 0
60.89 0
60.9 0
60.91 0
60.92 0
60.93 0
60.94 0
60.95 0
60.96 0
60.97 0
60.98 0
60.99 0
61 0
61.01 0
61.02 0
61.03 0
61.04 0
61.05 0
61.06 0
61.07 0
61.08 0
61.09 0
61.1 0
61.11 0
61.12 0
61.13 0
61.14 0
61.15 0
61.16 0
61.17 0
61.18 0
61.19 0
61.2 0
61.21 0
61.22 0
61.23 0
61.24 0
61.25 0
61.26 0
61.27 0
61.28 0
61.29 0
61.3 0
61.31 0
61.32 0
61.33 0
61.34 0
61.35 0
61.36 0
61.37 0
61.38 0
61.39 0
61.4 0
61.41 0
61.42 0
61.43 0
61.44 0
61.45 0
61.46 0
61.47 0
61.48 0
61.49 0
61.5 0
61.51 0
61.52 0
61.53 0
61.54 0
61.55 0
61.56 0
61.57 0
61.58 0
61.59 0
61.6 0
61.61 0
61.62 0
61.63 0
61.64 0
61.65 0
61.66 0
61.67 0
61.68 0
61.69 0
61.7 0
61.71 0
61.72 0
61.73 0
61.74 0
61.75 0
61.76 0
61.77 0
61.78 0
61.79 0
61.8 0
61.81 0
61.82 0
61.83 0
61.84 0
61.85 0
61.86 0
61.87 0
61.88 0
61.89 0
61.9 0
61.91 0
61.92 0
61.93 0
61.94 0
61.95 0
61.96 0
61.97 0
61.98 0
61.99 0
62 0
62.01 0
62.02 0
62.03 0
62.04 0
62.05 0
62.06 0
62.07 0
62.08 0
62.09 0
62.1 0
62.11 0
62.12 0
62.13 0
62.14 0
62.15 0
62.16 0
62.17 0
62.18 0
62.19 0
62.2 0
62.21 0
62.22 0
62.23 0
62.24 0
62.25 0
62.26 0
62.27 0
62.28 0
62.29 0
62.3 0
62.31 0
62.32 0
62.33 0
62.34 0
62.35 0
62.36 0
62.37 0
62.38 0
62.39 0
62.4 0
62.41 0
62.42 0
62.43 0
62.44 0
62.45 0
62.46 0
62.47 0
62.48 0
62.49 0
62.5 0
62.51 0
62.52 0
62.53 0
62.54 0
62.55 0
62.56 0
62.57 0
62.58 0
62.59 0
62.6 0
62.61 0
62.62 0
62.63 0
62.64 0
62.65 0
62.66 0
62.67 0
62.68 0
62.69 0
62.7 0
62.71 0
62.72 0
62.73 0
62.74 0
62.75 0
62.76 0
62.77 0
62.78 0
62.79 0
62.8 0
62.81 0
62.82 0
62.83 0
62.84 0
62.85 0
62.86 0
62.87 0
62.88 0
62.89 0
62.9 0
62.91 0
62.92 0
62.93 0
62.94 0
62.95 0
62.96 0
62.97 0
62.98 0
62.99 0
