0 0
0.01 0
0.02 0
0.03 0
0.04 0
0.05 0
0.06 0
0.07 0
0.08 0
0.09 0
0.1 0
0.11 0
0.12 0
0.13 0
0.14 0
0.15 0
0.16 0
0.17 0
0.18 0
0.19 0
0.2 0
0.21 0
0.22 0
0.23 0
0.24 5
0.25 45
0.26 81
0.27 41
0.28 28
0.29 28
0.3 28
0.31 28
0.32 13
0.33 0
0.34 0
0.35 0
0.36 16
0.37 16
0.38 16
0.39 16
0.4 10
0.41 0
0.42 0
0.43 0
0.44 0
0.45 0
0.46 0
0.47 0
0.48 0
0.49 0
0.5 0
0.51 0
0.52 0
0.53 0
0.54 0
0.55 0
0.56 1
0.57 1
0.58 3
0.59 4
0.6 4
0.61 5
0.62 6
0.63 7
0.64 7
0.65 9
0.66 10
0.67 10
0.68 11
0.69 12
0.7 13
0.71 13
0.72 14
0.73 16
0.74 16
0.75 16
0.76 17
0.77 19
0.78 19
0.79 19
0.8 16
0.81 15
0.82 15
0.83 15
0.84 8
0.85 0
0.86 0
0.87 0
0.88 0
0.89 0
0.9 0
0.91 0
0.92 0
0.93 0
0.94 0
0.95 0
0.96 0
0.97 0
0.98 0
0.99 0
1 0
1.01 0
1.02 0
1.03 0
1.04 0
1.05 0
1.06 0
1.07 0
1.08 0
1.09 0
1.1 0
1.11 0
1.12 0
1.13 0
1.14 0
1.15 0
1.16 0
1.17 0
1.18 0
1.19 0
1.2 0
1.21 0
1.22 0
1.23 0
1.24 0
1.25 0
1.26 0
1.27 0
1.28 0
1.29 0
1.3 0
1.31 0
1.32 0
1.33 0
1.34 0
1.35 0
1.36 0
1.37 0
1.38 0
1.39 2
1.4 2
1.41 3
1.42 5
1.43 7
1.44 8
1.45 9
1.46 13
1.47 13
1.48 14
1.49 18
1.5 23
1.51 23
1.52 25
1.53 30
1.54 23
1.55 18
1.56 18
1.57 18
1.58 15
1.59 0
1.6 0
1.61 0
1.62 0
1.63 0
1.64 0
1.65 0
1.66 0
1.67 0
1.68 0
1.69 0
1.7 0
1.71 0
1.72 0
1.73 0
1.74 0
1.75 0
1.76 0
1.77 0
1.78 0
1.79 0
1.8 0
1.81 0
1.82 0
1.83 0
1.84 0
1.85 0
1.86 0
1.87 0
1.88 0
1.89 0
1.9 0
1.91 0
1.92 0
1.93 0
1.94 0
1.95 0
1.96 0
1.97 0
1.98 0
1.99 0
2 0
2.01 1
2.02 1
2.03 1
2.04 4
2.05 5
2.06 5
2.07 6
2.08 8
2.09 9
2.1 10
2.11 11
2.12 13
2.13 13
2.14 14
2.15 16
2.16 17
2.17 17
2.18 18
2.19 19
2.2 21
2.21 22
2.22 22
2.23 16
2.24 16
2.25 16
2.26 16
2.27 4
2.28 0
2.29 0
2.3 0
2.31 0
2.32 0
2.33 0
2.34 0
2.35 0
2.36 0
2.37 0
2.38 0
2.39 0
2.4 0
2.41 0
2.42 0
2.43 0
2.44 0
2.45 0
2.46 0
2.47 0
2.48 0
2.49 0
2.5 0
2.51 0
2.52 0
2.53 0
2.54 0
2.55 0
2.56 0
2.57 0
2.58 0
2.59 0
2.6 0
2.61 0
2.62 0
2.63 0
2.64 0
2.65 0
2.66 0
2.67 0
2.68 0
2.69 0
2.7 1
2.71 1
2.72 1
2.73 4
2.74 5
2.75 5
2.76 8
2.77 8
2.78 9
2.79 9
2.8 11
2.81 13
2.82 13
2.83 13
2.84 15
2.85 16
2.86 17
2.87 19
2.88 19
2.89 21
2.9 21
2.91 22
2.92 16
2.93 16
2.94 16
2.95 16
2.96 5
2.97 0
2.98 0
2.99 0
3 0
3.01 0
3.02 0
3.03 0
3.04 0
3.05 0
3.06 0
3.07 0
3.08 0
3.09 0
3.1 0
3.11 0
3.12 0
3.13 0
3.14 0
3.15 0
3.16 0
3.17 0
3.18 0
3.19 0
3.2 0
3.21 0
3.22 0
3.23 0
3.24 0
3.25 0
3.26 0
3.27 0
3.28 0
3.29 0
3.3 0
3.31 0
3.32 0
3.33 0
3.34 0
3.35 0
3.36 0
3.37 0
3.38 0
3.39 0
3.4 1
3.41 3
3.42 4
3.43 4
3.44 5
3.45 7
3.46 8
3.47 9
3.48 12
3.49 12
3.5 12
3.51 13
3.52 15
3.53 16
3.54 17
3.55 18
3.56 20
3.57 20
3.58 21
3.59 22
3.6 16
3.61 16
3.62 16
3.63 16
3.64 9
3.65 9
3.66 0
3.67 0
3.68 0
3.69 0
3.7 0
3.71 0
3.72 0
3.73 0
3.74 0
3.75 0
3.76 0
3.77 0
3.78 0
3.79 0
3.8 0
3.81 0
3.82 0
3.83 0
3.84 0
3.85 0
3.86 0
3.87 0
3.88 0
3.89 0
3.9 0
3.91 0
3.92 0
3.93 0
3.94 0
3.95 0
3.96 0
3.97 0
3.98 2
3.99 3
4 3
4.01 5
4.02 7
4.03 7
4.04 9
4.05 10
4.06 11
4.07 12
4.08 12
4.09 15
4.1 15
4.11 16
4.12 17
4.13 18
4.14 18
4.15 19
4.16 20
4.17 22
4.18 16
4.19 16
4.2 17
4.21 16
4.22 16
4.23 3
4.24 1
4.25 0
4.26 0
4.27 0
4.28 0
4.29 0
4.3 0
4.31 0
4.32 0
4.33 0
4.34 0
4.35 0
4.36 0
4.37 0
4.38 0
4.39 0
4.4 0
4.41 0
4.42 0
4.43 0
4.44 0
4.45 0
4.46 0
4.47 0
4.48 0
4.49 1
4.5 2
4.51 2
4.52 4
4.53 6
4.54 6
4.55 7
4.56 9
4.57 10
4.58 10
4.59 13
4.6 14
4.61 14
4.62 14
4.63 16
4.64 18
4.65 18
4.66 19
4.67 20
4.68 22
4.69 22
4.7 16
4.71 16
4.72 17
4.73 16
4.74 3
4.75 0
4.76 0
4.77 0
4.78 0
4.79 0
4.8 0
4.81 0
4.82 0
4.83 0
4.84 0
4.85 0
4.86 0
4.87 0
4.88 0
4.89 0
4.9 0
4.91 0
4.92 0
4.93 0
4.94 0
4.95 0
4.96 0
4.97 0
4.98 0
4.99 0
5 0
5.01 0
5.02 0
5.03 0
5.04 0
5.05 0
5.06 0
5.07 0
5.08 0
5.09 0
5.1 0
5.11 0
5.12 0
5.13 0
5.14 0
5.15 0
5.16 0
5.17 0
5.18 1
5.19 2
5.2 3
5.21 4
5.22 6
5.23 8
5.24 8
5.25 10
5.26 10
5.27 11
5.28 12
5.29 14
5.3 15
5.31 16
5.32 17
5.33 18
5.34 19
5.35 20
5.36 21
5.37 22
5.38 16
5.39 16
5.4 16
5.41 16
5.42 7
5.43 7
5.44 2
5.45 0
5.46 0
5.47 0
5.48 0
5.49 0
5.5 0
5.51 0
5.52 0
5.53 0
5.54 0
5.55 0
5.56 0
5.57 0
5.58 0
5.59 0
5.6 0
5.61 0
5.62 0
5.63 0
5.64 0
5.65 0
5.66 0
5.67 0
5.68 0
5.69 0
5.7 0
5.71 0
5.72 0
5.73 0
5.74 0
5.75 0
5.76 0
5.77 0
5.78 0
5.79 0
5.8 0
5.81 0
5.82 0
5.83 0
5.84 0
5.85 0
5.86 0
5.87 1
5.88 2
5.89 2
5.9 4
5.91 5
5.92 6
5.93 7
5.94 8
5.95 9
5.96 10
5.97 12
5.98 12
5.99 13
6 14
6.01 17
6.02 17
6.03 17
6.04 19
6.05 20
6.06 21
6.07 22
6.08 16
6.09 16
6.1 16
6.11 16
6.12 9
6.13 0
6.14 0
6.15 0
6.16 0
6.17 0
6.18 0
6.19 0
6.2 0
6.21 0
6.22 0
6.23 0
6.24 0
6.25 0
6.26 0
6.27 0
6.28 0
6.29 0
6.3 0
6.31 0
6.32 0
6.33 0
6.34 0
6.35 0
6.36 0
6.37 0
6.38 0
6.39 0
6.4 0
6.41 0
6.42 0
6.43 0
6.44 0
6.45 0
6.46 0
6.47 0
6.48 0
6.49 0
6.5 0
6.51 0
6.52 0
6.53 0
6.54 0
6.55 0
6.56 1
6.57 2
6.58 2
6.59 4
6.6 5
6.61 6
6.62 7
6.63 9
6.64 10
6.65 10
6.66 11
6.67 13
6.68 14
6.69 15
6.7 16
6.71 18
6.72 18
6.73 19
6.74 20
6.75 21
6.76 22
6.77 16
6.78 16
6.79 16
6.8 16
6.81 14
6.82 4
6.83 0
6.84 0
6.85 0
6.86 0
6.87 0
6.88 0
6.89 0
6.9 0
6.91 0
6.92 0
6.93 0
6.94 0
6.95 0
6.96 0
6.97 0
6.98 0
6.99 0
7 0
7.01 0
7.02 0
7.03 0
7.04 0
7.05 0
7.06 0
7.07 0
7.08 0
7.09 0
7.1 0
7.11 0
7.12 0
7.13 0
7.14 0
7.15 1
7.16 3
7.17 3
7.18 4
7.19 6
7.2 7
7.21 8
7.22 10
7.23 11
7.24 11
7.25 12
7.26 14
7.27 14
7.28 16
7.29 17
7.3 18
7.31 19
7.32 20
7.33 22
7.34 22
7.35 16
7.36 16
7.37 16
7.38 16
7.39 11
7.4 9
7.41 0
7.42 0
7.43 0
7.44 0
7.45 0
7.46 0
7.47 0
7.48 0
7.49 0
7.5 0
7.51 0
7.52 0
7.53 0
7.54 0
7.55 0
7.56 0
7.57 0
7.58 0
7.59 0
7.6 0
7.61 0
7.62 0
7.63 0
7.64 0
7.65 0
7.66 0
7.67 0
7.68 0
7.69 0
7.7 0
7.71 0
7.72 0
7.73 1
7.74 2
7.75 3
7.76 4
7.77 5
7.78 7
7.79 7
7.8 8
7.81 10
7.82 11
7.83 11
7.84 13
7.85 15
7.86 15
7.87 16
7.88 17
7.89 19
7.9 19
7.91 20
7.92 21
7.93 23
7.94 16
7.95 16
7.96 16
7.97 16
7.98 0
7.99 0
8 0
8.01 0
8.02 0
8.03 0
8.04 0
8.05 0
8.06 0
8.07 0
8.08 0
8.09 0
8.1 0
8.11 0
8.12 0
8.13 0
8.14 0
8.15 0
8.16 0
8.17 0
8.18 0
8.19 0
8.2 0
8.21 0
8.22 0
8.23 0
8.24 0
8.25 0
8.26 0
8.27 0
8.28 0
8.29 0
8.3 0
8.31 0
8.32 0
8.33 0
8.34 0
8.35 0
8.36 0
8.37 0
8.38 0
8.39 0
8.4 0
8.41 0
8.42 0
8.43 3
8.44 4
8.45 4
8.46 6
8.47 7
8.48 8
8.49 9
8.5 10
8.51 11
8.52 12
8.53 13
8.54 14
8.55 16
8.56 16
8.57 16
8.58 17
8.59 20
8.6 20
8.61 20
8.62 22
8.63 16
8.64 16
8.65 16
8.66 16
8.67 12
8.68 4
8.69 0
8.7 0
8.71 0
8.72 0
8.73 0
8.74 0
8.75 0
8.76 0
8.77 0
8.78 0
8.79 0
8.8 0
8.81 0
8.82 0
8.83 0
8.84 0
8.85 0
8.86 0
8.87 0
8.88 0
8.89 0
8.9 0
8.91 0
8.92 0
8.93 0
8.94 0
8.95 0
8.96 0
8.97 0
8.98 0
8.99 0
9 0
9.01 1
9.02 3
9.03 4
9.04 4
9.05 5
9.06 6
9.07 8
9.08 8
9.09 10
9.1 12
9.11 12
9.12 13
9.13 14
9.14 16
9.15 16
9.16 18
9.17 19
9.18 20
9.19 21
9.2 22
9.21 18
9.22 16
9.23 16
9.24 16
9.25 15
9.26 8
9.27 8
9.28 0
9.29 0
9.3 0
9.31 0
9.32 0
9.33 0
9.34 0
9.35 0
9.36 0
9.37 0
9.38 0
9.39 0
9.4 0
9.41 0
9.42 0
9.43 0
9.44 0
9.45 0
9.46 0
9.47 0
9.48 0
9.49 0
9.5 0
9.51 0
9.52 0
9.53 0
9.54 0
9.55 0
9.56 0
9.57 0
9.58 0
9.59 0
9.6 0
9.61 1
9.62 2
9.63 3
9.64 5
9.65 5
9.66 7
9.67 8
9.68 9
9.69 9
9.7 11
9.71 13
9.72 13
9.73 15
9.74 16
9.75 17
9.76 17
9.77 18
9.78 19
9.79 21
9.8 21
9.81 22
9.82 17
9.83 16
9.84 16
9.85 16
9.86 10
9.87 0
9.88 0
9.89 0
9.9 0
9.91 0
9.92 0
9.93 0
9.94 0
9.95 0
9.96 0
9.97 0
9.98 0
9.99 0
10 0
10.01 0
10.02 0
10.03 0
10.04 0
10.05 0
10.06 0
10.07 0
10.08 0
10.09 0
10.1 0
10.11 0
10.12 0
10.13 0
10.14 0
10.15 0
10.16 0
10.17 0
10.18 0
10.19 0
10.2 0
10.21 0
10.22 0
10.23 0
10.24 0
10.25 0
10.26 0
10.27 0
10.28 0
10.29 2
10.3 1
10.31 2
10.32 4
10.33 5
10.34 5
10.35 7
10.36 9
10.37 9
10.38 10
10.39 12
10.4 13
10.41 13
10.42 15
10.43 16
10.44 17
10.45 17
10.46 19
10.47 19
10.48 21
10.49 21
10.5 17
10.51 17
10.52 16
10.53 16
10.54 13
10.55 0
10.56 0
10.57 0
10.58 0
10.59 0
10.6 0
10.61 0
10.62 0
10.63 0
10.64 0
10.65 0
10.66 0
10.67 0
10.68 0
10.69 0
10.7 0
10.71 0
10.72 0
10.73 0
10.74 0
10.75 0
10.76 0
10.77 0
10.78 0
10.79 0
10.8 0
10.81 0
10.82 0
10.83 0
10.84 0
10.85 0
10.86 0
10.87 0
10.88 0
10.89 0
10.9 0
10.91 0
10.92 0
10.93 0
10.94 0
10.95 0
10.96 0
10.97 0
10.98 3
10.99 3
11 3
11.01 4
11.02 6
11.03 7
11.04 8
11.05 10
11.06 10
11.07 12
11.08 11
11.09 12
11.1 15
11.11 15
11.12 16
11.13 18
11.14 19
11.15 19
11.16 20
11.17 22
11.18 23
11.19 16
11.2 16
11.21 16
11.22 16
11.23 16
11.24 4
11.25 0
11.26 0
11.27 0
11.28 0
11.29 0
11.3 0
11.31 0
11.32 0
11.33 0
11.34 0
11.35 0
11.36 0
11.37 0
11.38 0
11.39 0
11.4 0
11.41 0
11.42 0
11.43 0
11.44 0
11.45 0
11.46 0
11.47 0
11.48 0
11.49 0
11.5 0
11.51 0
11.52 0
11.53 0
11.54 0
11.55 1
11.56 2
11.57 4
11.58 5
11.59 6
11.6 6
11.61 7
11.62 8
11.63 10
11.64 11
11.65 12
11.66 13
11.67 14
11.68 15
11.69 16
11.7 17
11.71 18
11.72 20
11.73 21
11.74 22
11.75 22
11.76 16
11.77 16
11.78 16
11.79 16
11.8 4
11.81 0
11.82 0
11.83 0
11.84 0
11.85 0
11.86 0
11.87 0
11.88 0
11.89 0
11.9 0
11.91 0
11.92 0
11.93 0
11.94 0
11.95 0
11.96 0
11.97 0
11.98 0
11.99 0
12 0
12.01 0
12.02 0
12.03 0
12.04 0
12.05 0
12.06 0
12.07 1
12.08 4
12.09 4
12.1 5
12.11 6
12.12 8
12.13 8
12.14 9
12.15 9
12.16 11
12.17 12
12.18 13
12.19 14
12.2 15
12.21 17
12.22 17
12.23 18
12.24 20
12.25 21
12.26 21
12.27 16
12.28 16
12.29 16
12.3 16
12.31 10
12.32 7
12.33 0
12.34 0
12.35 0
12.36 0
12.37 0
12.38 0
12.39 0
12.4 0
12.41 0
12.42 0
12.43 0
12.44 0
12.45 0
12.46 0
12.47 0
12.48 0
12.49 0
12.5 0
12.51 0
12.52 0
12.53 0
12.54 0
12.55 0
12.56 0
12.57 0
12.58 0
12.59 0
12.6 0
12.61 0
12.62 0
12.63 0
12.64 0
12.65 0
12.66 0
12.67 0
12.68 0
12.69 0
12.7 0
12.71 0
12.72 0
12.73 0
12.74 0
12.75 0
12.76 0
12.77 1
12.78 2
12.79 4
12.8 5
12.81 6
12.82 7
12.83 8
12.84 9
12.85 10
12.86 12
12.87 13
12.88 14
12.89 14
12.9 16
12.91 17
12.92 18
12.93 18
12.94 19
12.95 21
12.96 22
12.97 21
12.98 17
12.99 16
13 16
13.01 13
13.02 7
13.03 0
13.04 0
13.05 0
13.06 0
13.07 0
13.08 0
13.09 0
13.1 0
13.11 0
13.12 0
13.13 0
13.14 0
13.15 0
13.16 0
13.17 0
13.18 0
13.19 0
13.2 0
13.21 0
13.22 0
13.23 0
13.24 1
13.25 2
13.26 4
13.27 5
13.28 6
13.29 7
13.3 8
13.31 9
13.32 9
13.33 11
13.34 13
13.35 13
13.36 14
13.37 15
13.38 17
13.39 17
13.4 18
13.41 19
13.42 20
13.43 21
13.44 22
13.45 16
13.46 16
13.47 16
13.48 14
13.49 7
13.5 0
13.51 0
13.52 0
13.53 0
13.54 0
13.55 0
13.56 0
13.57 0
13.58 0
13.59 0
13.6 0
13.61 0
13.62 0
13.63 0
13.64 0
13.65 0
13.66 0
13.67 0
13.68 0
13.69 0
13.7 0
13.71 0
13.72 0
13.73 0
13.74 0
13.75 0
13.76 0
13.77 0
13.78 0
13.79 0
13.8 0
13.81 0
13.82 0
13.83 0
13.84 0
13.85 0
13.86 0
13.87 0
13.88 0
13.89 0
13.9 0
13.91 0
13.92 0
13.93 1
13.94 1
13.95 2
13.96 4
13.97 5
13.98 6
13.99 7
14 9
14.01 9
14.02 11
14.03 11
14.04 12
14.05 13
14.06 15
14.07 16
14.08 16
14.09 17
14.1 19
14.11 20
14.12 21
14.13 22
14.14 16
14.15 16
14.16 16
14.17 16
14.18 8
14.19 0
14.2 0
14.21 0
14.22 0
14.23 0
14.24 0
14.25 0
14.26 0
14.27 0
14.28 0
14.29 0
14.3 0
14.31 0
14.32 0
14.33 0
14.34 0
14.35 0
14.36 0
14.37 0
14.38 0
14.39 0
14.4 0
14.41 0
14.42 0
14.43 0
14.44 0
14.45 0
14.46 0
14.47 0
14.48 0
14.49 0
14.5 0
14.51 0
14.52 0
14.53 0
14.54 0
14.55 0
14.56 0
14.57 0
14.58 0
14.59 0
14.6 0
14.61 0
14.62 0
14.63 1
14.64 2
14.65 4
14.66 5
14.67 6
14.68 7
14.69 8
14.7 10
14.71 10
14.72 12
14.73 13
14.74 14
14.75 15
14.76 16
14.77 17
14.78 18
14.79 19
14.8 20
14.81 22
14.82 22
14.83 16
14.84 16
14.85 16
14.86 16
14.87 15
14.88 9
14.89 0
14.9 0
14.91 0
14.92 0
14.93 0
14.94 0
14.95 0
14.96 0
14.97 0
14.98 0
14.99 0
15 0
15.01 0
15.02 0
15.03 0
15.04 0
15.05 0
15.06 0
15.07 0
15.08 0
15.09 0
15.1 0
15.11 0
15.12 0
15.13 0
15.14 0
15.15 0
15.16 0
15.17 0
15.18 0
15.19 0
15.2 0
15.21 0
15.22 0
15.23 0
15.24 0
15.25 0
15.26 0
15.27 0
15.28 0
15.29 0
15.3 0
15.31 0
15.32 2
15.33 3
15.34 4
15.35 5
15.36 7
15.37 8
15.38 8
15.39 10
15.4 11
15.41 12
15.42 12
15.43 14
15.44 16
15.45 16
15.46 17
15.47 18
15.48 19
15.49 20
15.5 21
15.51 22
15.52 16
15.53 16
15.54 16
15.55 16
15.56 10
15.57 0
15.58 0
15.59 0
15.6 0
15.61 0
15.62 0
15.63 0
15.64 0
15.65 0
15.66 0
15.67 0
15.68 0
15.69 0
15.7 0
15.71 0
15.72 0
15.73 0
15.74 0
15.75 0
15.76 0
15.77 0
15.78 0
15.79 0
15.8 0
15.81 0
15.82 0
15.83 0
15.84 0
15.85 0
15.86 0
15.87 0
15.88 0
15.89 2
15.9 2
15.91 3
15.92 5
15.93 6
15.94 7
15.95 8
15.96 10
15.97 11
15.98 11
15.99 13
16 14
16.01 15
16.02 16
16.03 18
16.04 18
16.05 19
16.06 20
16.07 22
16.08 22
16.09 16
16.1 16
16.11 16
16.12 16
16.13 2
16.14 0
16.15 0
16.16 0
16.17 0
16.18 0
16.19 0
16.2 0
16.21 0
16.22 0
16.23 0
16.24 0
16.25 0
16.26 0
16.27 0
16.28 0
16.29 0
16.3 0
16.31 0
16.32 0
16.33 0
16.34 0
16.35 0
16.36 0
16.37 0
16.38 0
16.39 0
16.4 0
16.41 0
16.42 0
16.43 0
16.44 0
16.45 0
16.46 0
16.47 0
16.48 0
16.49 0
16.5 0
16.51 0
16.52 0
16.53 0
16.54 0
16.55 0
16.56 0
16.57 0
16.58 1
16.59 3
16.6 4
16.61 5
16.62 6
16.63 8
16.64 8
16.65 10
16.66 11
16.67 12
16.68 13
16.69 14
16.7 15
16.71 16
16.72 16
16.73 18
16.74 20
16.75 20
16.76 21
16.77 22
16.78 16
16.79 16
16.8 16
16.81 16
16.82 12
16.83 0
16.84 0
16.85 0
16.86 0
16.87 0
16.88 0
16.89 0
16.9 0
16.91 0
16.92 0
16.93 0
16.94 0
16.95 0
16.96 0
16.97 0
16.98 0
16.99 0
17 0
17.01 0
17.02 0
17.03 0
17.04 0
17.05 0
17.06 0
17.07 0
17.08 0
17.09 0
17.1 0
17.11 0
17.12 0
17.13 0
17.14 0
17.15 0
17.16 0
17.17 0
17.18 0
17.19 0
17.2 0
17.21 0
17.22 0
17.23 0
17.24 0
17.25 0
17.26 1
17.27 2
17.28 3
17.29 3
17.3 5
17.31 6
17.32 6
17.33 8
17.34 10
17.35 10
17.36 11
17.37 13
17.38 14
17.39 14
17.4 16
17.41 18
17.42 18
17.43 18
17.44 19
17.45 22
17.46 22
17.47 16
17.48 16
17.49 16
17.5 16
17.51 6
17.52 0
17.53 0
17.54 0
17.55 0
17.56 0
17.57 0
17.58 0
17.59 0
17.6 0
17.61 0
17.62 0
17.63 0
17.64 0
17.65 0
17.66 0
17.67 0
17.68 0
17.69 0
17.7 0
17.71 0
17.72 0
17.73 0
17.74 0
17.75 0
17.76 0
17.77 0
17.78 0
17.79 0
17.8 0
17.81 0
17.82 0
17.83 2
17.84 3
17.85 4
17.86 6
17.87 7
17.88 9
17.89 9
17.9 10
17.91 11
17.92 12
17.93 13
17.94 15
17.95 15
17.96 15
17.97 16
17.98 18
17.99 19
18 19
18.01 21
18.02 22
18.03 16
18.04 16
18.05 16
18.06 16
18.07 2
18.08 0
18.09 0
18.1 0
18.11 0
18.12 0
18.13 0
18.14 0
18.15 0
18.16 0
18.17 0
18.18 0
18.19 0
18.2 0
18.21 0
18.22 0
18.23 0
18.24 0
18.25 0
18.26 0
18.27 0
18.28 0
18.29 0
18.3 0
18.31 0
18.32 0
18.33 0
18.34 0
18.35 0
18.36 0
18.37 0
18.38 0
18.39 0
18.4 0
18.41 0
18.42 0
18.43 0
18.44 0
18.45 0
18.46 0
18.47 0
18.48 0
18.49 0
18.5 1
18.51 1
18.52 1
18.53 4
18.54 5
18.55 5
18.56 6
18.57 8
18.58 9
18.59 9
18.6 10
18.61 13
18.62 13
18.63 13
18.64 15
18.65 17
18.66 18
18.67 18
18.68 20
18.69 21
18.7 21
18.71 22
18.72 16
18.73 16
18.74 16
18.75 16
18.76 1
18.77 0
18.78 0
18.79 0
18.8 0
18.81 0
18.82 0
18.83 0
18.84 0
18.85 0
18.86 0
18.87 0
18.88 0
18.89 0
18.9 0
18.91 0
18.92 0
18.93 0
18.94 0
18.95 0
18.96 0
18.97 0
18.98 0
18.99 0
19 0
19.01 0
19.02 0
19.03 0
19.04 0
19.05 0
19.06 0
19.07 0
19.08 0
19.09 0
19.1 0
19.11 0
19.12 0
19.13 0
19.14 0
19.15 0
19.16 0
19.17 0
19.18 0
19.19 1
19.2 2
19.21 2
19.22 4
19.23 4
19.24 6
19.25 7
19.26 8
19.27 8
19.28 10
19.29 12
19.3 12
19.31 13
19.32 15
19.33 16
19.34 16
19.35 17
19.36 20
19.37 20
19.38 21
19.39 22
19.4 16
19.41 16
19.42 16
19.43 16
19.44 12
19.45 11
19.46 0
19.47 0
19.48 0
19.49 0
19.5 0
19.51 0
19.52 0
19.53 0
19.54 0
19.55 0
19.56 0
19.57 0
19.58 0
19.59 0
19.6 0
19.61 0
19.62 0
19.63 0
19.64 0
19.65 0
19.66 0
19.67 0
19.68 0
19.69 0
19.7 0
19.71 0
19.72 0
19.73 0
19.74 0
19.75 0
19.76 0
19.77 2
19.78 3
19.79 4
19.8 5
19.81 6
19.82 8
19.83 9
19.84 10
19.85 10
19.86 12
19.87 13
19.88 14
19.89 16
19.9 16
19.91 18
19.92 18
19.93 20
19.94 21
19.95 22
19.96 22
19.97 16
19.98 16
19.99 16
20 16
20.01 15
20.02 12
20.03 0
20.04 0
20.05 0
20.06 0
20.07 0
20.08 0
20.09 0
20.1 0
20.11 0
20.12 0
20.13 0
20.14 0
20.15 0
20.16 0
20.17 0
20.18 0
20.19 0
20.2 0
20.21 0
20.22 0
20.23 0
20.24 0
20.25 0
20.26 0
20.27 0
20.28 0
20.29 0
20.3 0
20.31 0
20.32 0
20.33 0
20.34 0
20.35 0
20.36 0
20.37 0
20.38 0
20.39 0
20.4 0
20.41 0
20.42 0
20.43 0
20.44 0
20.45 0
20.46 1
20.47 3
20.48 3
20.49 4
20.5 6
20.51 7
20.52 8
20.53 9
20.54 11
20.55 12
20.56 13
20.57 14
20.58 15
20.59 16
20.6 16
20.61 19
20.62 19
20.63 20
20.64 20
20.65 23
20.66 17
20.67 16
20.68 16
20.69 16
20.7 3
20.71 2
20.72 0
20.73 0
20.74 0
20.75 0
20.76 0
20.77 0
20.78 0
20.79 0
20.8 0
20.81 0
20.82 0
20.83 0
20.84 0
20.85 0
20.86 0
20.87 0
20.88 0
20.89 0
20.9 0
20.91 0
20.92 0
20.93 0
20.94 0
20.95 0
20.96 0
20.97 0
20.98 0
20.99 0
21 0
21.01 0
21.02 0
21.03 0
21.04 0
21.05 1
21.06 3
21.07 4
21.08 5
21.09 6
21.1 7
21.11 8
21.12 9
21.13 10
21.14 12
21.15 13
21.16 13
21.17 14
21.18 16
21.19 18
21.2 18
21.21 19
21.22 20
21.23 21
21.24 22
21.25 16
21.26 16
21.27 16
21.28 16
21.29 8
21.3 5
21.31 0
21.32 0
21.33 0
21.34 0
21.35 0
21.36 0
21.37 0
21.38 0
21.39 0
21.4 0
21.41 0
21.42 0
21.43 0
21.44 0
21.45 0
21.46 0
21.47 0
21.48 0
21.49 0
21.5 0
21.51 0
21.52 0
21.53 0
21.54 0
21.55 0
21.56 0
21.57 0
21.58 0
21.59 0
21.6 0
21.61 0
21.62 2
21.63 3
21.64 4
21.65 5
21.66 6
21.67 7
21.68 8
21.69 9
21.7 11
21.71 12
21.72 13
21.73 13
21.74 15
21.75 16
21.76 17
21.77 19
21.78 20
21.79 20
21.8 21
21.81 23
21.82 16
21.83 16
21.84 16
21.85 16
21.86 9
21.87 6
21.88 0
21.89 0
21.9 0
21.91 0
21.92 0
21.93 0
21.94 0
21.95 0
21.96 0
21.97 0
21.98 0
21.99 0
22 0
22.01 0
22.02 0
22.03 0
22.04 0
22.05 0
22.06 0
22.07 0
22.08 0
22.09 0
22.1 0
22.11 0
22.12 0
22.13 0
22.14 0
22.15 0
22.16 0
22.17 0
22.18 0
22.19 0
22.2 0
22.21 0
22.22 0
22.23 0
22.24 0
22.25 0
22.26 0
22.27 0
22.28 0
22.29 0
22.3 0
22.31 2
22.32 3
22.33 4
22.34 5
22.35 6
22.36 6
22.37 8
22.38 10
22.39 10
22.4 11
22.41 13
22.42 14
22.43 14
22.44 16
22.45 18
22.46 18
22.47 19
22.48 20
22.49 21
22.5 21
22.51 17
22.52 16
22.53 16
22.54 16
22.55 14
22.56 0
22.57 0
22.58 0
22.59 0
22.6 0
22.61 0
22.62 0
22.63 0
22.64 0
22.65 0
22.66 0
22.67 0
22.68 0
22.69 0
22.7 0
22.71 0
22.72 0
22.73 0
22.74 0
22.75 0
22.76 0
22.77 0
22.78 0
22.79 0
22.8 0
22.81 0
22.82 0
22.83 0
22.84 0
22.85 0
22.86 0
22.87 0
22.88 0
22.89 0
22.9 0
22.91 0
22.92 0
22.93 0
22.94 0
22.95 0
22.96 0
22.97 0
22.98 0
22.99 1
23 2
23.01 4
23.02 5
23.03 6
23.04 7
23.05 8
23.06 9
23.07 10
23.08 11
23.09 13
23.1 14
23.11 15
23.12 16
23.13 17
23.14 18
23.15 18
23.16 20
23.17 21
23.18 21
23.19 17
23.2 17
23.21 16
23.22 16
23.23 9
23.24 2
23.25 0
23.26 0
23.27 0
23.28 0
23.29 0
23.3 0
23.31 0
23.32 0
23.33 0
23.34 0
23.35 0
23.36 0
23.37 0
23.38 0
23.39 0
23.4 0
23.41 0
23.42 0
23.43 0
23.44 0
23.45 0
23.46 0
23.47 0
23.48 0
23.49 0
23.5 0
23.51 0
23.52 0
23.53 0
23.54 0
23.55 0
23.56 0
23.57 0
23.58 0
23.59 0
23.6 0
23.61 0
23.62 0
23.63 0
23.64 0
23.65 0
23.66 0
23.67 1
23.68 2
23.69 3
23.7 4
23.71 6
23.72 7
23.73 7
23.74 9
23.75 10
23.76 10
23.77 11
23.78 13
23.79 14
23.8 14
23.81 16
23.82 17
23.83 18
23.84 18
23.85 20
23.86 20
23.87 22
23.88 16
23.89 16
23.9 16
23.91 17
23.92 8
23.93 0
23.94 0
23.95 0
23.96 0
23.97 0
23.98 0
23.99 0
24 0
24.01 0
24.02 0
24.03 0
24.04 0
24.05 0
24.06 0
24.07 0
24.08 0
24.09 0
24.1 0
24.11 0
24.12 0
24.13 0
24.14 0
24.15 0
24.16 0
24.17 0
24.18 0
24.19 0
24.2 0
24.21 0
24.22 0
24.23 1
24.24 1
24.25 2
24.26 4
24.27 5
24.28 6
24.29 7
24.3 9
24.31 9
24.32 10
24.33 11
24.34 13
24.35 14
24.36 15
24.37 16
24.38 17
24.39 18
24.4 19
24.41 20
24.42 21
24.43 21
24.44 16
24.45 16
24.46 16
24.47 16
24.48 16
24.49 0
24.5 0
24.51 0
24.52 0
24.53 0
24.54 0
24.55 0
24.56 0
24.57 0
24.58 0
24.59 0
24.6 0
24.61 0
24.62 0
24.63 0
24.64 0
24.65 0
24.66 0
24.67 0
24.68 0
24.69 0
24.7 0
24.71 0
24.72 0
24.73 0
24.74 0
24.75 0
24.76 0
24.77 0
24.78 0
24.79 0
24.8 0
24.81 0
24.82 0
24.83 0
24.84 0
24.85 0
24.86 0
24.87 0
24.88 0
24.89 0
24.9 0
24.91 0
24.92 2
24.93 2
24.94 4
24.95 5
24.96 6
24.97 6
24.98 8
24.99 10
25 10
25.01 12
25.02 12
25.03 13
25.04 14
25.05 16
25.06 17
25.07 17
25.08 18
25.09 20
25.1 21
25.11 22
25.12 19
25.13 16
25.14 16
25.15 16
25.16 11
25.17 2
25.18 0
25.19 0
25.2 0
25.21 0
25.22 0
25.23 0
25.24 0
25.25 0
25.26 0
25.27 0
25.28 0
25.29 0
25.3 0
25.31 0
25.32 0
25.33 0
25.34 0
25.35 0
25.36 0
25.37 0
25.38 0
25.39 0
25.4 0
25.41 0
25.42 0
25.43 0
25.44 0
25.45 0
25.46 0
25.47 0
25.48 0
25.49 0
25.5 0
25.51 0
25.52 0
25.53 0
25.54 0
25.55 0
25.56 0
25.57 0
25.58 0
25.59 0
25.6 1
25.61 2
25.62 2
25.63 5
25.64 6
25.65 6
25.66 8
25.67 9
25.68 10
25.69 11
25.7 13
25.71 14
25.72 14
25.73 16
25.74 17
25.75 17
25.76 18
25.77 20
25.78 21
25.79 21
25.8 22
25.81 16
25.82 16
25.83 17
25.84 13
25.85 8
25.86 0
25.87 0
25.88 0
25.89 0
25.9 0
25.91 0
25.92 0
25.93 0
25.94 0
25.95 0
25.96 0
25.97 0
25.98 0
25.99 0
26 0
26.01 0
26.02 0
26.03 0
26.04 0
26.05 0
26.06 0
26.07 0
26.08 0
26.09 0
26.1 0
26.11 0
26.12 0
26.13 0
26.14 0
26.15 0
26.16 0
26.17 0
26.18 0
26.19 0
26.2 0
26.21 0
26.22 0
26.23 0
26.24 0
26.25 0
26.26 0
26.27 0
26.28 1
26.29 1
26.3 1
26.31 5
26.32 5
26.33 5
26.34 7
26.35 9
26.36 9
26.37 10
26.38 11
26.39 13
26.4 13
26.41 14
26.42 16
26.43 17
26.44 18
26.45 18
26.46 20
26.47 21
26.48 21
26.49 21
26.5 16
26.51 16
26.52 16
26.53 12
26.54 0
26.55 0
26.56 0
26.57 0
26.58 0
26.59 0
26.6 0
26.61 0
26.62 0
26.63 0
26.64 0
26.65 0
26.66 0
26.67 0
26.68 0
26.69 0
26.7 0
26.71 0
26.72 0
26.73 0
26.74 0
26.75 0
26.76 0
26.77 0
26.78 0
26.79 0
26.8 0
26.81 0
26.82 0
26.83 0
26.84 0
26.85 0
26.86 0
26.87 0
26.88 0
26.89 0
26.9 0
26.91 0
26.92 0
26.93 0
26.94 0
26.95 0
26.96 0
26.97 0
26.98 3
26.99 4
27 4
27.01 7
27.02 7
27.03 8
27.04 10
27.05 11
27.06 12
27.07 12
27.08 15
27.09 15
27.1 16
27.11 16
27.12 19
27.13 20
27.14 20
27.15 20
27.16 23
27.17 16
27.18 16
27.19 16
27.2 16
27.21 16
27.22 17
27.23 13
27.24 0
27.25 0
27.26 0
27.27 0
27.28 0
27.29 0
27.3 0
27.31 0
27.32 0
27.33 0
27.34 0
27.35 0
27.36 0
27.37 0
27.38 0
27.39 0
27.4 0
27.41 0
27.42 0
27.43 0
27.44 0
27.45 0
27.46 0
27.47 0
27.48 0
27.49 0
27.5 0
27.51 0
27.52 0
27.53 0
27.54 0
27.55 0
27.56 0
27.57 0
27.58 0
27.59 0
27.6 0
27.61 0
27.62 0
27.63 0
27.64 0
27.65 0
27.66 0
27.67 1
27.68 3
27.69 3
27.7 5
27.71 6
27.72 7
27.73 8
27.74 9
27.75 11
27.76 12
27.77 12
27.78 13
27.79 14
27.8 16
27.81 16
27.82 17
27.83 18
27.84 20
27.85 20
27.86 22
27.87 22
27.88 16
27.89 16
27.9 16
27.91 14
27.92 3
27.93 3
27.94 0
27.95 0
27.96 0
27.97 0
27.98 0
27.99 0
28 0
28.01 0
28.02 0
28.03 0
28.04 0
28.05 0
28.06 0
28.07 0
28.08 0
28.09 0
28.1 0
28.11 0
28.12 0
28.13 0
28.14 0
28.15 0
28.16 0
28.17 0
28.18 0
28.19 0
28.2 0
28.21 0
28.22 0
28.23 0
28.24 0
28.25 1
28.26 2
28.27 4
28.28 5
28.29 6
28.3 6
28.31 9
28.32 9
28.33 10
28.34 12
28.35 13
28.36 14
28.37 14
28.38 16
28.39 17
28.4 18
28.41 19
28.42 20
28.43 21
28.44 22
28.45 16
28.46 16
28.47 16
28.48 16
28.49 9
28.5 4
28.51 0
28.52 0
28.53 0
28.54 0
28.55 0
28.56 0
28.57 0
28.58 0
28.59 0
28.6 0
28.61 0
28.62 0
28.63 0
28.64 0
28.65 0
28.66 0
28.67 0
28.68 0
28.69 0
28.7 0
28.71 0
28.72 0
28.73 0
28.74 0
28.75 0
28.76 0
28.77 0
28.78 0
28.79 0
28.8 0
28.81 0
28.82 0
28.83 1
28.84 2
28.85 4
28.86 5
28.87 6
28.88 7
28.89 8
28.9 9
28.91 10
28.92 12
28.93 13
28.94 13
28.95 13
28.96 14
28.97 16
28.98 17
28.99 17
29 19
29.01 20
29.02 21
29.03 22
29.04 16
29.05 16
29.06 16
29.07 16
29.08 15
29.09 2
29.1 0
29.11 0
29.12 0
29.13 0
29.14 0
29.15 0
29.16 0
29.17 0
29.18 0
29.19 0
29.2 0
29.21 0
29.22 0
29.23 0
29.24 0
29.25 0
29.26 0
29.27 0
29.28 0
29.29 0
29.3 0
29.31 0
29.32 0
29.33 0
29.34 0
29.35 0
29.36 0
29.37 0
29.38 0
29.39 0
29.4 0
29.41 0
29.42 0
29.43 0
29.44 0
29.45 0
29.46 0
29.47 0
29.48 0
29.49 0
29.5 0
29.51 0
29.52 1
29.53 3
29.54 3
29.55 5
29.56 6
29.57 7
29.58 8
29.59 9
29.6 11
29.61 11
29.62 12
29.63 13
29.64 15
29.65 16
29.66 16
29.67 18
29.68 19
29.69 20
29.7 21
29.71 22
29.72 17
29.73 16
29.74 16
29.75 17
29.76 10
29.77 0
29.78 0
29.79 0
29.8 0
29.81 0
29.82 0
29.83 0
29.84 0
29.85 0
29.86 0
29.87 0
29.88 0
29.89 0
29.9 0
29.91 0
29.92 0
29.93 0
29.94 0
29.95 0
29.96 0
29.97 0
29.98 0
29.99 0
30 0
30.01 0
30.02 0
30.03 0
30.04 0
30.05 0
30.06 0
30.07 0
30.08 0
30.09 0
30.1 0
30.11 0
30.12 0
30.13 0
30.14 0
30.15 0
30.16 0
30.17 0
30.18 0
30.19 0
30.2 0
30.21 1
30.22 2
30.23 3
30.24 4
30.25 6
30.26 7
30.27 8
30.28 9
30.29 11
30.3 11
30.31 13
30.32 14
30.33 15
30.34 16
30.35 17
30.36 18
30.37 19
30.38 20
30.39 20
30.4 22
30.41 16
30.42 16
30.43 16
30.44 16
30.45 6
30.46 1
30.47 0
30.48 0
30.49 0
30.5 0
30.51 0
30.52 0
30.53 0
30.54 0
30.55 0
30.56 0
30.57 0
30.58 0
30.59 0
30.6 0
30.61 0
30.62 0
30.63 0
30.64 0
30.65 0
30.66 0
30.67 0
30.68 0
30.69 0
30.7 0
30.71 0
30.72 0
30.73 0
30.74 0
30.75 0
30.76 0
30.77 0
30.78 0
30.79 0
30.8 0
30.81 0
30.82 0
30.83 0
30.84 0
30.85 0
30.86 0
30.87 0
30.88 0
30.89 0
30.9 0
30.91 3
30.92 3
30.93 3
30.94 6
30.95 7
30.96 7
30.97 9
30.98 11
30.99 11
31 12
31.01 13
31.02 14
31.03 15
31.04 16
31.05 18
31.06 18
31.07 19
31.08 21
31.09 22
31.1 22
31.11 16
31.12 16
31.13 16
31.14 16
31.15 4
31.16 0
31.17 0
31.18 0
31.19 0
31.2 0
31.21 0
31.22 0
31.23 0
31.24 0
31.25 0
31.26 0
31.27 0
31.28 0
31.29 0
31.3 0
31.31 0
31.32 0
31.33 0
31.34 0
31.35 0
31.36 0
31.37 0
31.38 0
31.39 0
31.4 0
31.41 0
31.42 0
31.43 0
31.44 0
31.45 0
31.46 0
31.47 0
31.48 1
31.49 3
31.5 5
31.51 5
31.52 6
31.53 7
31.54 8
31.55 10
31.56 11
31.57 12
31.58 13
31.59 14
31.6 15
31.61 16
31.62 17
31.63 18
31.64 19
31.65 20
31.66 21
31.67 23
31.68 16
31.69 16
31.7 16
31.71 16
31.72 4
31.73 4
31.74 0
31.75 0
31.76 0
31.77 0
31.78 0
31.79 0
31.8 0
31.81 0
31.82 0
31.83 0
31.84 0
31.85 0
31.86 0
31.87 0
31.88 0
31.89 0
31.9 0
31.91 0
31.92 0
31.93 0
31.94 0
31.95 0
31.96 0
31.97 0
31.98 0
31.99 0
32 0
32.01 0
32.02 0
32.03 0
32.04 0
32.05 0
32.06 0
32.07 0
32.08 0
32.09 0
32.1 0
32.11 0
32.12 0
32.13 0
32.14 0
32.15 0
32.16 0
32.17 1
32.18 2
32.19 4
32.2 5
32.21 6
32.22 7
32.23 8
32.24 10
32.25 11
32.26 11
32.27 13
32.28 15
32.29 15
32.3 15
32.31 17
32.32 18
32.33 19
32.34 20
32.35 21
32.36 22
32.37 16
32.38 16
32.39 16
32.4 16
32.41 10
32.42 3
32.43 0
32.44 0
32.45 0
32.46 0
32.47 0
32.48 0
32.49 0
32.5 0
32.51 0
32.52 0
32.53 0
32.54 0
32.55 0
32.56 0
32.57 0
32.58 0
32.59 0
32.6 0
32.61 0
32.62 0
32.63 0
32.64 0
32.65 0
32.66 0
32.67 0
32.68 0
32.69 0
32.7 0
32.71 0
32.72 0
32.73 0
32.74 0
32.75 1
32.76 2
32.77 3
32.78 3
32.79 6
32.8 7
32.81 7
32.82 9
32.83 10
32.84 11
32.85 11
32.86 14
32.87 15
32.88 15
32.89 16
32.9 17
32.91 18
32.92 19
32.93 20
32.94 20
32.95 23
32.96 16
32.97 16
32.98 16
32.99 16
33 16
33.01 14
33.02 10
33.03 0
33.04 0
33.05 0
33.06 0
33.07 0
33.08 0
33.09 0
33.1 0
33.11 0
33.12 0
33.13 0
33.14 0
33.15 0
33.16 0
33.17 0
33.18 0
33.19 0
33.2 0
33.21 0
33.22 0
33.23 0
33.24 0
33.25 0
33.26 0
33.27 0
33.28 0
33.29 0
33.3 0
33.31 0
33.32 0
33.33 0
33.34 0
33.35 0
33.36 0
33.37 2
33.38 3
33.39 4
33.4 6
33.41 7
33.42 7
33.43 8
33.44 10
33.45 11
33.46 12
33.47 13
33.48 15
33.49 15
33.5 16
33.51 18
33.52 19
33.53 20
33.54 20
33.55 21
33.56 23
33.57 16
33.58 16
33.59 16
33.6 16
33.61 10
33.62 0
33.63 0
33.64 0
33.65 0
33.66 0
33.67 0
33.68 0
33.69 0
33.7 0
33.71 0
33.72 0
33.73 0
33.74 0
33.75 0
33.76 0
33.77 0
33.78 0
33.79 0
33.8 0
33.81 0
33.82 0
33.83 0
33.84 0
33.85 0
33.86 0
33.87 0
33.88 0
33.89 0
33.9 0
33.91 0
33.92 0
33.93 0
33.94 0
33.95 0
33.96 0
33.97 0
33.98 0
33.99 0
34 0
34.01 0
34.02 0
34.03 0
34.04 0
34.05 0
34.06 2
34.07 3
34.08 4
34.09 6
34.1 6
34.11 8
34.12 8
34.13 10
34.14 11
34.15 12
34.16 14
34.17 14
34.18 16
34.19 16
34.2 18
34.21 18
34.22 20
34.23 21
34.24 22
34.25 22
34.26 16
34.27 16
34.28 16
34.29 16
34.3 11
34.31 10
34.32 0
34.33 0
34.34 0
34.35 0
34.36 0
34.37 0
34.38 0
34.39 0
34.4 0
34.41 0
34.42 0
34.43 0
34.44 0
34.45 0
34.46 0
34.47 0
34.48 0
34.49 0
34.5 0
34.51 0
34.52 0
34.53 0
34.54 0
34.55 0
34.56 0
34.57 0
34.58 0
34.59 0
34.6 0
34.61 0
34.62 0
34.63 0
34.64 0
34.65 0
34.66 0
34.67 0
34.68 0
34.69 0
34.7 0
34.71 0
34.72 0
34.73 0
34.74 1
34.75 1
34.76 3
34.77 4
34.78 5
34.79 6
34.8 8
34.81 10
34.82 9
34.83 11
34.84 13
34.85 13
34.86 14
34.87 16
34.88 17
34.89 17
34.9 19
34.91 20
34.92 21
34.93 21
34.94 22
34.95 16
34.96 16
34.97 16
34.98 15
34.99 3
35 0
35.01 0
35.02 0
35.03 0
35.04 0
35.05 0
35.06 0
35.07 0
35.08 0
35.09 0
35.1 0
35.11 0
35.12 0
35.13 0
35.14 0
35.15 0
35.16 0
35.17 0
35.18 0
35.19 0
35.2 0
35.21 0
35.22 0
35.23 0
35.24 0
35.25 0
35.26 0
35.27 0
35.28 0
35.29 0
35.3 1
35.31 1
35.32 2
35.33 3
35.34 4
35.35 6
35.36 7
35.37 8
35.38 9
35.39 10
35.4 11
35.41 12
35.42 14
35.43 15
35.44 16
35.45 16
35.46 17
35.47 19
35.48 20
35.49 20
35.5 21
35.51 22
35.52 16
35.53 16
35.54 16
35.55 12
35.56 12
35.57 4
35.58 0
35.59 0
35.6 0
35.61 0
35.62 0
35.63 0
35.64 0
35.65 0
35.66 0
35.67 0
35.68 0
35.69 0
35.7 0
35.71 0
35.72 0
35.73 0
35.74 0
35.75 0
35.76 0
35.77 0
35.78 0
35.79 0
35.8 0
35.81 0
35.82 0
35.83 0
35.84 0
35.85 0
35.86 0
35.87 0
35.88 0
35.89 0
35.9 0
35.91 0
35.92 0
35.93 0
35.94 0
35.95 0
35.96 0
35.97 0
35.98 0
35.99 0
36 0
36.01 1
36.02 3
36.03 3
36.04 4
36.05 7
36.06 7
36.07 8
36.08 9
36.09 10
36.1 12
36.11 12
36.12 13
36.13 15
36.14 16
36.15 17
36.16 17
36.17 19
36.18 20
36.19 21
36.2 21
36.21 17
36.22 16
36.23 16
36.24 16
36.25 9
36.26 8
36.27 7
36.28 0
36.29 0
36.3 0
36.31 0
36.32 0
36.33 0
36.34 0
36.35 0
36.36 0
36.37 0
36.38 0
36.39 0
36.4 0
36.41 0
36.42 0
36.43 0
36.44 0
36.45 0
36.46 0
36.47 0
36.48 0
36.49 0
36.5 0
36.51 0
36.52 0
36.53 0
36.54 0
36.55 0
36.56 0
36.57 0
36.58 0
36.59 0
36.6 0
36.61 0
36.62 0
36.63 0
36.64 0
36.65 0
36.66 0
36.67 0
36.68 0
36.69 0
36.7 0
36.71 2
36.72 3
36.73 3
36.74 5
36.75 6
36.76 7
36.77 8
36.78 10
36.79 11
36.8 11
36.81 13
36.82 14
36.83 15
36.84 15
36.85 17
36.86 19
36.87 19
36.88 20
36.89 21
36.9 22
36.91 16
36.92 16
36.93 16
36.94 16
36.95 4
36.96 0
36.97 0
36.98 0
36.99 0
37 0
37.01 0
37.02 0
37.03 0
37.04 0
37.05 0
37.06 0
37.07 0
37.08 0
37.09 0
37.1 0
37.11 0
37.12 0
37.13 0
37.14 0
37.15 0
37.16 0
37.17 0
37.18 0
37.19 0
37.2 0
37.21 0
37.22 0
37.23 0
37.24 0
37.25 0
37.26 0
37.27 0
37.28 0
37.29 0
37.3 0
37.31 0
37.32 0
37.33 0
37.34 0
37.35 0
37.36 0
37.37 0
37.38 0
37.39 1
37.4 2
37.41 4
37.42 4
37.43 6
37.44 8
37.45 8
37.46 9
37.47 10
37.48 12
37.49 12
37.5 13
37.51 15
37.52 16
37.53 16
37.54 16
37.55 19
37.56 20
37.57 20
37.58 21
37.59 23
37.6 16
37.61 16
37.62 16
37.63 16
37.64 0
37.65 0
37.66 0
37.67 0
37.68 0
37.69 0
37.7 0
37.71 0
37.72 0
37.73 0
37.74 0
37.75 0
37.76 0
37.77 0
37.78 0
37.79 0
37.8 0
37.81 0
37.82 0
37.83 0
37.84 0
37.85 0
37.86 0
37.87 0
37.88 0
37.89 0
37.9 0
37.91 0
37.92 0
37.93 0
37.94 0
37.95 0
37.96 0
37.97 0
37.98 0
37.99 0
38 0
38.01 0
38.02 0
38.03 0
38.04 0
38.05 0
38.06 0
38.07 0
38.08 1
38.09 1
38.1 3
38.11 5
38.12 6
38.13 5
38.14 7
38.15 9
38.16 9
38.17 10
38.18 13
38.19 13
38.2 13
38.21 15
38.22 17
38.23 17
38.24 18
38.25 19
38.26 21
38.27 21
38.28 22
38.29 16
38.3 16
38.31 16
38.32 16
38.33 16
38.34 0
38.35 0
38.36 0
38.37 0
38.38 0
38.39 0
38.4 0
38.41 0
38.42 0
38.43 0
38.44 0
38.45 0
38.46 0
38.47 0
38.48 0
38.49 0
38.5 0
38.51 0
38.52 0
38.53 0
38.54 0
38.55 0
38.56 0
38.57 0
38.58 0
38.59 0
38.6 0
38.61 0
38.62 0
38.63 0
38.64 0
38.65 0
38.66 0
38.67 0
38.68 0
38.69 0
38.7 0
38.71 0
38.72 0
38.73 0
38.74 0
38.75 0
38.76 0
38.77 0
38.78 1
38.79 3
38.8 3
38.81 4
38.82 7
38.83 7
38.84 8
38.85 9
38.86 10
38.87 11
38.88 11
38.89 14
38.9 16
38.91 15
38.92 16
38.93 18
38.94 19
38.95 19
38.96 21
38.97 22
38.98 21
38.99 16
39 16
39.01 16
39.02 14
39.03 13
39.04 0
39.05 0
39.06 0
39.07 0
39.08 0
39.09 0
39.1 0
39.11 0
39.12 0
39.13 0
39.14 0
39.15 0
39.16 0
39.17 0
39.18 0
39.19 0
39.2 0
39.21 0
39.22 0
39.23 0
39.24 0
39.25 0
39.26 0
39.27 0
39.28 0
39.29 0
39.3 0
39.31 0
39.32 0
39.33 0
39.34 1
39.35 1
39.36 4
39.37 5
39.38 5
39.39 7
39.4 8
39.41 9
39.42 10
39.43 12
39.44 13
39.45 13
39.46 15
39.47 16
39.48 17
39.49 17
39.5 20
39.51 20
39.52 21
39.53 21
39.54 16
39.55 16
39.56 16
39.57 16
39.58 7
39.59 0
39.6 0
39.61 0
39.62 0
39.63 0
39.64 0
39.65 0
39.66 0
39.67 0
39.68 0
39.69 0
39.7 0
39.71 0
39.72 0
39.73 0
39.74 0
39.75 0
39.76 0
39.77 0
39.78 0
39.79 0
39.8 0
39.81 0
39.82 0
39.83 0
39.84 0
39.85 0
39.86 0
39.87 0
39.88 0
39.89 0
39.9 0
39.91 0
39.92 0
39.93 1
39.94 2
39.95 3
39.96 5
39.97 6
39.98 7
39.99 8
40 9
40.01 10
40.02 11
40.03 12
40.04 13
40.05 15
40.06 15
40.07 17
40.08 18
40.09 19
40.1 19
40.11 21
40.12 22
40.13 20
40.14 16
40.15 16
40.16 16
40.17 15
40.18 12
40.19 0
40.2 0
40.21 0
40.22 0
40.23 0
40.24 0
40.25 0
40.26 0
40.27 0
40.28 0
40.29 0
40.3 0
40.31 0
40.32 0
40.33 0
40.34 0
40.35 0
40.36 0
40.37 0
40.38 0
40.39 0
40.4 0
40.41 0
40.42 0
40.43 0
40.44 0
40.45 0
40.46 0
40.47 0
40.48 0
40.49 0
40.5 0
40.51 0
40.52 0
40.53 0
40.54 0
40.55 0
40.56 0
40.57 0
40.58 0
40.59 0
40.6 0
40.61 0
40.62 1
40.63 2
40.64 3
40.65 4
40.66 5
40.67 7
40.68 7
40.69 8
40.7 9
40.71 10
40.72 10
40.73 12
40.74 14
40.75 14
40.76 16
40.77 17
40.78 18
40.79 18
40.8 20
40.81 21
40.82 22
40.83 16
40.84 16
40.85 16
40.86 16
40.87 15
40.88 0
40.89 0
40.9 0
40.91 0
40.92 0
40.93 0
40.94 0
40.95 0
40.96 0
40.97 0
40.98 0
40.99 0
41 0
41.01 0
41.02 0
41.03 0
41.04 0
41.05 0
41.06 0
41.07 0
41.08 0
41.09 0
41.1 0
41.11 0
41.12 0
41.13 0
41.14 0
41.15 0
41.16 0
41.17 0
41.18 0
41.19 0
41.2 0
41.21 0
41.22 0
41.23 0
41.24 0
41.25 0
41.26 0
41.27 0
41.28 0
41.29 0
41.3 0
41.31 0
41.32 2
41.33 3
41.34 4
41.35 6
41.36 7
41.37 7
41.38 9
41.39 10
41.4 11
41.41 12
41.42 14
41.43 15
41.44 15
41.45 17
41.46 18
41.47 19
41.48 20
41.49 21
41.5 22
41.51 23
41.52 16
41.53 16
41.54 16
41.55 13
41.56 1
41.57 1
41.58 0
41.59 0
41.6 0
41.61 0
41.62 0
41.63 0
41.64 0
41.65 0
41.66 0
41.67 0
41.68 0
41.69 0
41.7 0
41.71 0
41.72 0
41.73 0
41.74 0
41.75 0
41.76 0
41.77 0
41.78 0
41.79 0
41.8 0
41.81 0
41.82 0
41.83 0
41.84 0
41.85 0
41.86 0
41.87 0
41.88 0
41.89 0
41.9 0
41.91 0
41.92 0
41.93 0
41.94 0
41.95 0
41.96 0
41.97 0
41.98 0
41.99 0
42 1
42.01 1
42.02 2
42.03 3
42.04 5
42.05 6
42.06 7
42.07 9
42.08 9
42.09 10
42.1 12
42.11 13
42.12 14
42.13 14
42.14 17
42.15 17
42.16 18
42.17 18
42.18 21
42.19 22
42.2 22
42.21 16
42.22 16
42.23 16
42.24 16
42.25 9
42.26 0
42.27 0
42.28 0
42.29 0
42.3 0
42.31 0
42.32 0
42.33 0
42.34 0
42.35 0
42.36 0
42.37 0
42.38 0
42.39 0
42.4 0
42.41 0
42.42 0
42.43 0
42.44 0
42.45 0
42.46 0
42.47 0
42.48 0
42.49 0
42.5 0
42.51 0
42.52 0
42.53 0
42.54 0
42.55 0
42.56 0
42.57 0
42.58 0
42.59 0
42.6 0
42.61 0
42.62 0
42.63 0
42.64 0
42.65 0
42.66 0
42.67 0
42.68 0
42.69 1
42.7 2
42.71 3
42.72 4
42.73 6
42.74 7
42.75 8
42.76 8
42.77 9
42.78 12
42.79 12
42.8 13
42.81 14
42.82 16
42.83 16
42.84 17
42.85 19
42.86 19
42.87 20
42.88 21
42.89 23
42.9 16
42.91 16
42.92 16
42.93 16
42.94 12
42.95 4
42.96 0
42.97 0
42.98 0
42.99 0
43 0
43.01 0
43.02 0
43.03 0
43.04 0
43.05 0
43.06 0
43.07 0
43.08 0
43.09 0
43.1 0
43.11 0
43.12 0
43.13 0
43.14 0
43.15 0
43.16 0
43.17 0
43.18 0
43.19 0
43.2 0
43.21 0
43.22 0
43.23 0
43.24 0
43.25 0
43.26 0
43.27 0
43.28 0
43.29 0
43.3 0
43.31 0
43.32 0
43.33 0
43.34 0
43.35 0
43.36 0
43.37 0
43.38 0
43.39 2
43.4 2
43.41 3
43.42 6
43.43 6
43.44 7
43.45 8
43.46 10
43.47 10
43.48 11
43.49 14
43.5 14
43.51 15
43.52 16
43.53 17
43.54 18
43.55 19
43.56 20
43.57 22
43.58 22
43.59 16
43.6 16
43.61 16
43.62 16
43.63 16
43.64 16
43.65 0
43.66 0
43.67 0
43.68 0
43.69 0
43.7 0
43.71 0
43.72 0
43.73 0
43.74 0
43.75 0
43.76 0
43.77 0
43.78 0
43.79 0
43.8 0
43.81 0
43.82 0
43.83 0
43.84 0
43.85 0
43.86 0
43.87 0
43.88 0
43.89 0
43.9 0
43.91 0
43.92 0
43.93 0
43.94 0
43.95 0
43.96 0
43.97 0
43.98 0
43.99 0
44 0
44.01 0
44.02 0
44.03 0
44.04 0
44.05 0
44.06 0
44.07 0
44.08 2
44.09 3
44.1 4
44.11 5
44.12 7
44.13 7
44.14 8
44.15 11
44.16 11
44.17 11
44.18 12
44.19 13
44.2 14
44.21 16
44.22 16
44.23 17
44.24 19
44.25 20
44.26 21
44.27 21
44.28 18
44.29 16
44.3 16
44.31 16
44.32 13
44.33 5
44.34 0
44.35 0
44.36 0
44.37 0
44.38 0
44.39 0
44.4 0
44.41 0
44.42 0
44.43 0
44.44 0
44.45 0
44.46 0
44.47 0
44.48 0
44.49 0
44.5 0
44.51 0
44.52 0
44.53 0
44.54 0
44.55 0
44.56 0
44.57 0
44.58 0
44.59 0
44.6 0
44.61 0
44.62 0
44.63 0
44.64 0
44.65 0
44.66 0
44.67 0
44.68 0
44.69 0
44.7 0
44.71 0
44.72 0
44.73 0
44.74 0
44.75 0
44.76 1
44.77 2
44.78 3
44.79 4
44.8 4
44.81 5
44.82 7
44.83 8
44.84 9
44.85 10
44.86 11
44.87 12
44.88 13
44.89 15
44.9 16
44.91 16
44.92 17
44.93 20
44.94 20
44.95 20
44.96 22
44.97 21
44.98 16
44.99 16
45 16
45.01 12
45.02 1
45.03 1
45.04 0
45.05 0
45.06 0
45.07 0
45.08 0
45.09 0
45.1 0
45.11 0
45.12 0
45.13 0
45.14 0
45.15 0
45.16 0
45.17 0
45.18 0
45.19 0
45.2 0
45.21 0
45.22 0
45.23 0
45.24 0
45.25 0
45.26 0
45.27 0
45.28 0
45.29 0
45.3 0
45.31 0
45.32 0
45.33 0
45.34 0
45.35 0
45.36 0
45.37 0
45.38 0
45.39 0
45.4 0
45.41 0
45.42 0
45.43 0
45.44 0
45.45 0
45.46 0
45.47 2
45.48 3
45.49 3
45.5 6
45.51 6
45.52 7
45.53 9
45.54 10
45.55 11
45.56 11
45.57 14
45.58 14
45.59 15
45.6 16
45.61 18
45.62 19
45.63 19
45.64 20
45.65 21
45.66 23
45.67 16
45.68 16
45.69 16
45.7 16
45.71 11
45.72 0
45.73 0
45.74 0
45.75 0
45.76 0
45.77 0
45.78 0
45.79 0
45.8 0
45.81 0
45.82 0
45.83 0
45.84 0
45.85 0
45.86 0
45.87 0
45.88 0
45.89 0
45.9 0
45.91 0
45.92 0
45.93 0
45.94 0
45.95 0
45.96 0
45.97 0
45.98 0
45.99 0
46 0
46.01 0
46.02 0
46.03 0
46.04 0
46.05 0
46.06 0
46.07 0
46.08 0
46.09 0
46.1 0
46.11 0
46.12 0
46.13 0
46.14 0
46.15 1
46.16 2
46.17 3
46.18 5
46.19 6
46.2 6
46.21 8
46.22 9
46.23 10
46.24 10
46.25 12
46.26 13
46.27 14
46.28 15
46.29 16
46.3 17
46.31 18
46.32 19
46.33 20
46.34 22
46.35 22
46.36 16
46.37 16
46.38 16
46.39 16
46.4 1
46.41 0
46.42 0
46.43 0
46.44 0
46.45 0
46.46 0
46.47 0
46.48 0
46.49 0
46.5 0
46.51 0
46.52 0
46.53 0
46.54 0
46.55 0
46.56 0
46.57 0
46.58 0
46.59 0
46.6 0
46.61 0
46.62 0
46.63 0
46.64 0
46.65 0
46.66 0
46.67 0
46.68 0
46.69 0
46.7 0
46.71 0
46.72 0
46.73 0
46.74 0
46.75 0
46.76 0
46.77 0
46.78 0
46.79 0
46.8 0
46.81 0
46.82 0
46.83 1
46.84 2
46.85 3
46.86 4
46.87 6
46.88 6
46.89 7
46.9 9
46.91 10
46.92 10
46.93 12
46.94 14
46.95 14
46.96 15
46.97 17
46.98 18
46.99 18
47 20
47.01 21
47.02 22
47.03 22
47.04 16
47.05 16
47.06 16
47.07 15
47.08 0
47.09 0
47.1 0
47.11 0
47.12 0
47.13 0
47.14 0
47.15 0
47.16 0
47.17 0
47.18 0
47.19 0
47.2 0
47.21 0
47.22 0
47.23 0
47.24 0
47.25 0
47.26 0
47.27 0
47.28 0
47.29 0
47.3 0
47.31 0
47.32 0
47.33 0
47.34 0
47.35 0
47.36 0
47.37 0
47.38 0
47.39 0
47.4 0
47.41 0
47.42 0
47.43 0
47.44 0
47.45 0
47.46 0
47.47 0
47.48 0
47.49 0
47.5 0
47.51 2
47.52 2
47.53 3
47.54 3
47.55 6
47.56 7
47.57 7
47.58 9
47.59 9
47.6 11
47.61 11
47.62 13
47.63 15
47.64 15
47.65 17
47.66 17
47.67 19
47.68 19
47.69 21
47.7 21
47.71 23
47.72 16
47.73 16
47.74 16
47.75 16
47.76 4
47.77 0
47.78 0
47.79 0
47.8 0
47.81 0
47.82 0
47.83 0
47.84 0
47.85 0
47.86 0
47.87 0
47.88 0
47.89 0
47.9 0
47.91 0
47.92 0
47.93 0
47.94 0
47.95 0
47.96 0
47.97 0
47.98 0
47.99 0
48 0
48.01 0
48.02 0
48.03 0
48.04 0
48.05 0
48.06 0
48.07 1
48.08 2
48.09 3
48.1 4
48.11 6
48.12 6
48.13 8
48.14 9
48.15 10
48.16 11
48.17 12
48.18 14
48.19 14
48.2 15
48.21 16
48.22 18
48.23 18
48.24 20
48.25 20
48.26 22
48.27 22
48.28 16
48.29 16
48.3 16
48.31 16
48.32 10
48.33 6
48.34 0
48.35 0
48.36 0
48.37 0
48.38 0
48.39 0
48.4 0
48.41 0
48.42 0
48.43 0
48.44 0
48.45 0
48.46 0
48.47 0
48.48 0
48.49 0
48.5 0
48.51 0
48.52 0
48.53 0
48.54 0
48.55 0
48.56 0
48.57 0
48.58 0
48.59 0
48.6 0
48.61 0
48.62 0
48.63 0
48.64 0
48.65 0
48.66 0
48.67 0
48.68 0
48.69 0
48.7 0
48.71 0
48.72 0
48.73 0
48.74 0
48.75 0
48.76 2
48.77 2
48.78 3
48.79 5
48.8 6
48.81 7
48.82 8
48.83 10
48.84 10
48.85 11
48.86 13
48.87 14
48.88 15
48.89 16
48.9 16
48.91 18
48.92 18
48.93 19
48.94 20
48.95 22
48.96 22
48.97 16
48.98 16
48.99 16
49 16
49.01 16
49.02 1
49.03 0
49.04 0
49.05 0
49.06 0
49.07 0
49.08 0
49.09 0
49.1 0
49.11 0
49.12 0
49.13 0
49.14 0
49.15 0
49.16 0
49.17 0
49.18 0
49.19 0
49.2 0
49.21 0
49.22 0
49.23 0
49.24 0
49.25 0
49.26 0
49.27 0
49.28 0
49.29 0
49.3 0
49.31 0
49.32 0
49.33 0
49.34 0
49.35 0
49.36 0
49.37 0
49.38 0
49.39 0
49.4 0
49.41 0
49.42 0
49.43 0
49.44 0
49.45 1
49.46 3
49.47 3
49.48 5
49.49 6
49.5 7
49.51 7
49.52 9
49.53 10
49.54 11
49.55 13
49.56 13
49.57 13
49.58 14
49.59 15
49.6 17
49.61 18
49.62 18
49.63 20
49.64 21
49.65 22
49.66 16
49.67 16
49.68 16
49.69 16
49.7 8
49.71 0
49.72 0
49.73 0
49.74 0
49.75 0
49.76 0
49.77 0
49.78 0
49.79 0
49.8 0
49.81 0
49.82 0
49.83 0
49.84 0
49.85 0
49.86 0
49.87 0
49.88 0
49.89 0
49.9 0
49.91 0
49.92 0
49.93 0
49.94 0
49.95 0
49.96 0
49.97 0
49.98 0
49.99 0
50 0
50.01 0
50.02 0
50.03 0
50.04 0
50.05 0
50.06 0
50.07 0
50.08 0
50.09 0
50.1 0
50.11 0
50.12 0
50.13 0
50.14 1
50.15 2
50.16 3
50.17 4
50.18 5
50.19 6
50.2 7
50.21 9
50.22 10
50.23 11
50.24 12
50.25 13
50.26 14
50.27 15
50.28 17
50.29 18
50.3 19
50.31 19
50.32 21
50.33 22
50.34 23
50.35 17
50.36 16
50.37 16
50.38 14
50.39 0
50.4 0
50.41 0
50.42 0
50.43 0
50.44 0
50.45 0
50.46 0
50.47 0
50.48 0
50.49 0
50.5 0
50.51 0
50.52 0
50.53 0
50.54 0
50.55 0
50.56 0
50.57 0
50.58 0
50.59 0
50.6 0
50.61 0
50.62 0
50.63 0
50.64 0
50.65 0
50.66 0
50.67 0
50.68 0
50.69 0
50.7 0
50.71 0
50.72 0
50.73 0
50.74 0
50.75 0
50.76 0
50.77 0
50.78 0
50.79 0
50.8 0
50.81 0
50.82 0
50.83 3
50.84 3
50.85 4
50.86 6
50.87 7
50.88 7
50.89 9
50.9 10
50.91 11
50.92 12
50.93 12
50.94 14
50.95 15
50.96 16
50.97 17
50.98 19
50.99 19
51 19
51.01 21
51.02 23
51.03 16
51.04 16
51.05 16
51.06 16
51.07 1
51.08 0
51.09 0
51.1 0
51.11 0
51.12 0
51.13 0
51.14 0
51.15 0
51.16 0
51.17 0
51.18 0
51.19 0
51.2 0
51.21 0
51.22 0
51.23 0
51.24 0
51.25 0
51.26 0
51.27 0
51.28 0
51.29 0
51.3 0
51.31 0
51.32 0
51.33 0
51.34 0
51.35 0
51.36 0
51.37 0
51.38 0
51.39 2
51.4 3
51.41 4
51.42 5
51.43 6
51.44 8
51.45 8
51.46 10
51.47 10
51.48 12
51.49 13
51.5 14
51.51 15
51.52 16
51.53 18
51.54 18
51.55 20
51.56 19
51.57 21
51.58 21
51.59 16
51.6 16
51.61 16
51.62 16
51.63 16
51.64 13
51.65 0
51.66 0
51.67 0
51.68 0
51.69 0
51.7 0
51.71 0
51.72 0
51.73 0
51.74 0
51.75 0
51.76 0
51.77 0
51.78 0
51.79 0
51.8 0
51.81 0
51.82 0
51.83 0
51.84 0
51.85 0
51.86 0
51.87 0
51.88 0
51.89 0
51.9 0
51.91 0
51.92 0
51.93 0
51.94 0
51.95 0
51.96 0
51.97 0
51.98 0
51.99 0
52 0
52.01 0
52.02 0
52.03 0
52.04 0
52.05 0
52.06 0
52.07 0
52.08 1
52.09 2
52.1 4
52.11 5
52.12 6
52.13 8
52.14 8
52.15 10
52.16 10
52.17 12
52.18 13
52.19 14
52.2 15
52.21 16
52.22 17
52.23 18
52.24 19
52.25 20
52.26 22
52.27 22
52.28 16
52.29 16
52.3 16
52.31 16
52.32 9
52.33 3
52.34 0
52.35 0
52.36 0
52.37 0
52.38 0
52.39 0
52.4 0
52.41 0
52.42 0
52.43 0
52.44 0
52.45 0
52.46 0
52.47 0
52.48 0
52.49 0
52.5 0
52.51 0
52.52 0
52.53 0
52.54 0
52.55 0
52.56 0
52.57 0
52.58 0
52.59 0
52.6 0
52.61 0
52.62 0
52.63 0
52.64 0
52.65 1
52.66 2
52.67 3
52.68 3
52.69 5
52.7 7
52.71 7
52.72 8
52.73 10
52.74 11
52.75 11
52.76 12
52.77 14
52.78 15
52.79 16
52.8 16
52.81 18
52.82 19
52.83 20
52.84 21
52.85 22
52.86 16
52.87 16
52.88 16
52.89 16
52.9 7
52.91 7
52.92 1
52.93 0
52.94 0
52.95 0
52.96 0
52.97 0
52.98 0
52.99 0
53 0
53.01 0
53.02 0
53.03 0
53.04 0
53.05 0
53.06 0
53.07 0
53.08 0
53.09 0
53.1 0
53.11 0
53.12 0
53.13 0
53.14 0
53.15 0
53.16 0
53.17 0
53.18 0
53.19 0
53.2 0
53.21 0
53.22 0
53.23 0
53.24 0
53.25 0
53.26 0
53.27 0
53.28 0
53.29 0
53.3 0
53.31 0
53.32 0
53.33 0
53.34 1
53.35 2
53.36 2
53.37 4
53.38 5
53.39 6
53.4 7
53.41 9
53.42 10
53.43 10
53.44 11
53.45 12
53.46 13
53.47 14
53.48 16
53.49 16
53.5 17
53.51 18
53.52 20
53.53 20
53.54 21
53.55 22
53.56 16
53.57 16
53.58 16
53.59 16
53.6 2
53.61 0
53.62 0
53.63 0
53.64 0
53.65 0
53.66 0
53.67 0
53.68 0
53.69 0
53.7 0
53.71 0
53.72 0
53.73 0
53.74 0
53.75 0
53.76 0
53.77 0
53.78 0
53.79 0
53.8 0
53.81 0
53.82 0
53.83 0
53.84 0
53.85 0
53.86 0
53.87 0
53.88 0
53.89 0
53.9 0
53.91 0
53.92 0
53.93 1
53.94 2
53.95 4
53.96 5
53.97 6
53.98 7
53.99 9
54 9
54.01 10
54.02 12
54.03 13
54.04 13
54.05 14
54.06 15
54.07 17
54.08 18
54.09 18
54.1 20
54.11 21
54.12 21
54.13 16
54.14 16
54.15 16
54.16 16
54.17 16
54.18 5
54.19 0
54.2 0
54.21 0
54.22 0
54.23 0
54.24 0
54.25 0
54.26 0
54.27 0
54.28 0
54.29 0
54.3 0
54.31 0
54.32 0
54.33 0
54.34 0
54.35 0
54.36 0
54.37 0
54.38 0
54.39 0
54.4 0
54.41 0
54.42 0
54.43 0
54.44 0
54.45 0
54.46 0
54.47 0
54.48 0
54.49 0
54.5 0
54.51 0
54.52 0
54.53 0
54.54 0
54.55 0
54.56 0
54.57 0
54.58 0
54.59 0
54.6 0
54.61 0
54.62 2
54.63 2
54.64 2
54.65 4
54.66 5
54.67 6
54.68 8
54.69 9
54.7 10
54.71 10
54.72 12
54.73 13
54.74 14
54.75 16
54.76 17
54.77 18
54.78 18
54.79 20
54.8 21
54.81 22
54.82 22
54.83 16
54.84 16
54.85 16
54.86 16
54.87 7
54.88 0
54.89 0
54.9 0
54.91 0
54.92 0
54.93 0
54.94 0
54.95 0
54.96 0
54.97 0
54.98 0
54.99 0
55 0
55.01 0
55.02 0
55.03 0
55.04 0
55.05 0
55.06 0
55.07 0
55.08 0
55.09 0
55.1 0
55.11 0
55.12 0
55.13 0
55.14 0
55.15 0
55.16 0
55.17 0
55.18 0
55.19 0
55.2 0
55.21 0
55.22 0
55.23 0
55.24 0
55.25 0
55.26 0
55.27 0
55.28 0
55.29 0
55.3 0
55.31 2
55.32 2
55.33 4
55.34 5
55.35 6
55.36 7
55.37 8
55.38 10
55.39 11
55.4 12
55.41 13
55.42 14
55.43 14
55.44 15
55.45 17
55.46 18
55.47 18
55.48 19
55.49 21
55.5 22
55.51 16
55.52 16
55.53 16
55.54 16
55.55 13
55.56 13
55.57 0
55.58 0
55.59 0
55.6 0
55.61 0
55.62 0
55.63 0
55.64 0
55.65 0
55.66 0
55.67 0
55.68 0
55.69 0
55.7 0
55.71 0
55.72 0
55.73 0
55.74 0
55.75 0
55.76 0
55.77 0
55.78 0
55.79 0
55.8 0
55.81 0
55.82 0
55.83 0
55.84 0
55.85 0
55.86 0
55.87 0
55.88 0
55.89 0
55.9 0
55.91 0
55.92 0
55.93 0
55.94 0
55.95 0
55.96 0
55.97 0
55.98 0
55.99 0
56 1
56.01 2
56.02 3
56.03 4
56.04 6
56.05 7
56.06 7
56.07 8
56.08 10
56.09 11
56.1 12
56.11 13
56.12 15
56.13 15
56.14 16
56.15 17
56.16 19
56.17 19
56.18 20
56.19 22
56.2 23
56.21 16
56.22 16
56.23 16
56.24 16
56.25 0
56.26 0
56.27 0
56.28 0
56.29 0
56.3 0
56.31 0
56.32 0
56.33 0
56.34 0
56.35 0
56.36 0
56.37 0
56.38 0
56.39 0
56.4 0
56.41 0
56.42 0
56.43 0
56.44 0
56.45 0
56.46 0
56.47 0
56.48 0
56.49 0
56.5 0
56.51 0
56.52 0
56.53 0
56.54 0
56.55 0
56.56 0
56.57 0
56.58 0
56.59 0
56.6 0
56.61 0
56.62 0
56.63 0
56.64 0
56.65 0
56.66 0
56.67 0
56.68 0
56.69 0
56.7 2
56.71 3
56.72 4
56.73 6
56.74 6
56.75 7
56.76 9
56.77 10
56.78 11
56.79 12
56.8 15
56.81 14
56.82 14
56.83 16
56.84 18
56.85 18
56.86 19
56.87 20
56.88 22
56.89 22
56.9 16
56.91 16
56.92 16
56.93 16
56.94 7
56.95 0
56.96 0
56.97 0
56.98 0
56.99 0
57 0
57.01 0
57.02 0
57.03 0
57.04 0
57.05 0
57.06 0
57.07 0
57.08 0
57.09 0
57.1 0
57.11 0
57.12 0
57.13 0
57.14 0
57.15 0
57.16 0
57.17 0
57.18 0
57.19 0
57.2 0
57.21 0
57.22 0
57.23 0
57.24 0
57.25 0
57.26 2
57.27 2
57.28 4
57.29 4
57.3 5
57.31 7
57.32 8
57.33 9
57.34 10
57.35 12
57.36 12
57.37 13
57.38 14
57.39 16
57.4 17
57.41 17
57.42 18
57.43 20
57.44 21
57.45 21
57.46 23
57.47 16
57.48 16
57.49 16
57.5 15
57.51 1
57.52 0
57.53 0
57.54 0
57.55 0
57.56 0
57.57 0
57.58 0
57.59 0
57.6 0
57.61 0
57.62 0
57.63 0
57.64 0
57.65 0
57.66 0
57.67 0
57.68 0
57.69 0
57.7 0
57.71 0
57.72 0
57.73 0
57.74 0
57.75 0
57.76 0
57.77 0
57.78 0
57.79 0
57.8 0
57.81 0
57.82 0
57.83 0
57.84 0
57.85 0
57.86 0
57.87 0
57.88 0
57.89 0
57.9 0
57.91 0
57.92 0
57.93 0
57.94 0
57.95 1
57.96 3
57.97 4
57.98 5
57.99 6
58 7
58.01 8
58.02 8
58.03 10
58.04 11
58.05 12
58.06 13
58.07 14
58.08 13
58.09 1
58.1 0
58.11 0
58.12 0
58.13 0
58.14 0
58.15 0
58.16 0
58.17 0
58.18 0
58.19 0
58.2 0
58.21 0
58.22 0
58.23 0
58.24 0
58.25 0
58.26 0
58.27 0
58.28 0
58.29 0
58.3 0
58.31 0
58.32 0
58.33 0
58.34 0
58.35 0
58.36 0
58.37 0
58.38 0
58.39 0
58.4 0
58.41 0
58.42 0
58.43 0
58.44 0
58.45 0
58.46 0
58.47 0
58.48 0
58.49 0
58.5 0
58.51 0
58.52 0
58.53 0
58.54 0
58.55 0
58.56 0
58.57 0
58.58 0
58.59 0
58.6 0
58.61 0
58.62 0
58.63 0
58.64 0
58.65 0
58.66 0
58.67 0
58.68 0
58.69 0
58.7 0
58.71 0
58.72 0
58.73 0
58.74 0
58.75 0
58.76 0
58.77 0
58.78 0
58.79 0
58.8 0
58.81 0
58.82 0
58.83 0
58.84 0
58.85 0
58.86 0
58.87 0
58.88 0
58.89 0
58.9 0
58.91 0
58.92 0
58.93 0
58.94 0
58.95 0
58.96 0
58.97 0
58.98 0
58.99 0
59 0
59.01 0
59.02 0
59.03 0
59.04 0
59.05 0
59.06 0
59.07 0
59.08 0
59.09 0
59.1 0
59.11 0
59.12 0
59.13 0
59.14 0
59.15 0
59.16 0
59.17 0
59.18 0
59.19 0
59.2 0
59.21 0
59.22 0
59.23 0
59.24 0
59.25 0
59.26 0
59.27 0
59.28 0
59.29 0
59.3 0
59.31 0
59.32 0
59.33 0
59.34 0
59.35 0
59.36 0
59.37 0
59.38 0
59.39 0
59.4 0
59.41 0
59.42 0
59.43 0
59.44 0
59.45 0
59.46 0
59.47 0
59.48 0
59.49 0
59.5 0
59.51 0
59.52 0
59.53 0
59.54 0
59.55 0
59.56 0
59.57 0
59.58 0
59.59 0
59.6 0
59.61 0
59.62 0
59.63 0
59.64 0
59.65 0
59.66 0
59.67 0
59.68 0
59.69 0
59.7 0
59.71 0
59.72 0
59.73 0
59.74 0
59.75 0
59.76 0
59.77 0
59.78 0
59.79 0
59.8 0
59.81 0
59.82 0
59.83 0
59.84 0
59.85 0
59.86 0
59.87 0
59.88 0
59.89 0
59.9 0
59.91 0
59.92 0
59.93 0
59.94 0
59.95 0
59.96 0
59.97 0
59.98 0
59.99 0
60 0
60.01 0
60.02 0
60.03 0
60.04 0
60.05 0
60.06 0
60.07 0
60.08 0
60.09 0
60.1 0
60.11 0
60.12 0
60.13 0
60.14 0
60.15 0
60.16 0
60.17 0
60.18 0
60.19 0
60.2 0
60.21 0
60.22 0
60.23 0
60.24 0
60.25 0
60.26 0
60.27 0
60.28 0
60.29 0
60.3 0
60.31 0
60.32 0
60.33 0
60.34 0
60.35 0
60.36 0
60.37 0
60.38 0
60.39 0
60.4 0
60.41 0
60.42 0
60.43 0
60.44 0
60.45 0
60.46 0
60.47 0
60.48 0
60.49 0
60.5 0
60.51 0
60.52 0
60.53 0
60.54 0
60.55 0
60.56 0
60.57 0
60.58 0
60.59 0
60.6 0
60.61 0
60.62 0
60.63 0
60.64 0
60.65 0
60.66 0
60.67 0
60.68 0
60.69 0
60.7 0
60.71 0
60.72 0
60.73 0
60.74 0
60.75 0
60.76 0
60.77 0
60.78 0
60.79 0
60.8 0
60.81 0
60.82 0
60.83 0
60.84 0
60.85 0
60.86 0
60.87 0
60.88 0
60.89 0
60.9 0
60.91 0
60.92 0
60.93 0
60.94 0
60.95 0
60.96 0
60.97 0
60.98 0
60.99 0
61 0
61.01 0
61.02 0
61.03 0
61.04 0
61.05 0
61.06 0
61.07 0
61.08 0
61.09 0
61.1 0
61.11 0
61.12 0
61.13 0
61.14 0
61.15 0
61.16 0
61.17 0
61.18 0
61.19 0
61.2 0
61.21 0
61.22 0
61.23 0
61.24 0
61.25 0
61.26 0
61.27 0
61.28 0
61.29 0
61.3 0
61.31 0
61.32 0
61.33 0
61.34 0
61.35 0
61.36 0
61.37 0
61.38 0
61.39 0
61.4 0
61.41 0
61.42 0
61.43 0
61.44 0
61.45 0
61.46 0
61.47 0
61.48 0
61.49 0
61.5 0
61.51 0
61.52 0
61.53 0
61.54 0
61.55 0
61.56 0
61.57 0
61.58 0
61.59 0
61.6 0
61.61 0
61.62 0
61.63 0
61.64 0
61.65 0
61.66 0
61.67 0
61.68 0
61.69 0
61.7 0
61.71 0
61.72 0
61.73 0
61.74 0
61.75 0
61.76 0
61.77 0
61.78 0
61.79 0
61.8 0
61.81 0
61.82 0
61.83 0
61.84 0
61.85 0
61.86 0
61.87 0
61.88 0
61.89 0
61.9 0
61.91 0
61.92 0
61.93 0
61.94 0
61.95 0
61.96 0
61.97 0
61.98 0
61.99 0
62 0
62.01 0
62.02 0
62.03 0
62.04 0
62.05 0
62.06 0
62.07 0
62.08 0
62.09 0
62.1 0
62.11 0
62.12 0
62.13 0
62.14 0
62.15 0
62.16 0
62.17 0
62.18 0
62.19 0
62.2 0
62.21 0
62.22 0
62.23 0
62.24 0
62.25 0
62.26 0
62.27 0
62.28 0
62.29 0
62.3 0
62.31 0
62.32 0
62.33 0
62.34 0
62.35 0
62.36 0
62.37 0
62.38 0
62.39 0
62.4 0
62.41 0
62.42 0
62.43 0
62.44 0
62.45 0
62.46 0
62.47 0
62.48 0
62.49 0
62.5 0
62.51 0
62.52 0
62.53 0
62.54 0
62.55 0
62.56 0
62.57 0
62.58 0
62.59 0
62.6 0
62.61 0
62.62 0
62.63 0
62.64 0
62.65 0
62.66 0
62.67 0
62.68 0
62.69 0
62.7 0
62.71 0
62.72 0
62.73 0
62.74 0
62.75 0
62.76 0
62.77 0
62.78 0
62.79 0
62.8 0
62.81 0
62.82 0
62.83 0
62.84 0
62.85 0
62.86 0
62.87 0
62.88 0
62.89 0
62.9 0
62.91 0
62.92 0
62.93 0
62.94 0
62.95 0
62.96 0
62.97 0
62.98 0
62.99 0
