0 0
0.01 0
0.02 0
0.03 0
0.04 0
0.05 0
0.06 0
0.07 0
0.08 0
0.09 0
0.1 0
0.11 0
0.12 0
0.13 0
0.14 0
0.15 0
0.16 0
0.17 0
0.18 0
0.19 0
0.2 0
0.21 96
0.22 51
0.23 44
0.24 55
0.25 59
0.26 48
0.27 29
0.28 11
0.29 0
0.3 3
0.31 13
0.32 19
0.33 28
0.34 13
0.35 2
0.36 0
0.37 0
0.38 0
0.39 0
0.4 0
0.41 0
0.42 0
0.43 0
0.44 0
0.45 0
0.46 0
0.47 0
0.48 0
0.49 0
0.5 0
0.51 0
0.52 0
0.53 0
0.54 0
0.55 0
0.56 0
0.57 3
0.58 8
0.59 10
0.6 15
0.61 20
0.62 23
0.63 26
0.64 30
0.65 34
0.66 34
0.67 19
0.68 21
0.69 20
0.7 19
0.71 15
0.72 5
0.73 0
0.74 0
0.75 0
0.76 0
0.77 0
0.78 0
0.79 0
0.8 0
0.81 0
0.82 0
0.83 0
0.84 0
0.85 0
0.86 2
0.87 6
0.88 12
0.89 14
0.9 19
0.91 22
0.92 23
0.93 29
0.94 33
0.95 36
0.96 29
0.97 23
0.98 22
0.99 21
1 21
1.01 15
1.02 7
1.03 3
1.04 0
1.05 0
1.06 0
1.07 0
1.08 0
1.09 0
1.1 0
1.11 0
1.12 1
1.13 7
1.14 10
1.15 14
1.16 17
1.17 21
1.18 25
1.19 27
1.2 31
1.21 38
1.22 21
1.23 20
1.24 20
1.25 22
1.26 16
1.27 16
1.28 18
1.29 13
1.3 3
1.31 0
1.32 0
1.33 0
1.34 2
1.35 4
1.36 18
1.37 23
1.38 20
1.39 25
1.4 28
1.41 31
1.42 19
1.43 20
1.44 20
1.45 19
1.46 19
1.47 16
1.48 13
1.49 3
1.5 0
1.51 0
1.52 0
1.53 0
1.54 0
1.55 0
1.56 0
1.57 2
1.58 7
1.59 11
1.6 15
1.61 17
1.62 22
1.63 25
1.64 30
1.65 33
1.66 36
1.67 20
1.68 20
1.69 21
1.7 21
1.71 21
1.72 16
1.73 16
1.74 8
1.75 0
1.76 0
1.77 0
1.78 0
1.79 0
1.8 0
1.81 0
1.82 0
1.83 4
1.84 7
1.85 12
1.86 15
1.87 19
1.88 22
1.89 27
1.9 30
1.91 35
1.92 20
1.93 19
1.94 19
1.95 19
1.96 15
1.97 10
1.98 0
1.99 0
2 0
2.01 0
2.02 0
2.03 0
2.04 0
2.05 0
2.06 0
2.07 0
2.08 0
2.09 0
2.1 7
2.11 10
2.12 13
2.13 18
2.14 22
2.15 25
2.16 29
2.17 35
2.18 38
2.19 20
2.2 21
2.21 22
2.22 20
2.23 20
2.24 21
2.25 11
2.26 13
2.27 6
2.28 0
2.29 0
2.3 0
2.31 0
2.32 0
2.33 0
2.34 0
2.35 6
2.36 10
2.37 7
2.38 19
2.39 23
2.4 25
2.41 25
2.42 32
2.43 18
2.44 19
2.45 18
2.46 18
2.47 19
2.48 17
2.49 12
2.5 6
2.51 3
2.52 3
2.53 0
2.54 0
2.55 1
2.56 4
2.57 10
2.58 15
2.59 21
2.6 26
2.61 32
2.62 38
2.63 43
2.64 23
2.65 23
2.66 22
2.67 22
2.68 22
2.69 12
2.7 16
2.71 8
2.72 2
2.73 0
2.74 0
2.75 0
2.76 0
2.77 0
2.78 0
2.79 5
2.8 11
2.81 17
2.82 27
2.83 32
2.84 37
2.85 18
2.86 18
2.87 18
2.88 19
2.89 14
2.9 17
2.91 7
2.92 5
2.93 4
2.94 0
2.95 0
2.96 0
2.97 0
2.98 0
2.99 4
3 10
3.01 13
3.02 17
3.03 24
3.04 30
3.05 35
3.06 41
3.07 21
3.08 21
3.09 21
3.1 22
3.11 16
3.12 18
3.13 8
3.14 4
3.15 0
3.16 0
3.17 0
3.18 0
3.19 0
3.2 0
3.21 3
3.22 8
3.23 15
3.24 26
3.25 35
3.26 40
3.27 29
3.28 25
3.29 19
3.3 19
3.31 19
3.32 20
3.33 20
3.34 8
3.35 2
3.36 0
3.37 0
3.38 0
3.39 0
3.4 0
3.41 0
3.42 0
3.43 0
3.44 3
3.45 7
3.46 13
3.47 17
3.48 23
3.49 26
3.5 31
3.51 34
3.52 27
3.53 21
3.54 21
3.55 19
3.56 19
3.57 14
3.58 12
3.59 8
3.6 0
3.61 0
3.62 0
3.63 0
3.64 0
3.65 0
3.66 0
3.67 2
3.68 5
3.69 10
3.7 18
3.71 22
3.72 25
3.73 30
3.74 34
3.75 37
3.76 22
3.77 23
3.78 21
3.79 24
3.8 18
3.81 21
3.82 16
3.83 8
3.84 0
3.85 0
3.86 0
3.87 0
3.88 0
3.89 0
3.9 0
3.91 1
3.92 6
3.93 11
3.94 17
3.95 25
3.96 28
3.97 34
3.98 40
3.99 25
4 21
4.01 21
4.02 22
4.03 21
4.04 10
4.05 12
4.06 13
4.07 14
4.08 13
4.09 8
4.1 7
4.11 15
4.12 12
4.13 13
4.14 13
4.15 15
4.16 14
4.17 14
4.18 15
4.19 11
4.2 7
4.21 12
4.22 4
4.23 5
4.24 8
4.25 12
4.26 15
4.27 22
4.28 25
4.29 24
4.3 16
4.31 17
4.32 15
4.33 16
4.34 12
4.35 8
4.36 13
4.37 13
4.38 0
4.39 4
4.4 0
4.41 0
4.42 0
4.43 10
4.44 17
4.45 17
4.46 28
4.47 33
4.48 41
4.49 20
4.5 20
4.51 20
4.52 19
4.53 21
4.54 15
4.55 10
4.56 5
4.57 5
4.58 0
4.59 0
4.6 0
4.61 0
4.62 0
4.63 0
4.64 6
4.65 10
4.66 19
4.67 25
4.68 29
4.69 35
4.7 22
4.71 19
4.72 18
4.73 19
4.74 19
4.75 17
4.76 16
4.77 12
4.78 3
4.79 0
4.8 0
4.81 0
4.82 0
4.83 0
4.84 0
4.85 1
4.86 7
4.87 14
4.88 22
4.89 23
4.9 28
4.91 34
4.92 41
4.93 21
4.94 20
4.95 20
4.96 20
4.97 13
4.98 8
4.99 5
5 0
5.01 0
5.02 0
5.03 0
5.04 0
5.05 0
5.06 0
5.07 0
5.08 0
5.09 11
5.1 17
5.11 24
5.12 29
5.13 34
5.14 40
5.15 23
5.16 21
5.17 20
5.18 20
5.19 20
5.2 17
5.21 16
5.22 17
5.23 6
5.24 3
5.25 0
5.26 0
5.27 0
5.28 0
5.29 0
5.3 0
5.31 3
5.32 8
5.33 17
5.34 22
5.35 26
5.36 29
5.37 38
5.38 20
5.39 19
5.4 19
5.41 20
5.42 16
5.43 8
5.44 8
5.45 0
5.46 0
5.47 0
5.48 0
5.49 0
5.5 0
5.51 0
5.52 1
5.53 9
5.54 14
5.55 23
5.56 29
5.57 34
5.58 37
5.59 19
5.6 21
5.61 19
5.62 20
5.63 15
5.64 12
5.65 12
5.66 15
5.67 15
5.68 11
5.69 0
5.7 0
5.71 0
5.72 0
5.73 0
5.74 3
5.75 5
5.76 17
5.77 24
5.78 31
5.79 38
5.8 38
5.81 21
5.82 20
5.83 22
5.84 20
5.85 20
5.86 16
5.87 17
5.88 17
5.89 16
5.9 7
5.91 9
5.92 4
5.93 7
5.94 9
5.95 14
5.96 21
5.97 12
5.98 13
5.99 13
6 14
6.01 16
6.02 15
6.03 6
6.04 9
6.05 12
6.06 8
6.07 2
6.08 2
6.09 3
6.1 9
6.11 13
6.12 17
6.13 25
6.14 30
6.15 19
6.16 18
6.17 16
6.18 17
6.19 12
6.2 14
6.21 10
6.22 3
6.23 4
6.24 5
6.25 6
6.26 5
6.27 10
6.28 15
6.29 19
6.3 24
6.31 30
6.32 15
6.33 16
6.34 17
6.35 16
6.36 10
6.37 9
6.38 15
6.39 13
6.4 7
6.41 0
6.42 0
6.43 0
6.44 0
6.45 0
6.46 5
6.47 11
6.48 20
6.49 25
6.5 32
6.51 36
6.52 41
6.53 20
6.54 20
6.55 21
6.56 21
6.57 17
6.58 17
6.59 21
6.6 19
6.61 6
6.62 0
6.63 0
6.64 0
6.65 0
6.66 0
6.67 0
6.68 0
6.69 0
6.7 0
6.71 5
6.72 13
6.73 21
6.74 26
6.75 32
6.76 42
6.77 19
6.78 19
6.79 20
6.8 20
6.81 17
6.82 20
6.83 19
6.84 16
6.85 5
6.86 0
6.87 0
6.88 0
6.89 0
6.9 0
6.91 0
6.92 0
6.93 4
6.94 12
6.95 16
6.96 21
6.97 27
6.98 32
6.99 36
7 39
7.01 22
7.02 23
7.03 23
7.04 22
7.05 15
7.06 11
7.07 8
7.08 0
7.09 0
7.1 0
7.11 0
7.12 0
7.13 0
7.14 0
7.15 0
7.16 0
7.17 0
7.18 5
7.19 11
7.2 18
7.21 23
7.22 29
7.23 33
7.24 37
7.25 26
7.26 21
7.27 21
7.28 20
7.29 20
7.3 14
7.31 14
7.32 14
7.33 3
7.34 0
7.35 0
7.36 0
7.37 0
7.38 0
7.39 0
7.4 7
7.41 13
7.42 20
7.43 29
7.44 34
7.45 36
7.46 42
7.47 22
7.48 24
7.49 22
7.5 22
7.51 18
7.52 10
7.53 2
7.54 0
7.55 0
7.56 0
7.57 0
7.58 0
7.59 0
7.6 4
7.61 10
7.62 13
7.63 20
7.64 28
7.65 32
7.66 36
7.67 41
7.68 23
7.69 23
7.7 24
7.71 22
7.72 22
7.73 18
7.74 16
7.75 13
7.76 10
7.77 4
7.78 0
7.79 0
7.8 0
7.81 0
7.82 1
7.83 4
7.84 14
7.85 19
7.86 21
7.87 24
7.88 29
7.89 32
7.9 37
7.91 21
7.92 20
7.93 21
7.94 20
7.95 19
7.96 9
7.97 10
7.98 8
7.99 3
8 0
8.01 0
8.02 0
8.03 0
8.04 0
8.05 0
8.06 5
8.07 11
8.08 16
8.09 22
8.1 26
8.11 29
8.12 34
8.13 38
8.14 21
8.15 21
8.16 21
8.17 21
8.18 16
8.19 6
8.2 4
8.21 9
8.22 8
8.23 0
8.24 2
8.25 2
8.26 8
8.27 12
8.28 13
8.29 21
8.3 27
8.31 32
8.32 38
8.33 19
8.34 20
8.35 20
8.36 19
8.37 15
8.38 13
8.39 5
8.4 3
8.41 0
8.42 0
8.43 0
8.44 0
8.45 0
8.46 0
8.47 0
8.48 1
8.49 7
8.5 16
8.51 22
8.52 26
8.53 31
8.54 34
8.55 33
8.56 19
8.57 21
8.58 19
8.59 20
8.6 19
8.61 19
8.62 9
8.63 5
8.64 0
8.65 0
8.66 0
8.67 0
8.68 0
8.69 0
8.7 0
8.71 0
8.72 6
8.73 12
8.74 20
8.75 25
8.76 31
8.77 40
8.78 37
8.79 22
8.8 22
8.81 23
8.82 22
8.83 17
8.84 11
8.85 8
8.86 0
8.87 0
8.88 0
8.89 0
8.9 0
8.91 0
8.92 0
8.93 0
8.94 3
8.95 11
8.96 17
8.97 24
8.98 31
8.99 36
9 33
9.01 19
9.02 20
9.03 20
9.04 19
9.05 20
9.06 17
9.07 12
9.08 9
9.09 7
9.1 0
9.11 0
9.12 0
9.13 0
9.14 0
9.15 1
9.16 9
9.17 15
9.18 21
9.19 28
9.2 32
9.21 37
9.22 30
9.23 22
9.24 20
9.25 20
9.26 21
9.27 20
9.28 20
9.29 14
9.3 17
9.31 8
9.32 0
9.33 0
9.34 0
9.35 0
9.36 0
9.37 0
9.38 0
9.39 0
9.4 10
9.41 16
9.42 21
9.43 28
9.44 35
9.45 41
9.46 23
9.47 21
9.48 21
9.49 22
9.5 22
9.51 20
9.52 18
9.53 18
9.54 15
9.55 12
9.56 12
9.57 0
9.58 0
9.59 0
9.6 0
9.61 0
9.62 5
9.63 4
9.64 12
9.65 18
9.66 25
9.67 33
9.68 38
9.69 31
9.7 20
9.71 22
9.72 20
9.73 20
9.74 17
9.75 18
9.76 17
9.77 11
9.78 3
9.79 0
9.8 0
9.81 0
9.82 0
9.83 0
9.84 1
9.85 8
9.86 17
9.87 21
9.88 28
9.89 35
9.9 38
9.91 42
9.92 25
9.93 25
9.94 25
9.95 24
9.96 23
9.97 22
9.98 23
9.99 17
10 10
10.01 10
10.02 1
10.03 0
10.04 0
10.05 0
10.06 4
10.07 10
10.08 14
10.09 20
10.1 26
10.11 34
10.12 38
10.13 23
10.14 21
10.15 21
10.16 21
10.17 20
10.18 21
10.19 17
10.2 9
10.21 4
10.22 0
10.23 0
10.24 0
10.25 0
10.26 0
10.27 0
10.28 6
10.29 15
10.3 21
10.31 26
10.32 35
10.33 42
10.34 47
10.35 24
10.36 23
10.37 23
10.38 24
10.39 17
10.4 20
10.41 22
10.42 20
10.43 9
10.44 0
10.45 0
10.46 0
10.47 0
10.48 0
10.49 0
10.5 0
10.51 0
10.52 4
10.53 10
10.54 18
10.55 23
10.56 30
10.57 34
10.58 37
10.59 20
10.6 21
10.61 21
10.62 22
10.63 21
10.64 12
10.65 8
10.66 8
10.67 0
10.68 0
10.69 0
10.7 0
10.71 0
10.72 0
10.73 0
10.74 5
10.75 13
10.76 23
10.77 31
10.78 34
10.79 35
10.8 30
10.81 21
10.82 20
10.83 20
10.84 21
10.85 17
10.86 10
10.87 7
10.88 0
10.89 0
10.9 0
10.91 0
10.92 0
10.93 0
10.94 1
10.95 10
10.96 15
10.97 22
10.98 29
10.99 34
11 40
11.01 19
11.02 19
11.03 20
11.04 19
11.05 20
11.06 21
11.07 8
11.08 4
11.09 3
11.1 0
11.11 0
11.12 0
11.13 0
11.14 0
11.15 0
11.16 0
11.17 1
11.18 9
11.19 13
11.2 19
11.21 25
11.22 32
11.23 39
11.24 44
11.25 21
11.26 22
11.27 21
11.28 21
11.29 17
11.3 15
11.31 19
11.32 14
11.33 6
11.34 0
11.35 0
11.36 0
11.37 0
11.38 0
11.39 0
11.4 5
11.41 12
11.42 16
11.43 19
11.44 30
11.45 36
11.46 42
11.47 22
11.48 22
11.49 21
11.5 22
11.51 21
11.52 21
11.53 17
11.54 16
11.55 12
11.56 15
11.57 6
11.58 0
11.59 0
11.6 0
11.61 0
11.62 0
11.63 0
11.64 0
11.65 0
11.66 5
11.67 11
11.68 15
11.69 20
11.7 26
11.71 32
11.72 37
11.73 19
11.74 18
11.75 18
11.76 19
11.77 13
11.78 11
11.79 10
11.8 14
11.81 0
11.82 0
11.83 0
11.84 0
11.85 0
11.86 0
11.87 3
11.88 11
11.89 15
11.9 20
11.91 27
11.92 32
11.93 34
11.94 22
11.95 19
11.96 20
11.97 20
11.98 16
11.99 13
12 10
12.01 10
12.02 1
12.03 0
12.04 0
12.05 0
12.06 0
12.07 3
12.08 9
12.09 17
12.1 21
12.11 27
12.12 35
12.13 43
12.14 26
12.15 21
12.16 22
12.17 22
12.18 22
12.19 16
12.2 20
12.21 18
12.22 1
12.23 3
12.24 0
12.25 0
12.26 1
12.27 0
12.28 7
12.29 10
12.3 17
12.31 27
12.32 33
12.33 37
12.34 43
12.35 23
12.36 23
12.37 24
12.38 24
12.39 25
12.4 24
12.41 20
12.42 15
12.43 10
12.44 4
12.45 0
12.46 0
12.47 0
12.48 0
12.49 3
12.5 6
12.51 9
12.52 13
12.53 20
12.54 27
12.55 30
12.56 35
12.57 19
12.58 19
12.59 19
12.6 20
12.61 17
12.62 19
12.63 6
12.64 0
12.65 0
12.66 0
12.67 0
12.68 0
12.69 0
12.7 2
12.71 7
12.72 14
12.73 20
12.74 26
12.75 35
12.76 39
12.77 30
12.78 22
12.79 23
12.8 22
12.81 21
12.82 19
12.83 18
12.84 12
12.85 7
12.86 0
12.87 0
12.88 0
12.89 0
12.9 0
12.91 0
12.92 0
12.93 0
12.94 5
12.95 12
12.96 16
12.97 22
12.98 31
12.99 37
13 40
13.01 20
13.02 19
13.03 19
13.04 19
13.05 15
13.06 7
13.07 5
13.08 0
13.09 0
13.1 0
13.11 0
13.12 0
13.13 0
13.14 0
13.15 1
13.16 5
13.17 13
13.18 18
13.19 24
13.2 28
13.21 34
13.22 37
13.23 19
13.24 19
13.25 18
13.26 18
13.27 9
13.28 2
13.29 5
13.3 2
13.31 0
13.32 0
13.33 0
13.34 0
13.35 0
13.36 3
13.37 7
13.38 19
13.39 26
13.4 30
13.41 36
13.42 42
13.43 21
13.44 21
13.45 22
13.46 21
13.47 17
13.48 19
13.49 15
13.5 13
13.51 12
13.52 0
13.53 0
13.54 0
13.55 0
13.56 0
13.57 0
13.58 0
13.59 8
13.6 19
13.61 25
13.62 30
13.63 38
13.64 45
13.65 21
13.66 21
13.67 22
13.68 21
13.69 21
13.7 21
13.71 17
13.72 12
13.73 1
13.74 0
13.75 0
13.76 0
13.77 0
13.78 0
13.79 0
13.8 1
13.81 9
13.82 16
13.83 22
13.84 29
13.85 34
13.86 39
13.87 36
13.88 21
13.89 22
13.9 21
13.91 22
13.92 11
13.93 12
13.94 8
13.95 4
13.96 0
13.97 0
13.98 0
13.99 0
14 0
14.01 0
14.02 0
14.03 6
14.04 19
14.05 25
14.06 29
14.07 36
14.08 44
14.09 20
14.1 20
14.11 20
14.12 20
14.13 20
14.14 18
14.15 20
14.16 20
14.17 14
14.18 4
14.19 4
14.2 2
14.21 0
14.22 0
14.23 0
14.24 0
14.25 2
14.26 9
14.27 14
14.28 20
14.29 27
14.3 34
14.31 40
14.32 24
14.33 20
14.34 21
14.35 20
14.36 20
14.37 16
14.38 12
14.39 8
14.4 2
14.41 0
14.42 0
14.43 0
14.44 1
14.45 0
14.46 1
14.47 8
14.48 16
14.49 19
14.5 27
14.51 33
14.52 38
14.53 43
14.54 24
14.55 23
14.56 22
14.57 23
14.58 20
14.59 21
14.6 6
14.61 4
14.62 0
14.63 0
14.64 0
14.65 0
14.66 0
14.67 0
14.68 0
14.69 6
14.7 10
14.71 18
14.72 22
14.73 27
14.74 31
14.75 36
14.76 21
14.77 19
14.78 19
14.79 19
14.8 20
14.81 6
14.82 0
14.83 3
14.84 0
14.85 0
14.86 0
14.87 0
14.88 0
14.89 1
14.9 4
14.91 11
14.92 17
14.93 21
14.94 30
14.95 33
14.96 38
14.97 36
14.98 21
14.99 21
15 21
15.01 21
15.02 17
15.03 20
15.04 9
15.05 3
15.06 0
15.07 0
15.08 0
15.09 0
15.1 0
15.11 0
15.12 0
15.13 7
15.14 12
15.15 19
15.16 25
15.17 31
15.18 37
15.19 33
15.2 19
15.21 20
15.22 20
15.23 19
15.24 16
15.25 9
15.26 7
15.27 0
15.28 0
15.29 0
15.3 0
15.31 0
15.32 0
15.33 0
15.34 0
15.35 10
15.36 16
15.37 22
15.38 28
15.39 39
15.4 43
15.41 21
15.42 22
15.43 21
15.44 21
15.45 20
15.46 11
15.47 15
15.48 12
15.49 2
15.5 0
15.51 1
15.52 3
15.53 7
15.54 14
15.55 10
15.56 17
15.57 25
15.58 30
15.59 36
15.6 38
15.61 21
15.62 22
15.63 21
15.64 21
15.65 22
15.66 21
15.67 12
15.68 9
15.69 9
15.7 10
15.71 10
15.72 7
15.73 11
15.74 14
15.75 15
15.76 13
15.77 14
15.78 14
15.79 16
15.8 13
15.81 14
15.82 13
15.83 4
15.84 0
15.85 0
15.86 0
15.87 0
15.88 0
15.89 0
15.9 0
15.91 2
15.92 9
15.93 15
15.94 19
15.95 26
15.96 30
15.97 37
15.98 44
15.99 22
16 22
16.01 22
16.02 21
16.03 21
16.04 21
16.05 16
16.06 10
16.07 0
16.08 0
16.09 0
16.1 0
16.11 0
16.12 0
16.13 0
16.14 2
16.15 9
16.16 16
16.17 23
16.18 30
16.19 35
16.2 32
16.21 19
16.22 21
16.23 20
16.24 20
16.25 16
16.26 13
16.27 15
16.28 3
16.29 0
16.3 0
16.31 0
16.32 0
16.33 0
16.34 0
16.35 0
16.36 0
16.37 8
16.38 14
16.39 18
16.4 25
16.41 32
16.42 38
16.43 25
16.44 20
16.45 19
16.46 20
16.47 18
16.48 20
16.49 17
16.5 15
16.51 5
16.52 2
16.53 0
16.54 0
16.55 0
16.56 0
16.57 0
16.58 0
16.59 0
16.6 3
16.61 14
16.62 18
16.63 22
16.64 31
16.65 37
16.66 29
16.67 18
16.68 19
16.69 19
16.7 18
16.71 10
16.72 7
16.73 6
16.74 0
16.75 3
16.76 5
16.77 0
16.78 0
16.79 0
16.8 8
16.81 16
16.82 22
16.83 31
16.84 38
16.85 43
16.86 32
16.87 23
16.88 24
16.89 25
16.9 23
16.91 16
16.92 10
16.93 7
16.94 0
16.95 0
16.96 0
16.97 0
16.98 0
16.99 0
17 0
17.01 4
17.02 14
17.03 18
17.04 25
17.05 31
17.06 38
17.07 40
17.08 22
17.09 23
17.1 21
17.11 21
17.12 20
17.13 13
17.14 7
17.15 0
17.16 0
17.17 0
17.18 0
17.19 0
17.2 0
17.21 0
17.22 0
17.23 0
17.24 6
17.25 10
17.26 19
17.27 26
17.28 30
17.29 35
17.3 36
17.31 19
17.32 19
17.33 20
17.34 20
17.35 19
17.36 15
17.37 4
17.38 0
17.39 0
17.4 0
17.41 0
17.42 0
17.43 0
17.44 0
17.45 0
17.46 0
17.47 5
17.48 10
17.49 19
17.5 29
17.51 33
17.52 39
17.53 34
17.54 21
17.55 21
17.56 21
17.57 20
17.58 19
17.59 15
17.6 17
17.61 11
17.62 0
17.63 0
17.64 0
17.65 0
17.66 0
17.67 0
17.68 0
17.69 0
17.7 0
17.71 3
17.72 10
17.73 16
17.74 20
17.75 27
17.76 33
17.77 41
17.78 19
17.79 18
17.8 18
17.81 18
17.82 19
17.83 14
17.84 3
17.85 8
17.86 0
17.87 0
17.88 0
17.89 0
17.9 0
17.91 0
17.92 0
17.93 0
17.94 1
17.95 8
17.96 14
17.97 22
17.98 25
17.99 30
18 38
18.01 43
18.02 22
18.03 21
18.04 21
18.05 21
18.06 21
18.07 16
18.08 10
18.09 5
18.1 0
18.11 0
18.12 0
18.13 0
18.14 0
18.15 0
18.16 0
18.17 0
18.18 7
18.19 15
18.2 23
18.21 28
18.22 32
18.23 36
18.24 20
18.25 21
18.26 20
18.27 19
18.28 19
18.29 16
18.3 17
18.31 17
18.32 3
18.33 0
18.34 0
18.35 0
18.36 0
18.37 0
18.38 0
18.39 0
18.4 0
18.41 9
18.42 16
18.43 20
18.44 27
18.45 32
18.46 37
18.47 34
18.48 20
18.49 21
18.5 21
18.51 20
18.52 15
18.53 11
18.54 0
18.55 0
18.56 0
18.57 0
18.58 0
18.59 0
18.6 0
18.61 0
18.62 3
18.63 10
18.64 15
18.65 22
18.66 30
18.67 35
18.68 40
18.69 21
18.7 20
18.71 21
18.72 20
18.73 18
18.74 17
18.75 13
18.76 3
18.77 4
18.78 0
18.79 0
18.8 0
18.81 0
18.82 0
18.83 3
18.84 10
18.85 17
18.86 22
18.87 27
18.88 33
18.89 39
18.9 20
18.91 21
18.92 21
18.93 20
18.94 19
18.95 17
18.96 7
18.97 0
18.98 0
18.99 0
19 0
19.01 0
19.02 0
19.03 0
19.04 0
19.05 0
19.06 9
19.07 16
19.08 24
19.09 28
19.1 34
19.11 41
19.12 19
19.13 20
19.14 19
19.15 20
19.16 20
19.17 15
19.18 16
19.19 15
19.2 6
19.21 1
19.22 0
19.23 0
19.24 0
19.25 0
19.26 1
19.27 10
19.28 18
19.29 22
19.3 25
19.31 31
19.32 39
19.33 19
19.34 20
19.35 19
19.36 19
19.37 17
19.38 16
19.39 18
19.4 16
19.41 5
19.42 3
19.43 0
19.44 0
19.45 1
19.46 4
19.47 7
19.48 17
19.49 23
19.5 30
19.51 36
19.52 18
19.53 18
19.54 19
19.55 18
19.56 19
19.57 15
19.58 7
19.59 0
19.6 0
19.61 0
19.62 0
19.63 0
19.64 2
19.65 9
19.66 11
19.67 16
19.68 23
19.69 31
19.7 38
19.71 40
19.72 20
19.73 20
19.74 20
19.75 21
19.76 15
19.77 12
19.78 17
19.79 14
19.8 0
19.81 0
19.82 0
19.83 0
19.84 0
19.85 0
19.86 0
19.87 0
19.88 0
19.89 6
19.9 13
19.91 20
19.92 25
19.93 30
19.94 37
19.95 39
19.96 21
19.97 21
19.98 21
19.99 21
20 19
20.01 16
20.02 14
20.03 8
20.04 0
20.05 0
20.06 0
20.07 0
20.08 0
20.09 0
20.1 0
20.11 0
20.12 1
20.13 5
20.14 12
20.15 18
20.16 25
20.17 30
20.18 35
20.19 44
20.2 20
20.21 20
20.22 20
20.23 22
20.24 21
20.25 9
20.26 8
20.27 7
20.28 4
20.29 0
20.3 0
20.31 0
20.32 0
20.33 0
20.34 2
20.35 7
20.36 15
20.37 20
20.38 29
20.39 33
20.4 37
20.41 44
20.42 23
20.43 22
20.44 22
20.45 23
20.46 17
20.47 6
20.48 5
20.49 0
20.5 0
20.51 0
20.52 0
20.53 0
20.54 0
20.55 0
20.56 1
20.57 6
20.58 15
20.59 19
20.6 26
20.61 30
20.62 37
20.63 42
20.64 22
20.65 21
20.66 23
20.67 21
20.68 15
20.69 20
20.7 18
20.71 16
20.72 11
20.73 8
20.74 7
20.75 7
20.76 7
20.77 1
20.78 2
20.79 9
20.8 7
20.81 16
20.82 20
20.83 27
20.84 15
20.85 15
20.86 15
20.87 16
20.88 12
20.89 14
20.9 13
20.91 7
20.92 3
20.93 0
20.94 2
20.95 0
20.96 7
20.97 11
20.98 17
20.99 23
21 30
21.01 35
21.02 39
21.03 23
21.04 21
21.05 23
21.06 21
21.07 22
21.08 15
21.09 14
21.1 9
21.11 3
21.12 0
21.13 0
21.14 0
21.15 0
21.16 0
21.17 0
21.18 0
21.19 0
21.2 8
21.21 15
21.22 19
21.23 24
21.24 30
21.25 38
21.26 27
21.27 20
21.28 19
21.29 19
21.3 19
21.31 15
21.32 16
21.33 15
21.34 8
21.35 0
21.36 0
21.37 0
21.38 0
21.39 0
21.4 0
21.41 0
21.42 1
21.43 9
21.44 15
21.45 21
21.46 27
21.47 33
21.48 38
21.49 28
21.5 20
21.51 21
21.52 21
21.53 20
21.54 21
21.55 17
21.56 14
21.57 5
21.58 0
21.59 0
21.6 0
21.61 0
21.62 0
21.63 0
21.64 0
21.65 0
21.66 0
21.67 4
21.68 13
21.69 19
21.7 28
21.71 35
21.72 40
21.73 19
21.74 19
21.75 19
21.76 20
21.77 15
21.78 15
21.79 14
21.8 14
21.81 4
21.82 0
21.83 0
21.84 0
21.85 0
21.86 0
21.87 0
21.88 3
21.89 11
21.9 16
21.91 23
21.92 26
21.93 30
21.94 37
21.95 17
21.96 17
21.97 17
21.98 17
21.99 4
22 4
22.01 4
22.02 0
22.03 0
22.04 0
22.05 0
22.06 0
22.07 4
22.08 11
22.09 17
22.1 26
22.11 32
22.12 40
22.13 36
22.14 21
22.15 20
22.16 21
22.17 20
22.18 21
22.19 4
22.2 2
22.21 0
22.22 0
22.23 0
22.24 0
22.25 0
22.26 0
22.27 0
22.28 0
22.29 3
22.3 9
22.31 16
22.32 22
22.33 27
22.34 32
22.35 38
22.36 19
22.37 20
22.38 19
22.39 20
22.4 19
22.41 14
22.42 13
22.43 8
22.44 6
22.45 0
22.46 0
22.47 0
22.48 0
22.49 0
22.5 0
22.51 0
22.52 5
22.53 13
22.54 20
22.55 24
22.56 31
22.57 36
22.58 34
22.59 20
22.6 19
22.61 21
22.62 19
22.63 13
22.64 16
22.65 8
22.66 3
22.67 0
22.68 0
22.69 0
22.7 0
22.71 0
22.72 0
22.73 4
22.74 12
22.75 17
22.76 24
22.77 33
22.78 37
22.79 24
22.8 18
22.81 19
22.82 20
22.83 16
22.84 8
22.85 10
22.86 11
22.87 0
22.88 0
22.89 0
22.9 0
22.91 0
22.92 0
22.93 6
22.94 13
22.95 22
22.96 27
22.97 32
22.98 38
22.99 41
23 21
23.01 21
23.02 21
23.03 22
23.04 19
23.05 16
23.06 9
23.07 7
23.08 0
23.09 0
23.1 0
23.11 0
23.12 0
23.13 0
23.14 0
23.15 0
23.16 8
23.17 14
23.18 18
23.19 24
23.2 29
23.21 33
23.22 38
23.23 29
23.24 21
23.25 22
23.26 23
23.27 21
23.28 18
23.29 6
23.3 2
23.31 0
23.32 0
23.33 0
23.34 0
23.35 0
23.36 0
23.37 0
23.38 0
23.39 8
23.4 17
23.41 23
23.42 27
23.43 31
23.44 38
23.45 43
23.46 22
23.47 21
23.48 21
23.49 22
23.5 21
23.51 10
23.52 6
23.53 6
23.54 1
23.55 0
23.56 0
23.57 0
23.58 0
23.59 4
23.6 12
23.61 19
23.62 26
23.63 31
23.64 37
23.65 18
23.66 17
23.67 18
23.68 17
23.69 17
23.7 14
23.71 10
23.72 0
23.73 0
23.74 0
23.75 0
23.76 0
23.77 0
23.78 0
23.79 0
23.8 4
23.81 10
23.82 17
23.83 27
23.84 34
23.85 39
23.86 44
23.87 21
23.88 22
23.89 21
23.9 21
23.91 21
23.92 18
23.93 14
23.94 14
23.95 1
23.96 0
23.97 0
23.98 0
23.99 0
24 0
24.01 0
24.02 0
24.03 0
24.04 5
24.05 11
24.06 18
24.07 25
24.08 33
24.09 40
24.1 19
24.11 20
24.12 18
24.13 19
24.14 16
24.15 15
24.16 13
24.17 16
24.18 0
24.19 0
24.2 0
24.21 0
24.22 0
24.23 0
24.24 0
24.25 0
24.26 8
24.27 14
24.28 18
24.29 25
24.3 29
24.31 36
24.32 19
24.33 19
24.34 18
24.35 18
24.36 15
24.37 10
24.38 4
24.39 4
24.4 0
24.41 0
24.42 0
24.43 0
24.44 0
24.45 0
24.46 0
24.47 0
24.48 0
24.49 8
24.5 13
24.51 18
24.52 27
24.53 32
24.54 38
24.55 41
24.56 20
24.57 21
24.58 21
24.59 21
24.6 13
24.61 16
24.62 14
24.63 7
24.64 0
24.65 0
24.66 0
24.67 0
24.68 0
24.69 0
24.7 0
24.71 6
24.72 14
24.73 20
24.74 26
24.75 31
24.76 39
24.77 41
24.78 21
24.79 23
24.8 23
24.81 22
24.82 20
24.83 18
24.84 11
24.85 14
24.86 13
24.87 12
24.88 6
24.89 0
24.9 0
24.91 0
24.92 1
24.93 6
24.94 12
24.95 19
24.96 24
24.97 31
24.98 40
24.99 44
25 22
25.01 24
25.02 22
25.03 23
25.04 19
25.05 16
25.06 19
25.07 9
25.08 0
25.09 0
25.1 0
25.11 0
25.12 0
25.13 0
25.14 4
25.15 8
25.16 19
25.17 25
25.18 29
25.19 34
25.2 31
25.21 18
25.22 19
25.23 18
25.24 19
25.25 13
25.26 10
25.27 16
25.28 13
25.29 6
25.3 6
25.31 0
25.32 2
25.33 7
25.34 10
25.35 17
25.36 24
25.37 29
25.38 35
25.39 17
25.4 17
25.41 20
25.42 17
25.43 11
25.44 7
25.45 1
25.46 0
25.47 0
25.48 0
25.49 0
25.5 0
25.51 0
25.52 7
25.53 11
25.54 15
25.55 20
25.56 29
25.57 36
25.58 39
25.59 23
25.6 22
25.61 22
25.62 22
25.63 21
25.64 17
25.65 12
25.66 7
25.67 0
25.68 0
25.69 0
25.7 0
25.71 0
25.72 0
25.73 0
25.74 0
25.75 3
25.76 9
25.77 15
25.78 20
25.79 24
25.8 31
25.81 36
25.82 41
25.83 21
25.84 22
25.85 21
25.86 21
25.87 15
25.88 15
25.89 10
25.9 7
25.91 0
25.92 0
25.93 0
25.94 0
25.95 0
25.96 0
25.97 0
25.98 0
25.99 3
26 11
26.01 15
26.02 20
26.03 26
26.04 33
26.05 37
26.06 38
26.07 21
26.08 20
26.09 20
26.1 20
26.11 16
26.12 7
26.13 10
26.14 3
26.15 0
26.16 0
26.17 0
26.18 0
26.19 0
26.2 0
26.21 0
26.22 5
26.23 11
26.24 19
26.25 24
26.26 28
26.27 34
26.28 39
26.29 20
26.3 20
26.31 21
26.32 20
26.33 14
26.34 16
26.35 17
26.36 12
26.37 13
26.38 13
26.39 16
26.4 11
26.41 13
26.42 16
26.43 11
26.44 11
26.45 15
26.46 14
26.47 3
26.48 9
26.49 4
26.5 0
26.51 3
26.52 2
26.53 5
26.54 12
26.55 16
26.56 22
26.57 29
26.58 30
26.59 23
26.6 17
26.61 17
26.62 16
26.63 17
26.64 17
26.65 17
26.66 11
26.67 9
26.68 9
26.69 0
26.7 0
26.71 0
26.72 0
26.73 0
26.74 0
26.75 0
26.76 2
26.77 13
26.78 20
26.79 23
26.8 30
26.81 36
26.82 41
26.83 25
26.84 23
26.85 21
26.86 21
26.87 22
26.88 21
26.89 11
26.9 11
26.91 4
26.92 0
26.93 0
26.94 0
26.95 0
26.96 0
26.97 0
26.98 0
26.99 0
27 3
27.01 11
27.02 16
27.03 21
27.04 27
27.05 34
27.06 39
27.07 35
27.08 21
27.09 22
27.1 22
27.11 22
27.12 21
27.13 22
27.14 16
27.15 8
27.16 0
27.17 0
27.18 0
27.19 0
27.2 0
27.21 0
27.22 0
27.23 0
27.24 1
27.25 8
27.26 14
27.27 20
27.28 27
27.29 35
27.3 40
27.31 24
27.32 21
27.33 20
27.34 20
27.35 19
27.36 15
27.37 8
27.38 4
27.39 0
27.4 0
27.41 0
27.42 0
27.43 0
27.44 0
27.45 0
27.46 0
27.47 0
27.48 7
27.49 14
27.5 18
27.51 25
27.52 31
27.53 35
27.54 42
27.55 20
27.56 19
27.57 20
27.58 20
27.59 11
27.6 11
27.61 2
27.62 5
27.63 0
27.64 0
27.65 0
27.66 0
27.67 0
27.68 0
27.69 2
27.7 7
27.71 13
27.72 19
27.73 24
27.74 29
27.75 34
27.76 41
27.77 20
27.78 19
27.79 20
27.8 19
27.81 20
27.82 11
27.83 7
27.84 2
27.85 2
27.86 0
27.87 0
27.88 0
27.89 0
27.9 0
27.91 0
27.92 1
27.93 11
27.94 18
27.95 23
27.96 27
27.97 34
27.98 37
27.99 41
28 21
28.01 21
28.02 22
28.03 21
28.04 17
28.05 18
28.06 21
28.07 20
28.08 9
28.09 0
28.1 0
28.11 0
28.12 0
28.13 0
28.14 2
28.15 8
28.16 14
28.17 18
28.18 24
28.19 31
28.2 36
28.21 39
28.22 22
28.23 22
28.24 23
28.25 22
28.26 20
28.27 19
28.28 13
28.29 12
28.3 5
28.31 0
28.32 0
28.33 0
28.34 0
28.35 0
28.36 0
28.37 0
28.38 0
28.39 3
28.4 8
28.41 11
28.42 18
28.43 27
28.44 30
28.45 33
28.46 31
28.47 19
28.48 18
28.49 20
28.5 19
28.51 15
28.52 13
28.53 15
28.54 17
28.55 18
28.56 14
28.57 4
28.58 0
28.59 6
28.6 2
28.61 1
28.62 9
28.63 14
28.64 20
28.65 26
28.66 29
28.67 32
28.68 40
28.69 23
28.7 21
28.71 21
28.72 22
28.73 21
28.74 18
28.75 15
28.76 10
28.77 1
28.78 0
28.79 0
28.8 0
28.81 0
28.82 0
28.83 0
28.84 0
28.85 5
28.86 14
28.87 20
28.88 23
28.89 33
28.9 39
28.91 45
28.92 22
28.93 24
28.94 22
28.95 22
28.96 21
28.97 21
28.98 19
28.99 8
29 2
29.01 0
29.02 0
29.03 0
29.04 0
29.05 0
29.06 0
29.07 0
29.08 3
29.09 9
29.1 14
29.11 21
29.12 26
29.13 31
29.14 34
29.15 20
29.16 18
29.17 18
29.18 18
29.19 18
29.2 11
29.21 6
29.22 9
29.23 4
29.24 3
29.25 5
29.26 0
29.27 0
29.28 5
29.29 15
29.3 19
29.31 25
29.32 33
29.33 41
29.34 45
29.35 23
29.36 24
29.37 24
29.38 24
29.39 20
29.4 21
29.41 19
29.42 6
29.43 3
29.44 0
29.45 0
29.46 0
29.47 0
29.48 0
29.49 0
29.5 0
29.51 4
29.52 11
29.53 17
29.54 27
29.55 30
29.56 36
29.57 42
29.58 39
29.59 24
29.6 24
29.61 25
29.62 24
29.63 25
29.64 16
29.65 16
29.66 9
29.67 0
29.68 0
29.69 0
29.7 0
29.71 0
29.72 0
29.73 0
29.74 4
29.75 14
29.76 22
29.77 27
29.78 32
29.79 39
29.8 19
29.81 19
29.82 21
29.83 18
29.84 19
29.85 13
29.86 14
29.87 18
29.88 9
29.89 3
29.9 0
29.91 0
29.92 0
29.93 0
29.94 0
29.95 0
29.96 2
29.97 10
29.98 17
29.99 24
30 29
30.01 38
30.02 40
30.03 19
30.04 20
30.05 19
30.06 19
30.07 15
30.08 18
30.09 18
30.1 2
30.11 2
30.12 0
30.13 0
30.14 2
30.15 4
30.16 2
30.17 9
30.18 15
30.19 24
30.2 27
30.21 31
30.22 19
30.23 17
30.24 17
30.25 17
30.26 13
30.27 11
30.28 15
30.29 9
30.3 8
30.31 0
30.32 0
30.33 0
30.34 0
30.35 1
30.36 5
30.37 10
30.38 16
30.39 23
30.4 25
30.41 31
30.42 37
30.43 29
30.44 20
30.45 20
30.46 20
30.47 20
30.48 14
30.49 16
30.5 14
30.51 11
30.52 3
30.53 0
30.54 0
30.55 0
30.56 2
30.57 3
30.58 7
30.59 14
30.6 20
30.61 25
30.62 32
30.63 36
30.64 20
30.65 20
30.66 20
30.67 20
30.68 19
30.69 20
30.7 20
30.71 14
30.72 2
30.73 0
30.74 0
30.75 0
30.76 0
30.77 0
30.78 0
30.79 0
30.8 0
30.81 0
30.82 5
30.83 13
30.84 19
30.85 22
30.86 27
30.87 30
30.88 35
30.89 35
30.9 21
30.91 20
30.92 20
30.93 21
30.94 18
30.95 13
30.96 7
30.97 2
30.98 0
30.99 0
31 0
31.01 0
31.02 1
31.03 8
31.04 15
31.05 23
31.06 31
31.07 37
31.08 37
31.09 21
31.1 23
31.11 21
31.12 20
31.13 13
31.14 12
31.15 2
31.16 0
31.17 0
31.18 0
31.19 0
31.2 0
31.21 0
31.22 0
31.23 7
31.24 9
31.25 17
31.26 25
31.27 29
31.28 33
31.29 26
31.3 17
31.31 18
31.32 19
31.33 17
31.34 14
31.35 13
31.36 3
31.37 0
31.38 1
31.39 0
31.4 5
31.41 8
31.42 11
31.43 16
31.44 21
31.45 24
31.46 28
31.47 38
31.48 30
31.49 19
31.5 21
31.51 20
31.52 20
31.53 22
31.54 13
31.55 14
31.56 17
31.57 18
31.58 0
31.59 0
31.6 0
31.61 0
31.62 0
31.63 0
31.64 0
31.65 0
31.66 0
31.67 0
31.68 8
31.69 12
31.7 20
31.71 26
31.72 32
31.73 34
31.74 44
31.75 22
31.76 22
31.77 23
31.78 22
31.79 20
31.8 19
31.81 5
31.82 5
31.83 0
31.84 0
31.85 0
31.86 0
31.87 0
31.88 0
31.89 0
31.9 0
31.91 3
31.92 10
31.93 17
31.94 24
31.95 28
31.96 34
31.97 40
31.98 20
31.99 20
32 21
32.01 20
32.02 10
32.03 9
32.04 8
32.05 6
32.06 0
32.07 0
32.08 0
32.09 0
32.1 0
32.11 0
32.12 0
32.13 0
32.14 2
32.15 8
32.16 14
32.17 21
32.18 26
32.19 30
32.2 35
32.21 37
32.22 19
32.23 19
32.24 20
32.25 19
32.26 14
32.27 5
32.28 6
32.29 7
32.3 3
32.31 0
32.32 0
32.33 2
32.34 4
32.35 6
32.36 11
32.37 16
32.38 23
32.39 29
32.4 36
32.41 41
32.42 21
32.43 21
32.44 21
32.45 21
32.46 18
32.47 19
32.48 14
32.49 9
32.5 4
32.51 4
32.52 2
32.53 0
32.54 0
32.55 6
32.56 9
32.57 17
32.58 22
32.59 30
32.6 35
32.61 40
32.62 21
32.63 22
32.64 22
32.65 23
32.66 14
32.67 6
32.68 0
32.69 3
32.7 0
32.71 0
32.72 0
32.73 0
32.74 1
32.75 8
32.76 15
32.77 22
32.78 27
32.79 34
32.8 40
32.81 38
32.82 22
32.83 24
32.84 23
32.85 22
32.86 17
32.87 9
32.88 4
32.89 0
32.9 1
32.91 0
32.92 0
32.93 0
32.94 0
32.95 2
32.96 7
32.97 14
32.98 23
32.99 26
33 31
33.01 36
33.02 44
33.03 23
33.04 23
33.05 22
33.06 22
33.07 21
33.08 20
33.09 9
33.1 0
33.11 0
33.12 0
33.13 0
33.14 0
33.15 0
33.16 0
33.17 0
33.18 0
33.19 0
33.2 1
33.21 6
33.22 17
33.23 22
33.24 26
33.25 32
33.26 39
33.27 43
33.28 23
33.29 21
33.3 22
33.31 22
33.32 15
33.33 12
33.34 17
33.35 9
33.36 0
33.37 0
33.38 0
33.39 0
33.4 0
33.41 0
33.42 1
33.43 9
33.44 15
33.45 21
33.46 30
33.47 34
33.48 36
33.49 18
33.5 19
33.51 18
33.52 20
33.53 18
33.54 19
33.55 10
33.56 12
33.57 14
33.58 11
33.59 2
33.6 0
33.61 3
33.62 1
33.63 6
33.64 8
33.65 20
33.66 25
33.67 31
33.68 37
33.69 40
33.7 21
33.71 23
33.72 22
33.73 22
33.74 21
33.75 18
33.76 14
33.77 14
33.78 9
33.79 5
33.8 0
33.81 0
33.82 0
33.83 7
33.84 9
33.85 17
33.86 23
33.87 29
33.88 37
33.89 37
33.9 22
33.91 21
33.92 23
33.93 21
33.94 22
33.95 22
33.96 21
33.97 15
33.98 9
33.99 2
34 0
34.01 0
34.02 0
34.03 0
34.04 0
34.05 0
34.06 2
34.07 9
34.08 14
34.09 21
34.1 29
34.11 33
34.12 38
34.13 21
34.14 20
34.15 20
34.16 21
34.17 17
34.18 12
34.19 13
34.2 5
34.21 8
34.22 12
34.23 2
34.24 0
34.25 0
34.26 0
34.27 0
34.28 0
34.29 2
34.3 13
34.31 19
34.32 25
34.33 29
34.34 34
34.35 41
34.36 21
34.37 22
34.38 20
34.39 21
34.4 18
34.41 22
34.42 16
34.43 16
34.44 8
34.45 0
34.46 0
34.47 0
34.48 0
34.49 0
34.5 0
34.51 0
34.52 0
34.53 5
34.54 10
34.55 19
34.56 23
34.57 28
34.58 33
34.59 37
34.6 18
34.61 19
34.62 18
34.63 19
34.64 8
34.65 13
34.66 16
34.67 16
34.68 5
34.69 2
34.7 3
34.71 0
34.72 0
34.73 4
34.74 4
34.75 8
34.76 16
34.77 22
34.78 27
34.79 31
34.8 36
34.81 18
34.82 21
34.83 19
34.84 19
34.85 16
34.86 17
34.87 14
34.88 14
34.89 9
34.9 13
34.91 3
34.92 0
34.93 4
34.94 6
34.95 11
34.96 19
34.97 22
34.98 29
34.99 34
35 18
35.01 18
35.02 17
35.03 17
35.04 14
35.05 19
35.06 9
35.07 5
35.08 0
35.09 0
35.1 0
35.11 0
35.12 0
35.13 0
35.14 6
35.15 14
35.16 22
35.17 31
35.18 34
35.19 33
35.2 18
35.21 19
35.22 21
35.23 19
35.24 17
35.25 18
35.26 11
35.27 4
35.28 0
35.29 0
35.3 0
35.31 0
35.32 0
35.33 3
35.34 8
35.35 16
35.36 24
35.37 31
35.38 37
35.39 33
35.4 21
35.41 19
35.42 20
35.43 19
35.44 17
35.45 19
35.46 8
35.47 3
35.48 3
35.49 2
35.5 0
35.51 0
35.52 0
35.53 0
35.54 7
35.55 13
35.56 18
35.57 24
35.58 29
35.59 33
35.6 40
35.61 26
35.62 22
35.63 21
35.64 22
35.65 22
35.66 21
35.67 22
35.68 20
35.69 16
35.7 3
35.71 0
35.72 0
35.73 0
35.74 0
35.75 0
35.76 0
35.77 0
35.78 2
35.79 9
35.8 16
35.81 22
35.82 28
35.83 35
35.84 40
35.85 19
35.86 20
35.87 20
35.88 20
35.89 13
35.9 11
35.91 3
35.92 0
35.93 1
35.94 0
35.95 0
35.96 0
35.97 0
35.98 0
35.99 0
36 1
36.01 5
36.02 11
36.03 17
36.04 25
36.05 30
36.06 37
36.07 45
36.08 27
36.09 22
36.1 23
36.11 23
36.12 23
36.13 10
36.14 5
36.15 7
36.16 3
36.17 0
36.18 0
36.19 0
36.2 0
36.21 0
36.22 3
36.23 11
36.24 20
36.25 25
36.26 36
36.27 42
36.28 29
36.29 21
36.3 23
36.31 22
36.32 21
36.33 7
36.34 6
36.35 6
36.36 5
36.37 4
36.38 0
36.39 0
36.4 0
36.41 1
36.42 5
36.43 15
36.44 19
36.45 24
36.46 32
36.47 36
36.48 41
36.49 22
36.5 22
36.51 22
36.52 21
36.53 17
36.54 21
36.55 20
36.56 21
36.57 16
36.58 11
36.59 0
36.6 0
36.61 4
36.62 5
36.63 2
36.64 9
36.65 14
36.66 20
36.67 24
36.68 33
36.69 33
36.7 18
36.71 19
36.72 19
36.73 19
36.74 10
36.75 3
36.76 4
36.77 0
36.78 0
36.79 0
36.8 0
36.81 0
36.82 1
36.83 6
36.84 14
36.85 25
36.86 30
36.87 35
36.88 41
36.89 22
36.9 21
36.91 22
36.92 22
36.93 19
36.94 16
36.95 11
36.96 11
36.97 2
36.98 1
36.99 0
37 0
37.01 0
37.02 0
37.03 0
37.04 0
37.05 5
37.06 13
37.07 17
37.08 26
37.09 32
37.1 38
37.11 43
37.12 21
37.13 23
37.14 22
37.15 22
37.16 16
37.17 14
37.18 14
37.19 9
37.2 5
37.21 0
37.22 0
37.23 0
37.24 0
37.25 0
37.26 0
37.27 5
37.28 10
37.29 18
37.3 24
37.31 30
37.32 36
37.33 30
37.34 19
37.35 19
37.36 19
37.37 19
37.38 10
37.39 9
37.4 11
37.41 6
37.42 0
37.43 0
37.44 0
37.45 0
37.46 0
37.47 0
37.48 1
37.49 6
37.5 14
37.51 20
37.52 24
37.53 32
37.54 38
37.55 24
37.56 20
37.57 20
37.58 19
37.59 20
37.6 19
37.61 18
37.62 19
37.63 8
37.64 3
37.65 0
37.66 0
37.67 0
37.68 0
37.69 0
37.7 0
37.71 0
37.72 0
37.73 5
37.74 10
37.75 19
37.76 26
37.77 29
37.78 36
37.79 38
37.8 19
37.81 19
37.82 19
37.83 20
37.84 15
37.85 6
37.86 0
37.87 3
37.88 0
37.89 0
37.9 0
37.91 0
37.92 0
37.93 1
37.94 4
37.95 11
37.96 18
37.97 24
37.98 30
37.99 33
38 39
38.01 30
38.02 21
38.03 21
38.04 22
38.05 22
38.06 17
38.07 19
38.08 11
38.09 0
38.1 0
38.11 0
38.12 0
38.13 0
38.14 0
38.15 0
38.16 0
38.17 0
38.18 0
38.19 7
38.2 12
38.21 18
38.22 22
38.23 29
38.24 37
38.25 44
38.26 21
38.27 21
38.28 21
38.29 20
38.3 20
38.31 21
38.32 20
38.33 19
38.34 13
38.35 9
38.36 0
38.37 0
38.38 0
38.39 0
38.4 0
38.41 0
38.42 0
38.43 0
38.44 5
38.45 11
38.46 17
38.47 20
38.48 26
38.49 33
38.5 37
38.51 42
38.52 22
38.53 22
38.54 23
38.55 22
38.56 19
38.57 11
38.58 13
38.59 11
38.6 9
38.61 0
38.62 0
38.63 0
38.64 0
38.65 0
38.66 0
38.67 0
38.68 0
38.69 7
38.7 12
38.71 19
38.72 26
38.73 31
38.74 35
38.75 30
38.76 20
38.77 19
38.78 20
38.79 20
38.8 20
38.81 16
38.82 4
38.83 2
38.84 0
38.85 0
38.86 0
38.87 0
38.88 0
38.89 3
38.9 8
38.91 15
38.92 20
38.93 27
38.94 33
38.95 37
38.96 18
38.97 19
38.98 18
38.99 18
39 19
39.01 18
39.02 15
39.03 7
39.04 0
39.05 0
39.06 0
39.07 0
39.08 3
39.09 0
39.1 4
39.11 10
39.12 15
39.13 20
39.14 24
39.15 29
39.16 35
39.17 38
39.18 38
39.19 23
39.2 24
39.21 24
39.22 23
39.23 23
39.24 24
39.25 16
39.26 16
39.27 1
39.28 0
39.29 0
39.3 0
39.31 0
39.32 0
39.33 0
39.34 0
39.35 0
39.36 3
39.37 10
39.38 15
39.39 22
39.4 26
39.41 32
39.42 37
39.43 20
39.44 20
39.45 20
39.46 20
39.47 16
39.48 12
39.49 0
39.5 0
39.51 0
39.52 0
39.53 0
39.54 0
39.55 0
39.56 0
39.57 3
39.58 10
39.59 16
39.6 19
39.61 25
39.62 31
39.63 35
39.64 30
39.65 20
39.66 19
39.67 19
39.68 21
39.69 11
39.7 5
39.71 5
39.72 0
39.73 0
39.74 0
39.75 0
39.76 0
39.77 0
39.78 0
39.79 5
39.8 10
39.81 17
39.82 24
39.83 29
39.84 33
39.85 39
39.86 21
39.87 20
39.88 20
39.89 21
39.9 19
39.91 17
39.92 6
39.93 7
39.94 2
39.95 0
39.96 0
39.97 0
39.98 0
39.99 6
40 9
40.01 16
40.02 23
40.03 32
40.04 35
40.05 19
40.06 20
40.07 21
40.08 19
40.09 12
40.1 15
40.11 8
40.12 4
40.13 0
40.14 0
40.15 0
40.16 0
40.17 2
40.18 7
40.19 14
40.2 21
40.21 27
40.22 37
40.23 41
40.24 22
40.25 22
40.26 21
40.27 21
40.28 22
40.29 22
40.3 20
40.31 14
40.32 3
40.33 0
40.34 0
40.35 0
40.36 0
40.37 0
40.38 0
40.39 0
40.4 0
40.41 1
40.42 6
40.43 16
40.44 21
40.45 28
40.46 33
40.47 38
40.48 32
40.49 20
40.5 21
40.51 21
40.52 20
40.53 4
40.54 2
40.55 1
40.56 0
40.57 0
40.58 0
40.59 0
40.6 0
40.61 0
40.62 0
40.63 0
40.64 8
40.65 15
40.66 18
40.67 24
40.68 31
40.69 36
40.7 42
40.71 20
40.72 20
40.73 21
40.74 21
40.75 18
40.76 15
40.77 5
40.78 0
40.79 0
40.8 0
40.81 0
40.82 0
40.83 0
40.84 0
40.85 0
40.86 0
40.87 0
40.88 2
40.89 8
40.9 13
40.91 18
40.92 25
40.93 30
40.94 34
40.95 38
40.96 19
40.97 22
40.98 19
40.99 20
41 20
41.01 18
41.02 12
41.03 7
41.04 4
41.05 9
41.06 7
41.07 2
41.08 7
41.09 11
41.1 14
41.11 17
41.12 24
41.13 24
41.14 16
41.15 16
41.16 15
41.17 16
41.18 14
41.19 16
41.2 8
41.21 0
41.22 0
41.23 0
41.24 0
41.25 0
41.26 1
41.27 10
41.28 15
41.29 18
41.3 25
41.31 31
41.32 35
41.33 39
41.34 24
41.35 22
41.36 23
41.37 23
41.38 21
41.39 23
41.4 21
41.41 19
41.42 19
41.43 11
41.44 0
41.45 0
41.46 0
41.47 0
41.48 0
41.49 0
41.5 1
41.51 7
41.52 13
41.53 22
41.54 24
41.55 32
41.56 36
41.57 37
41.58 20
41.59 20
41.6 20
41.61 21
41.62 15
41.63 19
41.64 17
41.65 15
41.66 14
41.67 11
41.68 5
41.69 0
41.7 0
41.71 0
41.72 0
41.73 0
41.74 5
41.75 13
41.76 20
41.77 31
41.78 36
41.79 27
41.8 19
41.81 18
41.82 19
41.83 18
41.84 13
41.85 17
41.86 12
41.87 5
41.88 0
41.89 0
41.9 0
41.91 0
41.92 0
41.93 3
41.94 11
41.95 17
41.96 28
41.97 34
41.98 39
41.99 41
42 22
42.01 21
42.02 22
42.03 21
42.04 22
42.05 21
42.06 16
42.07 3
42.08 0
42.09 0
42.1 0
42.11 0
42.12 0
42.13 0
42.14 0
42.15 0
42.16 5
42.17 14
42.18 19
42.19 25
42.2 32
42.21 40
42.22 45
42.23 21
42.24 22
42.25 21
42.26 23
42.27 18
42.28 21
42.29 20
42.3 11
42.31 2
42.32 0
42.33 0
42.34 0
42.35 0
42.36 0
42.37 0
42.38 0
42.39 0
42.4 1
42.41 12
42.42 18
42.43 22
42.44 27
42.45 32
42.46 40
42.47 20
42.48 20
42.49 20
42.5 20
42.51 20
42.52 20
42.53 20
42.54 19
42.55 16
42.56 6
42.57 0
42.58 0
42.59 0
42.6 0
42.61 0
42.62 0
42.63 0
42.64 9
42.65 13
42.66 20
42.67 27
42.68 32
42.69 40
42.7 20
42.71 20
42.72 19
42.73 21
42.74 13
42.75 10
42.76 6
42.77 7
42.78 5
42.79 0
42.8 0
42.81 0
42.82 0
42.83 0
42.84 0
42.85 7
42.86 17
42.87 23
42.88 29
42.89 36
42.9 41
42.91 21
42.92 21
42.93 21
42.94 22
42.95 22
42.96 20
42.97 16
42.98 13
42.99 5
43 2
43.01 0
43.02 0
43.03 0
43.04 0
43.05 0
43.06 10
43.07 17
43.08 22
43.09 29
43.1 34
43.11 42
43.12 28
43.13 22
43.14 24
43.15 22
43.16 22
43.17 22
43.18 23
43.19 20
43.2 16
43.21 9
43.22 0
43.23 0
43.24 0
43.25 0
43.26 0
43.27 0
43.28 7
43.29 17
43.3 23
43.31 29
43.32 37
43.33 27
43.34 19
43.35 19
43.36 19
43.37 20
43.38 13
43.39 12
43.4 13
43.41 0
43.42 0
43.43 0
43.44 0
43.45 0
43.46 0
43.47 0
43.48 1
43.49 8
43.5 15
43.51 20
43.52 25
43.53 31
43.54 40
43.55 29
43.56 21
43.57 20
43.58 21
43.59 20
43.6 14
43.61 2
43.62 3
43.63 5
43.64 0
43.65 0
43.66 0
43.67 0
43.68 0
43.69 0
43.7 0
43.71 0
43.72 8
43.73 15
43.74 19
43.75 26
43.76 32
43.77 38
43.78 39
43.79 20
43.8 20
43.81 21
43.82 22
43.83 20
43.84 19
43.85 13
43.86 8
43.87 2
43.88 0
43.89 0
43.9 0
43.91 0
43.92 0
43.93 0
43.94 5
43.95 13
43.96 20
43.97 24
43.98 31
43.99 38
44 42
44.01 20
44.02 20
44.03 21
44.04 21
44.05 16
44.06 18
44.07 20
44.08 12
44.09 11
44.1 0
44.11 0
44.12 0
44.13 0
44.14 0
44.15 0
44.16 7
44.17 14
44.18 20
44.19 27
44.2 36
44.21 39
44.22 20
44.23 19
44.24 19
44.25 21
44.26 19
44.27 11
44.28 16
44.29 6
44.3 6
44.31 0
44.32 0
44.33 1
44.34 6
44.35 9
44.36 17
44.37 26
44.38 32
44.39 35
44.4 21
44.41 18
44.42 19
44.43 19
44.44 15
44.45 13
44.46 12
44.47 8
44.48 4
44.49 0
44.5 0
44.51 0
44.52 0
44.53 0
44.54 0
44.55 0
44.56 4
44.57 10
44.58 15
44.59 22
44.6 28
44.61 32
44.62 41
44.63 18
44.64 18
44.65 19
44.66 18
44.67 15
44.68 16
44.69 11
44.7 10
44.71 12
44.72 7
44.73 6
44.74 6
44.75 10
44.76 14
44.77 15
44.78 18
44.79 27
44.8 14
44.81 14
44.82 14
44.83 13
44.84 14
44.85 13
44.86 11
44.87 0
44.88 0
44.89 0
44.9 0
44.91 0
44.92 0
44.93 0
44.94 0
44.95 4
44.96 10
44.97 15
44.98 18
44.99 25
45 30
45.01 35
45.02 38
45.03 20
45.04 21
45.05 20
45.06 21
45.07 20
45.08 21
45.09 19
45.1 17
45.11 14
45.12 1
45.13 0
45.14 0
45.15 0
45.16 0
45.17 0
45.18 0
45.19 0
45.2 0
45.21 0
45.22 0
45.23 4
45.24 9
45.25 17
45.26 22
45.27 25
45.28 29
45.29 34
45.3 39
45.31 20
45.32 20
45.33 23
45.34 20
45.35 20
45.36 12
45.37 8
45.38 1
45.39 0
45.4 0
45.41 0
45.42 0
45.43 0
45.44 0
45.45 0
45.46 4
45.47 12
45.48 18
45.49 26
45.5 31
45.51 37
45.52 38
45.53 20
45.54 19
45.55 20
45.56 20
45.57 17
45.58 11
45.59 6
45.6 0
45.61 0
45.62 0
45.63 0
45.64 0
45.65 0
45.66 1
45.67 5
45.68 11
45.69 21
45.7 26
45.71 31
45.72 40
45.73 47
45.74 22
45.75 22
45.76 22
45.77 23
45.78 16
45.79 6
45.8 10
45.81 10
45.82 6
45.83 0
45.84 0
45.85 0
45.86 0
45.87 0
45.88 0
45.89 2
45.9 10
45.91 16
45.92 23
45.93 29
45.94 35
45.95 38
45.96 19
45.97 19
45.98 19
45.99 20
46 20
46.01 15
46.02 13
46.03 18
46.04 13
46.05 8
46.06 3
46.07 0
46.08 4
46.09 7
46.1 11
46.11 17
46.12 22
46.13 27
46.14 30
46.15 26
46.16 20
46.17 22
46.18 19
46.19 20
46.2 20
46.21 14
46.22 6
46.23 0
46.24 1
46.25 1
46.26 0
46.27 0
46.28 0
46.29 0
46.3 0
46.31 8
46.32 15
46.33 19
46.34 28
46.35 32
46.36 39
46.37 44
46.38 23
46.39 21
46.4 21
46.41 22
46.42 22
46.43 21
46.44 15
46.45 13
46.46 5
46.47 0
46.48 0
46.49 0
46.5 0
46.51 0
46.52 0
46.53 0
46.54 3
46.55 8
46.56 15
46.57 20
46.58 26
46.59 35
46.6 41
46.61 19
46.62 20
46.63 19
46.64 19
46.65 19
46.66 17
46.67 19
46.68 19
46.69 8
46.7 2
46.71 0
46.72 0
46.73 0
46.74 0
46.75 0
46.76 4
46.77 14
46.78 19
46.79 25
46.8 32
46.81 33
46.82 17
46.83 17
46.84 19
46.85 17
46.86 16
46.87 14
46.88 7
46.89 0
46.9 0
46.91 0
46.92 0
46.93 0
46.94 0
46.95 1
46.96 11
46.97 17
46.98 22
46.99 31
47 36
47.01 41
47.02 33
47.03 22
47.04 22
47.05 22
47.06 23
47.07 23
47.08 23
47.09 19
47.1 11
47.11 0
47.12 0
47.13 0
47.14 0
47.15 0
47.16 0
47.17 0
47.18 0
47.19 5
47.2 12
47.21 16
47.22 21
47.23 26
47.24 32
47.25 37
47.26 19
47.27 20
47.28 19
47.29 21
47.3 15
47.31 17
47.32 15
47.33 11
47.34 2
47.35 2
47.36 4
47.37 2
47.38 7
47.39 10
47.4 14
47.41 22
47.42 29
47.43 15
47.44 15
47.45 15
47.46 17
47.47 17
47.48 8
47.49 6
47.5 0
47.51 0
47.52 0
47.53 0
47.54 0
47.55 0
47.56 0
47.57 0
47.58 3
47.59 7
47.6 15
47.61 25
47.62 31
47.63 33
47.64 37
47.65 37
47.66 21
47.67 21
47.68 21
47.69 22
47.7 14
47.71 12
47.72 14
47.73 14
47.74 0
47.75 0
47.76 0
47.77 0
47.78 0
47.79 0
47.8 0
47.81 0
47.82 7
47.83 14
47.84 19
47.85 29
47.86 34
47.87 40
47.88 28
47.89 21
47.9 22
47.91 22
47.92 22
47.93 20
47.94 21
47.95 14
47.96 4
47.97 0
47.98 0
47.99 0
48 0
48.01 0
48.02 0
48.03 0
48.04 0
48.05 0
48.06 0
48.07 7
48.08 12
48.09 15
48.1 20
48.11 26
48.12 31
48.13 34
48.14 18
48.15 18
48.16 21
48.17 19
48.18 16
48.19 15
48.2 14
48.21 13
48.22 6
48.23 0
48.24 0
48.25 0
48.26 0
48.27 0
48.28 4
48.29 10
48.3 16
48.31 20
48.32 23
48.33 31
48.34 34
48.35 41
48.36 21
48.37 21
48.38 21
48.39 22
48.4 21
48.41 20
48.42 10
48.43 7
48.44 0
48.45 0
48.46 0
48.47 0
48.48 0
48.49 0
48.5 0
48.51 1
48.52 8
48.53 18
48.54 21
48.55 27
48.56 31
48.57 38
48.58 32
48.59 20
48.6 22
48.61 21
48.62 21
48.63 20
48.64 17
48.65 15
48.66 2
48.67 0
48.68 0
48.69 0
48.7 0
48.71 0
48.72 0
48.73 0
48.74 1
48.75 7
48.76 13
48.77 18
48.78 23
48.79 29
48.8 34
48.81 40
48.82 20
48.83 19
48.84 19
48.85 19
48.86 17
48.87 18
48.88 17
48.89 12
48.9 7
48.91 0
48.92 0
48.93 0
48.94 3
48.95 6
48.96 7
48.97 15
48.98 21
48.99 31
49 37
49.01 43
49.02 22
49.03 23
49.04 23
49.05 22
49.06 17
49.07 17
49.08 16
49.09 15
49.1 10
49.11 0
49.12 0
49.13 0
49.14 0
49.15 0
49.16 1
49.17 12
49.18 19
49.19 26
49.2 31
49.21 40
49.22 45
49.23 23
49.24 23
49.25 22
49.26 23
49.27 18
49.28 17
49.29 23
49.3 17
49.31 8
49.32 3
49.33 0
49.34 0
49.35 0
49.36 0
49.37 0
49.38 5
49.39 14
49.4 21
49.41 28
49.42 36
49.43 43
49.44 20
49.45 20
49.46 20
49.47 21
49.48 20
49.49 21
49.5 21
49.51 14
49.52 13
49.53 2
49.54 0
49.55 0
49.56 0
49.57 0
49.58 0
49.59 0
49.6 0
49.61 0
49.62 11
49.63 15
49.64 21
49.65 27
49.66 32
49.67 37
49.68 21
49.69 20
49.7 20
49.71 19
49.72 20
49.73 15
49.74 5
49.75 0
49.76 0
49.77 0
49.78 0
49.79 0
49.8 0
49.81 0
49.82 0
49.83 5
49.84 12
49.85 21
49.86 27
49.87 31
49.88 35
49.89 43
49.9 20
49.91 23
49.92 20
49.93 21
49.94 17
49.95 21
49.96 18
49.97 16
49.98 14
49.99 0
50 0
50.01 0
50.02 0
50.03 0
50.04 0
50.05 0
50.06 0
50.07 0
50.08 5
50.09 11
50.1 16
50.11 21
50.12 28
50.13 34
50.14 40
50.15 20
50.16 19
50.17 19
50.18 19
50.19 18
50.2 19
50.21 19
50.22 20
50.23 15
50.24 5
50.25 0
50.26 0
50.27 0
50.28 0
50.29 0
50.3 0
50.31 0
50.32 7
50.33 17
50.34 23
50.35 28
50.36 34
50.37 31
50.38 18
50.39 19
50.4 18
50.41 18
50.42 14
50.43 15
50.44 17
50.45 15
50.46 12
50.47 8
50.48 0
50.49 0
50.5 0
50.51 0
50.52 0
50.53 0
50.54 6
50.55 14
50.56 20
50.57 28
50.58 33
50.59 40
50.6 23
50.61 20
50.62 21
50.63 21
50.64 20
50.65 17
50.66 13
50.67 12
50.68 5
50.69 4
50.7 1
50.71 0
50.72 0
50.73 0
50.74 1
50.75 4
50.76 10
50.77 18
50.78 29
50.79 36
50.8 43
50.81 20
50.82 22
50.83 20
50.84 21
50.85 15
50.86 16
50.87 19
50.88 16
50.89 8
50.9 5
50.91 0
50.92 0
50.93 0
50.94 5
50.95 12
50.96 20
50.97 23
50.98 29
50.99 35
51 43
51.01 36
51.02 24
51.03 24
51.04 26
51.05 25
51.06 17
51.07 20
51.08 13
51.09 1
51.1 0
51.11 0
51.12 0
51.13 0
51.14 0
51.15 0
51.16 1
51.17 7
51.18 17
51.19 22
51.2 26
51.21 33
51.22 43
51.23 37
51.24 23
51.25 22
51.26 23
51.27 22
51.28 21
51.29 15
51.3 21
51.31 5
51.32 0
51.33 0
51.34 0
51.35 0
51.36 0
51.37 0
51.38 1
51.39 8
51.4 13
51.41 22
51.42 26
51.43 30
51.44 35
51.45 18
51.46 17
51.47 18
51.48 19
51.49 16
51.5 18
51.51 7
51.52 0
51.53 0
51.54 0
51.55 0
51.56 0
51.57 0
51.58 0
51.59 0
51.6 0
51.61 2
51.62 11
51.63 17
51.64 23
51.65 27
51.66 31
51.67 36
51.68 24
51.69 19
51.7 19
51.71 20
51.72 20
51.73 16
51.74 12
51.75 14
51.76 15
51.77 9
51.78 6
51.79 0
51.8 0
51.81 3
51.82 7
51.83 10
51.84 16
51.85 25
51.86 30
51.87 33
51.88 18
51.89 20
51.9 19
51.91 18
51.92 16
51.93 14
51.94 6
51.95 0
51.96 0
51.97 0
51.98 0
51.99 0
52 0
52.01 2
52.02 8
52.03 18
52.04 24
52.05 31
52.06 37
52.07 39
52.08 21
52.09 22
52.1 20
52.11 22
52.12 16
52.13 16
52.14 14
52.15 18
52.16 15
52.17 5
52.18 2
52.19 0
52.2 0
52.21 0
52.22 0
52.23 0
52.24 0
52.25 5
52.26 13
52.27 22
52.28 28
52.29 34
52.3 37
52.31 18
52.32 18
52.33 18
52.34 18
52.35 17
52.36 19
52.37 12
52.38 17
52.39 14
52.4 8
52.41 0
52.42 0
52.43 0
52.44 0
52.45 0
52.46 0
52.47 0
52.48 0
52.49 0
52.5 11
52.51 18
52.52 24
52.53 28
52.54 34
52.55 39
52.56 20
52.57 20
52.58 20
52.59 20
52.6 17
52.61 21
52.62 20
52.63 19
52.64 16
52.65 7
52.66 0
52.67 0
52.68 0
52.69 0
52.7 0
52.71 0
52.72 2
52.73 7
52.74 12
52.75 24
52.76 32
52.77 39
52.78 27
52.79 19
52.8 19
52.81 20
52.82 20
52.83 19
52.84 19
52.85 15
52.86 0
52.87 0
52.88 0
52.89 0
52.9 0
52.91 0
52.92 0
52.93 2
52.94 7
52.95 14
52.96 19
52.97 27
52.98 32
52.99 37
53 40
53.01 21
53.02 22
53.03 21
53.04 21
53.05 15
53.06 15
53.07 13
53.08 11
53.09 10
53.1 0
53.11 0
53.12 0
53.13 0
53.14 0
53.15 8
53.16 14
53.17 20
53.18 27
53.19 32
53.2 39
53.21 19
53.22 21
53.23 20
53.24 19
53.25 13
53.26 17
53.27 9
53.28 3
53.29 0
53.3 0
53.31 0
53.32 0
53.33 0
53.34 0
53.35 2
53.36 5
53.37 11
53.38 18
53.39 24
53.4 28
53.41 33
53.42 38
53.43 20
53.44 20
53.45 21
53.46 20
53.47 16
53.48 14
53.49 11
53.5 13
53.51 0
53.52 2
53.53 0
53.54 0
53.55 0
53.56 0
53.57 8
53.58 15
53.59 24
53.6 31
53.61 36
53.62 41
53.63 21
53.64 22
53.65 21
53.66 20
53.67 20
53.68 16
53.69 19
53.7 12
53.71 5
53.72 0
53.73 0
53.74 0
53.75 0
53.76 0
53.77 2
53.78 5
53.79 12
53.8 18
53.81 26
53.82 33
53.83 39
53.84 29
53.85 20
53.86 20
53.87 20
53.88 21
53.89 14
53.9 18
53.91 18
53.92 11
53.93 8
53.94 0
53.95 0
53.96 0
53.97 0
53.98 0
53.99 0
54 4
54.01 9
54.02 18
54.03 25
54.04 31
54.05 35
54.06 38
54.07 21
54.08 20
54.09 20
54.1 20
54.11 19
54.12 19
54.13 20
54.14 12
54.15 8
54.16 0
54.17 0
54.18 0
54.19 3
54.2 0
54.21 0
54.22 1
54.23 7
54.24 15
54.25 22
54.26 28
54.27 34
54.28 38
54.29 41
54.3 28
54.31 24
54.32 24
54.33 24
54.34 24
54.35 19
54.36 19
54.37 15
54.38 13
54.39 6
54.4 0
54.41 0
54.42 0
54.43 0
54.44 0
54.45 0
54.46 0
54.47 0
54.48 6
54.49 16
54.5 23
54.51 28
54.52 35
54.53 37
54.54 38
54.55 22
54.56 22
54.57 21
54.58 21
54.59 21
54.6 11
54.61 5
54.62 0
54.63 0
54.64 0
54.65 0
54.66 0
54.67 0
54.68 0
54.69 0
54.7 0
54.71 1
54.72 6
54.73 13
54.74 20
54.75 25
54.76 28
54.77 34
54.78 38
54.79 23
54.8 21
54.81 21
54.82 22
54.83 20
54.84 13
54.85 13
54.86 12
54.87 8
54.88 11
54.89 4
54.9 1
54.91 6
54.92 11
54.93 11
54.94 15
54.95 23
54.96 32
54.97 32
54.98 18
54.99 18
55 18
55.01 18
55.02 10
55.03 3
55.04 6
55.05 0
55.06 0
55.07 0
55.08 0
55.09 0
55.1 0
55.11 4
55.12 13
55.13 22
55.14 27
55.15 32
55.16 38
55.17 19
55.18 19
55.19 20
55.2 19
55.21 16
55.22 6
55.23 8
55.24 0
55.25 0
55.26 0
55.27 0
55.28 0
55.29 0
55.3 4
55.31 11
55.32 18
55.33 26
55.34 33
55.35 37
55.36 41
55.37 20
55.38 20
55.39 20
55.4 21
55.41 20
55.42 13
55.43 9
55.44 7
55.45 0
55.46 0
55.47 0
55.48 0
55.49 0
55.5 0
55.51 0
55.52 0
55.53 0
55.54 5
55.55 11
55.56 18
55.57 23
55.58 28
55.59 34
55.6 40
55.61 33
55.62 22
55.63 22
55.64 21
55.65 21
55.66 13
55.67 15
55.68 3
55.69 0
55.7 0
55.71 0
55.72 0
55.73 0
55.74 0
55.75 0
55.76 0
55.77 0
55.78 8
55.79 16
55.8 21
55.81 27
55.82 31
55.83 37
55.84 24
55.85 21
55.86 21
55.87 19
55.88 19
55.89 19
55.9 18
55.91 16
55.92 6
55.93 4
55.94 3
55.95 0
55.96 0
55.97 0
55.98 0
55.99 4
56 10
56.01 15
56.02 24
56.03 29
56.04 34
56.05 39
56.06 19
56.07 19
56.08 21
56.09 20
56.1 13
56.11 7
56.12 4
56.13 4
56.14 0
56.15 3
56.16 0
56.17 0
56.18 3
56.19 7
56.2 14
56.21 20
56.22 26
56.23 33
56.24 37
56.25 24
56.26 21
56.27 21
56.28 20
56.29 20
56.3 21
56.31 22
56.32 10
56.33 3
56.34 0
56.35 0
56.36 0
56.37 0
56.38 0
56.39 0
56.4 3
56.41 8
56.42 16
56.43 22
56.44 26
56.45 32
56.46 38
56.47 18
56.48 20
56.49 18
56.5 18
56.51 19
56.52 12
56.53 16
56.54 5
56.55 0
56.56 0
56.57 0
56.58 0
56.59 0
56.6 3
56.61 10
56.62 15
56.63 21
56.64 26
56.65 32
56.66 35
56.67 41
56.68 23
56.69 22
56.7 22
56.71 23
56.72 20
56.73 11
56.74 10
56.75 4
56.76 0
56.77 0
56.78 0
56.79 0
56.8 0
56.81 0
56.82 0
56.83 0
56.84 1
56.85 9
56.86 12
56.87 17
56.88 23
56.89 28
56.9 30
56.91 39
56.92 18
56.93 18
56.94 19
56.95 18
56.96 19
56.97 17
56.98 11
56.99 9
57 0
57.01 0
57.02 0
57.03 0
57.04 0
57.05 0
57.06 1
57.07 6
57.08 11
57.09 23
57.1 25
57.11 28
57.12 36
57.13 41
57.14 20
57.15 20
57.16 20
57.17 21
57.18 14
57.19 6
57.2 3
57.21 10
57.22 11
57.23 0
57.24 0
57.25 0
57.26 0
57.27 0
57.28 0
57.29 0
57.3 5
57.31 11
57.32 16
57.33 23
57.34 28
57.35 29
57.36 36
57.37 26
57.38 19
57.39 21
57.4 19
57.41 19
57.42 13
57.43 16
57.44 10
57.45 5
57.46 0
57.47 0
57.48 0
57.49 0
57.5 0
57.51 5
57.52 11
57.53 18
57.54 26
57.55 32
57.56 36
57.57 40
57.58 23
57.59 22
57.6 22
57.61 22
57.62 20
57.63 12
57.64 13
57.65 12
57.66 9
57.67 0
57.68 0
57.69 0
57.7 0
57.71 2
57.72 3
57.73 11
57.74 21
57.75 29
57.76 36
57.77 44
57.78 31
57.79 22
57.8 23
57.81 23
57.82 22
57.83 18
57.84 18
57.85 14
57.86 12
57.87 12
57.88 7
57.89 9
57.9 7
57.91 6
57.92 15
57.93 17
57.94 15
57.95 14
57.96 13
57.97 14
57.98 10
57.99 10
58 7
58.01 3
58.02 3
58.03 0
58.04 0
58.05 6
58.06 12
58.07 17
58.08 25
58.09 31
58.1 35
58.11 24
58.12 19
58.13 20
58.14 20
58.15 19
58.16 19
58.17 14
58.18 10
58.19 7
58.2 10
58.21 5
58.22 0
58.23 1
58.24 2
58.25 5
58.26 14
58.27 18
58.28 25
58.29 30
58.3 35
58.31 30
58.32 20
58.33 18
58.34 19
58.35 20
58.36 7
58.37 12
58.38 15
58.39 11
58.4 16
58.41 16
58.42 6
58.43 8
58.44 7
58.45 10
58.46 17
58.47 23
58.48 9
58.49 13
58.5 13
58.51 19
58.52 11
58.53 0
58.54 0
58.55 3
58.56 1
58.57 6
58.58 11
58.59 8
58.6 13
58.61 18
58.62 23
58.63 29
58.64 31
58.65 37
58.66 22
58.67 21
58.68 17
58.69 10
58.7 2
58.71 0
58.72 0
58.73 0
58.74 0
58.75 0
58.76 0
58.77 0
58.78 0
58.79 0
58.8 0
58.81 0
58.82 0
58.83 0
58.84 0
58.85 0
58.86 0
58.87 0
58.88 0
58.89 0
58.9 0
58.91 0
58.92 0
58.93 0
58.94 0
58.95 0
58.96 0
58.97 0
58.98 0
58.99 0
59 0
59.01 0
59.02 0
59.03 0
59.04 0
59.05 0
59.06 0
59.07 0
59.08 0
59.09 0
59.1 0
59.11 0
59.12 0
59.13 0
59.14 0
59.15 0
59.16 0
59.17 0
59.18 0
59.19 0
59.2 0
59.21 0
59.22 0
59.23 0
59.24 0
59.25 0
59.26 0
59.27 0
59.28 0
59.29 0
59.3 0
59.31 0
59.32 0
59.33 0
59.34 0
59.35 0
59.36 0
59.37 0
59.38 0
59.39 0
59.4 0
59.41 0
59.42 0
59.43 0
59.44 0
59.45 0
59.46 0
59.47 0
59.48 0
59.49 0
59.5 0
59.51 0
59.52 0
59.53 0
59.54 0
59.55 0
59.56 0
59.57 0
59.58 0
59.59 0
59.6 0
59.61 0
59.62 0
59.63 0
59.64 0
59.65 0
59.66 0
59.67 0
59.68 0
59.69 0
59.7 0
59.71 0
59.72 0
59.73 0
59.74 0
59.75 0
59.76 0
59.77 0
59.78 0
59.79 0
59.8 0
59.81 0
59.82 0
59.83 0
59.84 0
59.85 0
59.86 0
59.87 0
59.88 0
59.89 0
59.9 0
59.91 0
59.92 0
59.93 0
59.94 0
59.95 0
59.96 0
59.97 0
59.98 0
59.99 0
60 0
60.01 0
60.02 0
60.03 0
60.04 0
60.05 0
60.06 0
60.07 0
60.08 0
60.09 0
60.1 0
60.11 0
60.12 0
60.13 0
60.14 0
60.15 0
60.16 0
60.17 0
60.18 0
60.19 0
60.2 0
60.21 0
60.22 0
60.23 0
60.24 0
60.25 0
60.26 0
60.27 0
60.28 0
60.29 0
60.3 0
60.31 0
60.32 0
60.33 0
60.34 0
60.35 0
60.36 0
60.37 0
60.38 0
60.39 0
60.4 0
60.41 0
60.42 0
60.43 0
60.44 0
60.45 0
60.46 0
60.47 0
60.48 0
60.49 0
60.5 0
60.51 0
60.52 0
60.53 0
60.54 0
60.55 0
60.56 0
60.57 0
60.58 0
60.59 0
60.6 0
60.61 0
60.62 0
60.63 0
60.64 0
60.65 0
60.66 0
60.67 0
60.68 0
60.69 0
60.7 0
60.71 0
60.72 0
60.73 0
60.74 0
60.75 0
60.76 0
60.77 0
60.78 0
60.79 0
60.8 0
60.81 0
60.82 0
60.83 0
60.84 0
60.85 0
60.86 0
60.87 0
60.88 0
60.89 0
60.9 0
60.91 0
60.92 0
60.93 0
60.94 0
60.95 0
60.96 0
60.97 0
60.98 0
60.99 0
61 0
61.01 0
61.02 0
61.03 0
61.04 0
61.05 0
61.06 0
61.07 0
61.08 0
61.09 0
61.1 0
61.11 0
61.12 0
61.13 0
61.14 0
61.15 0
61.16 0
61.17 0
61.18 0
61.19 0
61.2 0
61.21 0
61.22 0
61.23 0
61.24 0
61.25 0
61.26 0
61.27 0
61.28 0
61.29 0
61.3 0
61.31 0
61.32 0
61.33 0
61.34 0
61.35 0
61.36 0
61.37 0
61.38 0
61.39 0
61.4 0
61.41 0
61.42 0
61.43 0
61.44 0
61.45 0
61.46 0
61.47 0
61.48 0
61.49 0
61.5 0
61.51 0
61.52 0
61.53 0
61.54 0
61.55 0
61.56 0
61.57 0
61.58 0
61.59 0
61.6 0
61.61 0
61.62 0
61.63 0
61.64 0
61.65 0
61.66 0
61.67 0
61.68 0
61.69 0
61.7 0
61.71 0
61.72 0
61.73 0
61.74 0
61.75 0
61.76 0
61.77 0
61.78 0
61.79 0
61.8 0
61.81 0
61.82 0
61.83 0
61.84 0
61.85 0
61.86 0
61.87 0
61.88 0
61.89 0
61.9 0
61.91 0
61.92 0
61.93 0
61.94 0
61.95 0
61.96 0
61.97 0
61.98 0
61.99 0
62 0
62.01 0
62.02 0
62.03 0
62.04 0
62.05 0
62.06 0
62.07 0
62.08 0
62.09 0
62.1 0
62.11 0
62.12 0
62.13 0
62.14 0
62.15 0
62.16 0
62.17 0
62.18 0
62.19 0
62.2 0
62.21 0
62.22 0
62.23 0
62.24 0
62.25 0
62.26 0
62.27 0
62.28 0
62.29 0
62.3 0
62.31 0
62.32 0
62.33 0
62.34 0
62.35 0
62.36 0
62.37 0
62.38 0
62.39 0
62.4 0
62.41 0
62.42 0
62.43 0
62.44 0
62.45 0
62.46 0
62.47 0
62.48 0
62.49 0
62.5 0
62.51 0
62.52 0
62.53 0
62.54 0
62.55 0
62.56 0
62.57 0
62.58 0
62.59 0
62.6 0
62.61 0
62.62 0
62.63 0
62.64 0
62.65 0
62.66 0
62.67 0
62.68 0
62.69 0
62.7 0
62.71 0
62.72 0
62.73 0
62.74 0
62.75 0
62.76 0
62.77 0
62.78 0
62.79 0
62.8 0
62.81 0
62.82 0
62.83 0
62.84 0
62.85 0
62.86 0
62.87 0
62.88 0
62.89 0
62.9 0
62.91 0
62.92 0
62.93 0
62.94 0
62.95 0
62.96 0
62.97 0
62.98 0
62.99 0
