0 0
0.01 0
0.02 0
0.03 0
0.04 0
0.05 0
0.06 0
0.07 0
0.08 0
0.09 0
0.1 0
0.11 0
0.12 0
0.13 0
0.14 0
0.15 0
0.16 0
0.17 0
0.18 0
0.19 0
0.2 0
0.21 0
0.22 0
0.23 0
0.24 5
0.25 45
0.26 84
0.27 55
0.28 32
0.29 32
0.3 32
0.31 32
0.32 27
0.33 0
0.34 0
0.35 0
0.36 10
0.37 19
0.38 19
0.39 19
0.4 16
0.41 8
0.42 0
0.43 0
0.44 0
0.45 0
0.46 0
0.47 0
0.48 0
0.49 0
0.5 0
0.51 0
0.52 0
0.53 0
0.54 0
0.55 0
0.56 1
0.57 1
0.58 2
0.59 3
0.6 4
0.61 4
0.62 6
0.63 7
0.64 7
0.65 8
0.66 9
0.67 10
0.68 10
0.69 12
0.7 12
0.71 13
0.72 14
0.73 14
0.74 16
0.75 16
0.76 17
0.77 18
0.78 19
0.79 19
0.8 19
0.81 21
0.82 22
0.83 22
0.84 17
0.85 17
0.86 17
0.87 17
0.88 5
0.89 0
0.9 0
0.91 0
0.92 0
0.93 0
0.94 0
0.95 0
0.96 0
0.97 0
0.98 0
0.99 0
1 0
1.01 0
1.02 0
1.03 0
1.04 0
1.05 0
1.06 0
1.07 0
1.08 0
1.09 0
1.1 0
1.11 0
1.12 0
1.13 0
1.14 0
1.15 0
1.16 0
1.17 0
1.18 0
1.19 0
1.2 0
1.21 0
1.22 0
1.23 0
1.24 0
1.25 0
1.26 0
1.27 0
1.28 0
1.29 0
1.3 0
1.31 0
1.32 0
1.33 0
1.34 0
1.35 0
1.36 0
1.37 0
1.38 0
1.39 0
1.4 0
1.41 1
1.42 2
1.43 4
1.44 5
1.45 7
1.46 10
1.47 11
1.48 12
1.49 13
1.5 20
1.51 21
1.52 22
1.53 28
1.54 29
1.55 29
1.56 30
1.57 20
1.58 21
1.59 20
1.6 20
1.61 17
1.62 18
1.63 7
1.64 0
1.65 0
1.66 0
1.67 0
1.68 0
1.69 0
1.7 0
1.71 0
1.72 0
1.73 0
1.74 0
1.75 0
1.76 0
1.77 0
1.78 0
1.79 0
1.8 0
1.81 0
1.82 0
1.83 0
1.84 0
1.85 0
1.86 0
1.87 0
1.88 0
1.89 0
1.9 0
1.91 0
1.92 0
1.93 1
1.94 1
1.95 2
1.96 5
1.97 5
1.98 6
1.99 8
2 9
2.01 9
2.02 10
2.03 13
2.04 13
2.05 14
2.06 14
2.07 16
2.08 16
2.09 17
2.1 19
2.11 20
2.12 20
2.13 21
2.14 23
2.15 24
2.16 24
2.17 18
2.18 18
2.19 18
2.2 18
2.21 4
2.22 0
2.23 0
2.24 0
2.25 0
2.26 0
2.27 0
2.28 0
2.29 0
2.3 0
2.31 0
2.32 0
2.33 0
2.34 0
2.35 0
2.36 0
2.37 0
2.38 0
2.39 0
2.4 0
2.41 0
2.42 0
2.43 0
2.44 0
2.45 0
2.46 0
2.47 0
2.48 0
2.49 0
2.5 0
2.51 0
2.52 0
2.53 0
2.54 0
2.55 0
2.56 0
2.57 0
2.58 0
2.59 0
2.6 0
2.61 0
2.62 0
2.63 0
2.64 2
2.65 4
2.66 4
2.67 5
2.68 6
2.69 8
2.7 9
2.71 9
2.72 12
2.73 12
2.74 12
2.75 13
2.76 16
2.77 16
2.78 16
2.79 18
2.8 20
2.81 20
2.82 21
2.83 22
2.84 24
2.85 24
2.86 18
2.87 18
2.88 18
2.89 18
2.9 10
2.91 0
2.92 0
2.93 0
2.94 0
2.95 0
2.96 0
2.97 0
2.98 0
2.99 0
3 0
3.01 0
3.02 0
3.03 0
3.04 0
3.05 0
3.06 0
3.07 0
3.08 0
3.09 0
3.1 0
3.11 0
3.12 0
3.13 0
3.14 0
3.15 0
3.16 0
3.17 0
3.18 0
3.19 0
3.2 0
3.21 0
3.22 0
3.23 0
3.24 0
3.25 0
3.26 0
3.27 0
3.28 0
3.29 0
3.3 0
3.31 0
3.32 0
3.33 2
3.34 3
3.35 4
3.36 4
3.37 7
3.38 8
3.39 8
3.4 9
3.41 11
3.42 12
3.43 12
3.44 14
3.45 15
3.46 16
3.47 16
3.48 19
3.49 19
3.5 20
3.51 20
3.52 22
3.53 23
3.54 24
3.55 23
3.56 18
3.57 18
3.58 18
3.59 18
3.6 7
3.61 0
3.62 0
3.63 0
3.64 0
3.65 0
3.66 0
3.67 0
3.68 0
3.69 0
3.7 0
3.71 0
3.72 0
3.73 0
3.74 0
3.75 0
3.76 0
3.77 0
3.78 0
3.79 0
3.8 0
3.81 0
3.82 0
3.83 0
3.84 0
3.85 0
3.86 0
3.87 0
3.88 0
3.89 0
3.9 0
3.91 1
3.92 2
3.93 4
3.94 5
3.95 5
3.96 7
3.97 8
3.98 9
3.99 10
4 12
4.01 12
4.02 13
4.03 15
4.04 16
4.05 16
4.06 17
4.07 19
4.08 20
4.09 20
4.1 21
4.11 24
4.12 24
4.13 24
4.14 18
4.15 18
4.16 18
4.17 18
4.18 0
4.19 0
4.2 0
4.21 0
4.22 0
4.23 0
4.24 0
4.25 0
4.26 0
4.27 0
4.28 0
4.29 0
4.3 0
4.31 0
4.32 0
4.33 0
4.34 0
4.35 0
4.36 0
4.37 0
4.38 0
4.39 0
4.4 0
4.41 0
4.42 0
4.43 0
4.44 0
4.45 0
4.46 0
4.47 0
4.48 0
4.49 0
4.5 0
4.51 0
4.52 0
4.53 0
4.54 0
4.55 0
4.56 0
4.57 0
4.58 0
4.59 0
4.6 1
4.61 2
4.62 3
4.63 4
4.64 5
4.65 7
4.66 7
4.67 8
4.68 9
4.69 11
4.7 12
4.71 12
4.72 14
4.73 15
4.74 16
4.75 17
4.76 18
4.77 19
4.78 20
4.79 21
4.8 22
4.81 24
4.82 24
4.83 20
4.84 18
4.85 18
4.86 18
4.87 12
4.88 4
4.89 0
4.9 0
4.91 0
4.92 0
4.93 0
4.94 0
4.95 0
4.96 0
4.97 0
4.98 0
4.99 0
5 0
5.01 0
5.02 0
5.03 0
5.04 0
5.05 0
5.06 0
5.07 0
5.08 0
5.09 0
5.1 0
5.11 0
5.12 0
5.13 0
5.14 0
5.15 0
5.16 0
5.17 0
5.18 0
5.19 0
5.2 0
5.21 0
5.22 0
5.23 0
5.24 0
5.25 0
5.26 0
5.27 0
5.28 0
5.29 0
5.3 0
5.31 0
5.32 1
5.33 2
5.34 4
5.35 4
5.36 5
5.37 7
5.38 8
5.39 9
5.4 11
5.41 12
5.42 12
5.43 13
5.44 15
5.45 16
5.46 17
5.47 17
5.48 19
5.49 20
5.5 21
5.51 22
5.52 23
5.53 24
5.54 25
5.55 18
5.56 19
5.57 18
5.58 18
5.59 6
5.6 0
5.61 0
5.62 0
5.63 0
5.64 0
5.65 0
5.66 0
5.67 0
5.68 0
5.69 0
5.7 0
5.71 0
5.72 0
5.73 0
5.74 0
5.75 0
5.76 0
5.77 0
5.78 0
5.79 0
5.8 0
5.81 0
5.82 0
5.83 0
5.84 0
5.85 0
5.86 0
5.87 0
5.88 1
5.89 2
5.9 3
5.91 4
5.92 5
5.93 6
5.94 7
5.95 8
5.96 10
5.97 11
5.98 12
5.99 13
6 14
6.01 16
6.02 16
6.03 17
6.04 18
6.05 19
6.06 20
6.07 21
6.08 23
6.09 23
6.1 24
6.11 18
6.12 18
6.13 18
6.14 18
6.15 14
6.16 4
6.17 0
6.18 0
6.19 0
6.2 0
6.21 0
6.22 0
6.23 0
6.24 0
6.25 0
6.26 0
6.27 0
6.28 0
6.29 0
6.3 0
6.31 0
6.32 0
6.33 0
6.34 0
6.35 0
6.36 0
6.37 0
6.38 0
6.39 0
6.4 0
6.41 0
6.42 0
6.43 0
6.44 0
6.45 0
6.46 0
6.47 0
6.48 0
6.49 1
6.5 2
6.51 2
6.52 4
6.53 5
6.54 6
6.55 6
6.56 8
6.57 10
6.58 10
6.59 12
6.6 13
6.61 14
6.62 14
6.63 16
6.64 17
6.65 18
6.66 19
6.67 20
6.68 22
6.69 22
6.7 22
6.71 23
6.72 22
6.73 18
6.74 18
6.75 18
6.76 17
6.77 6
6.78 3
6.79 0
6.8 0
6.81 0
6.82 0
6.83 0
6.84 0
6.85 0
6.86 0
6.87 0
6.88 0
6.89 0
6.9 0
6.91 0
6.92 0
6.93 0
6.94 0
6.95 0
6.96 0
6.97 0
6.98 0
6.99 0
7 0
7.01 0
7.02 0
7.03 0
7.04 0
7.05 0
7.06 0
7.07 0
7.08 0
7.09 0
7.1 0
7.11 0
7.12 0
7.13 0
7.14 0
7.15 0
7.16 0
7.17 0
7.18 0
7.19 0
7.2 0
7.21 0
7.22 1
7.23 3
7.24 3
7.25 4
7.26 6
7.27 7
7.28 8
7.29 9
7.3 11
7.31 11
7.32 12
7.33 14
7.34 15
7.35 16
7.36 17
7.37 18
7.38 19
7.39 20
7.4 21
7.41 22
7.42 23
7.43 24
7.44 23
7.45 18
7.46 18
7.47 18
7.48 15
7.49 0
7.5 0
7.51 0
7.52 0
7.53 0
7.54 0
7.55 0
7.56 0
7.57 0
7.58 0
7.59 0
7.6 0
7.61 0
7.62 0
7.63 0
7.64 0
7.65 0
7.66 0
7.67 0
7.68 0
7.69 0
7.7 0
7.71 0
7.72 0
7.73 0
7.74 0
7.75 0
7.76 0
7.77 0
7.78 0
7.79 0
7.8 0
7.81 0
7.82 0
7.83 0
7.84 0
7.85 0
7.86 0
7.87 0
7.88 0
7.89 0
7.9 0
7.91 0
7.92 0
7.93 1
7.94 2
7.95 3
7.96 5
7.97 6
7.98 7
7.99 8
8 10
8.01 10
8.02 11
8.03 13
8.04 14
8.05 15
8.06 16
8.07 18
8.08 18
8.09 19
8.1 19
8.11 21
8.12 22
8.13 23
8.14 23
8.15 24
8.16 18
8.17 18
8.18 18
8.19 18
8.2 7
8.21 0
8.22 0
8.23 0
8.24 0
8.25 0
8.26 0
8.27 0
8.28 0
8.29 0
8.3 0
8.31 0
8.32 0
8.33 0
8.34 0
8.35 0
8.36 0
8.37 0
8.38 0
8.39 0
8.4 0
8.41 0
8.42 0
8.43 0
8.44 0
8.45 0
8.46 0
8.47 0
8.48 0
8.49 0
8.5 0
8.51 0
8.52 0
8.53 0
8.54 0
8.55 0
8.56 0
8.57 0
8.58 0
8.59 0
8.6 0
8.61 0
8.62 0
8.63 1
8.64 1
8.65 2
8.66 4
8.67 5
8.68 6
8.69 7
8.7 9
8.71 9
8.72 11
8.73 12
8.74 13
8.75 13
8.76 14
8.77 16
8.78 17
8.79 17
8.8 19
8.81 20
8.82 21
8.83 22
8.84 23
8.85 24
8.86 24
8.87 18
8.88 18
8.89 18
8.9 16
8.91 0
8.92 0
8.93 0
8.94 0
8.95 0
8.96 0
8.97 0
8.98 0
8.99 0
9 0
9.01 0
9.02 0
9.03 0
9.04 0
9.05 0
9.06 0
9.07 0
9.08 0
9.09 0
9.1 0
9.11 0
9.12 0
9.13 0
9.14 0
9.15 0
9.16 0
9.17 0
9.18 0
9.19 0
9.2 0
9.21 0
9.22 0
9.23 0
9.24 0
9.25 0
9.26 0
9.27 0
9.28 0
9.29 0
9.3 0
9.31 0
9.32 0
9.33 1
9.34 1
9.35 2
9.36 4
9.37 5
9.38 6
9.39 7
9.4 9
9.41 9
9.42 9
9.43 12
9.44 13
9.45 13
9.46 14
9.47 16
9.48 17
9.49 17
9.5 18
9.51 22
9.52 21
9.53 21
9.54 22
9.55 25
9.56 25
9.57 18
9.58 18
9.59 18
9.6 18
9.61 0
9.62 0
9.63 0
9.64 0
9.65 0
9.66 0
9.67 0
9.68 0
9.69 0
9.7 0
9.71 0
9.72 0
9.73 0
9.74 0
9.75 0
9.76 0
9.77 0
9.78 0
9.79 0
9.8 0
9.81 0
9.82 0
9.83 0
9.84 0
9.85 0
9.86 0
9.87 0
9.88 0
9.89 0
9.9 0
9.91 0
9.92 0
9.93 0
9.94 0
9.95 0
9.96 0
9.97 0
9.98 0
9.99 0
10 0
10.01 0
10.02 0
10.03 0
10.04 2
10.05 2
10.06 3
10.07 5
10.08 6
10.09 6
10.1 8
10.11 10
10.12 10
10.13 11
10.14 12
10.15 14
10.16 14
10.17 15
10.18 18
10.19 18
10.2 18
10.21 19
10.22 22
10.23 22
10.24 23
10.25 23
10.26 26
10.27 18
10.28 18
10.29 19
10.3 18
10.31 18
10.32 10
10.33 9
10.34 0
10.35 0
10.36 0
10.37 0
10.38 0
10.39 0
10.4 0
10.41 0
10.42 0
10.43 0
10.44 0
10.45 0
10.46 0
10.47 0
10.48 0
10.49 0
10.5 0
10.51 0
10.52 0
10.53 0
10.54 0
10.55 0
10.56 0
10.57 0
10.58 0
10.59 0
10.6 0
10.61 0
10.62 0
10.63 0
10.64 0
10.65 0
10.66 0
10.67 0
10.68 0
10.69 0
10.7 0
10.71 0
10.72 0
10.73 0
10.74 0
10.75 0
10.76 2
10.77 2
10.78 3
10.79 5
10.8 6
10.81 7
10.82 8
10.83 9
10.84 11
10.85 11
10.86 13
10.87 14
10.88 14
10.89 16
10.9 17
10.91 18
10.92 18
10.93 19
10.94 20
10.95 21
10.96 22
10.97 24
10.98 24
10.99 18
11 18
11.01 18
11.02 18
11.03 14
11.04 0
11.05 0
11.06 0
11.07 0
11.08 0
11.09 0
11.1 0
11.11 0
11.12 0
11.13 0
11.14 0
11.15 0
11.16 0
11.17 0
11.18 0
11.19 0
11.2 0
11.21 0
11.22 0
11.23 0
11.24 0
11.25 0
11.26 0
11.27 0
11.28 0
11.29 0
11.3 0
11.31 0
11.32 0
11.33 0
11.34 0
11.35 0
11.36 0
11.37 0
11.38 0
11.39 0
11.4 0
11.41 0
11.42 0
11.43 0
11.44 0
11.45 0
11.46 1
11.47 1
11.48 1
11.49 2
11.5 5
11.51 5
11.52 5
11.53 9
11.54 9
11.55 9
11.56 10
11.57 13
11.58 13
11.59 13
11.6 15
11.61 17
11.62 17
11.63 17
11.64 19
11.65 21
11.66 21
11.67 21
11.68 23
11.69 25
11.7 18
11.71 18
11.72 18
11.73 18
11.74 18
11.75 13
11.76 0
11.77 0
11.78 0
11.79 0
11.8 0
11.81 0
11.82 0
11.83 0
11.84 0
11.85 0
11.86 0
11.87 0
11.88 0
11.89 0
11.9 0
11.91 0
11.92 0
11.93 0
11.94 0
11.95 0
11.96 0
11.97 0
11.98 0
11.99 0
12 0
12.01 0
12.02 0
12.03 0
12.04 0
12.05 0
12.06 0
12.07 0
12.08 0
12.09 0
12.1 0
12.11 0
12.12 0
12.13 0
12.14 0
12.15 0
12.16 0
12.17 0
12.18 1
12.19 2
12.2 4
12.21 4
12.22 5
12.23 7
12.24 8
12.25 9
12.26 11
12.27 12
12.28 12
12.29 13
12.3 15
12.31 16
12.32 17
12.33 18
12.34 18
12.35 20
12.36 21
12.37 22
12.38 23
12.39 24
12.4 25
12.41 18
12.42 18
12.43 18
12.44 18
12.45 18
12.46 12
12.47 10
12.48 0
12.49 0
12.5 0
12.51 0
12.52 0
12.53 0
12.54 0
12.55 0
12.56 0
12.57 0
12.58 0
12.59 0
12.6 0
12.61 0
12.62 0
12.63 0
12.64 0
12.65 0
12.66 0
12.67 0
12.68 0
12.69 0
12.7 0
12.71 0
12.72 0
12.73 0
12.74 0
12.75 0
12.76 0
12.77 0
12.78 3
12.79 4
12.8 4
12.81 6
12.82 8
12.83 8
12.84 9
12.85 10
12.86 12
12.87 12
12.88 13
12.89 14
12.9 16
12.91 16
12.92 18
12.93 19
12.94 20
12.95 21
12.96 22
12.97 23
12.98 24
12.99 24
13 18
13.01 18
13.02 18
13.03 18
13.04 7
13.05 0
13.06 0
13.07 0
13.08 0
13.09 0
13.1 0
13.11 0
13.12 0
13.13 0
13.14 0
13.15 0
13.16 0
13.17 0
13.18 0
13.19 0
13.2 0
13.21 0
13.22 0
13.23 0
13.24 0
13.25 0
13.26 0
13.27 0
13.28 0
13.29 0
13.3 0
13.31 0
13.32 0
13.33 0
13.34 0
13.35 0
13.36 0
13.37 0
13.38 0
13.39 0
13.4 0
13.41 0
13.42 0
13.43 0
13.44 0
13.45 0
13.46 0
13.47 1
13.48 3
13.49 4
13.5 4
13.51 5
13.52 8
13.53 8
13.54 9
13.55 11
13.56 12
13.57 12
13.58 13
13.59 15
13.6 17
13.61 17
13.62 18
13.63 20
13.64 20
13.65 21
13.66 22
13.67 24
13.68 24
13.69 20
13.7 18
13.71 18
13.72 18
13.73 13
13.74 5
13.75 0
13.76 0
13.77 0
13.78 0
13.79 0
13.8 0
13.81 0
13.82 0
13.83 0
13.84 0
13.85 0
13.86 0
13.87 0
13.88 0
13.89 0
13.9 0
13.91 0
13.92 0
13.93 0
13.94 0
13.95 0
13.96 0
13.97 0
13.98 0
13.99 0
14 0
14.01 0
14.02 0
14.03 0
14.04 0
14.05 0
14.06 0
14.07 0
14.08 0
14.09 0
14.1 0
14.11 0
14.12 0
14.13 0
14.14 0
14.15 0
14.16 0
14.17 1
14.18 3
14.19 4
14.2 5
14.21 6
14.22 7
14.23 9
14.24 9
14.25 11
14.26 12
14.27 13
14.28 14
14.29 14
14.3 14
14.31 17
14.32 17
14.33 18
14.34 20
14.35 21
14.36 21
14.37 22
14.38 24
14.39 25
14.4 18
14.41 18
14.42 18
14.43 18
14.44 17
14.45 13
14.46 0
14.47 0
14.48 0
14.49 0
14.5 0
14.51 0
14.52 0
14.53 0
14.54 0
14.55 0
14.56 0
14.57 0
14.58 0
14.59 0
14.6 0
14.61 0
14.62 0
14.63 0
14.64 0
14.65 0
14.66 0
14.67 0
14.68 0
14.69 0
14.7 0
14.71 0
14.72 0
14.73 0
14.74 0
14.75 0
14.76 0
14.77 0
14.78 0
14.79 0
14.8 0
14.81 0
14.82 0
14.83 0
14.84 0
14.85 0
14.86 0
14.87 0
14.88 0
14.89 3
14.9 3
14.91 4
14.92 5
14.93 6
14.94 8
14.95 8
14.96 10
14.97 11
14.98 12
14.99 13
15 14
15.01 16
15.02 16
15.03 17
15.04 19
15.05 20
15.06 20
15.07 21
15.08 23
15.09 24
15.1 25
15.11 18
15.12 18
15.13 18
15.14 18
15.15 9
15.16 0
15.17 0
15.18 0
15.19 0
15.2 0
15.21 0
15.22 0
15.23 0
15.24 0
15.25 0
15.26 0
15.27 0
15.28 0
15.29 0
15.3 0
15.31 0
15.32 0
15.33 0
15.34 0
15.35 0
15.36 0
15.37 0
15.38 0
15.39 0
15.4 0
15.41 0
15.42 0
15.43 0
15.44 0
15.45 0
15.46 1
15.47 2
15.48 3
15.49 4
15.5 5
15.51 6
15.52 8
15.53 8
15.54 10
15.55 11
15.56 11
15.57 13
15.58 13
15.59 15
15.6 16
15.61 17
15.62 18
15.63 19
15.64 20
15.65 21
15.66 22
15.67 23
15.68 24
15.69 18
15.7 18
15.71 18
15.72 18
15.73 12
15.74 0
15.75 0
15.76 0
15.77 0
15.78 0
15.79 0
15.8 0
15.81 0
15.82 0
15.83 0
15.84 0
15.85 0
15.86 0
15.87 0
15.88 0
15.89 0
15.9 0
15.91 0
15.92 0
15.93 0
15.94 0
15.95 0
15.96 0
15.97 0
15.98 0
15.99 0
16 0
16.01 0
16.02 0
16.03 0
16.04 0
16.05 0
16.06 0
16.07 0
16.08 0
16.09 0
16.1 0
16.11 0
16.12 0
16.13 0
16.14 0
16.15 0
16.16 0
16.17 1
16.18 1
16.19 4
16.2 5
16.21 5
16.22 7
16.23 8
16.24 9
16.25 9
16.26 11
16.27 13
16.28 13
16.29 13
16.3 14
16.31 17
16.32 18
16.33 18
16.34 19
16.35 21
16.36 21
16.37 22
16.38 23
16.39 25
16.4 18
16.41 18
16.42 18
16.43 18
16.44 12
16.45 10
16.46 0
16.47 0
16.48 0
16.49 0
16.5 0
16.51 0
16.52 0
16.53 0
16.54 0
16.55 0
16.56 0
16.57 0
16.58 0
16.59 0
16.6 0
16.61 0
16.62 0
16.63 0
16.64 0
16.65 0
16.66 0
16.67 0
16.68 0
16.69 0
16.7 0
16.71 0
16.72 0
16.73 0
16.74 0
16.75 0
16.76 0
16.77 0
16.78 0
16.79 0
16.8 0
16.81 0
16.82 0
16.83 0
16.84 0
16.85 0
16.86 0
16.87 1
16.88 1
16.89 2
16.9 4
16.91 5
16.92 6
16.93 7
16.94 8
16.95 9
16.96 10
16.97 11
16.98 13
16.99 14
17 14
17.01 16
17.02 17
17.03 18
17.04 18
17.05 21
17.06 21
17.07 22
17.08 22
17.09 24
17.1 26
17.11 18
17.12 18
17.13 18
17.14 18
17.15 16
17.16 0
17.17 0
17.18 0
17.19 0
17.2 0
17.21 0
17.22 0
17.23 0
17.24 0
17.25 0
17.26 0
17.27 0
17.28 0
17.29 0
17.3 0
17.31 0
17.32 0
17.33 0
17.34 0
17.35 0
17.36 0
17.37 0
17.38 0
17.39 0
17.4 0
17.41 0
17.42 0
17.43 0
17.44 0
17.45 0
17.46 0
17.47 0
17.48 0
17.49 0
17.5 0
17.51 0
17.52 0
17.53 0
17.54 0
17.55 0
17.56 0
17.57 0
17.58 0
17.59 1
17.6 1
17.61 2
17.62 5
17.63 5
17.64 6
17.65 7
17.66 9
17.67 10
17.68 10
17.69 13
17.7 13
17.71 14
17.72 15
17.73 17
17.74 17
17.75 18
17.76 20
17.77 21
17.78 22
17.79 22
17.8 25
17.81 25
17.82 18
17.83 18
17.84 18
17.85 18
17.86 2
17.87 0
17.88 0
17.89 0
17.9 0
17.91 0
17.92 0
17.93 0
17.94 0
17.95 0
17.96 0
17.97 0
17.98 0
17.99 0
18 0
18.01 0
18.02 0
18.03 0
18.04 0
18.05 0
18.06 0
18.07 0
18.08 0
18.09 0
18.1 0
18.11 0
18.12 0
18.13 0
18.14 0
18.15 0
18.16 0
18.17 0
18.18 0
18.19 0
18.2 0
18.21 0
18.22 0
18.23 0
18.24 0
18.25 0
18.26 0
18.27 0
18.28 0
18.29 1
18.3 1
18.31 3
18.32 4
18.33 5
18.34 6
18.35 7
18.36 9
18.37 9
18.38 11
18.39 12
18.4 13
18.41 14
18.42 15
18.43 17
18.44 17
18.45 18
18.46 19
18.47 20
18.48 21
18.49 22
18.5 23
18.51 24
18.52 18
18.53 18
18.54 18
18.55 18
18.56 18
18.57 6
18.58 1
18.59 0
18.6 0
18.61 0
18.62 0
18.63 0
18.64 0
18.65 0
18.66 0
18.67 0
18.68 0
18.69 0
18.7 0
18.71 0
18.72 0
18.73 0
18.74 0
18.75 0
18.76 0
18.77 0
18.78 0
18.79 0
18.8 0
18.81 0
18.82 0
18.83 0
18.84 0
18.85 0
18.86 0
18.87 0
18.88 0
18.89 0
18.9 0
18.91 0
18.92 0
18.93 0
18.94 0
18.95 0
18.96 0
18.97 0
18.98 0
18.99 0
19 0
19.01 2
19.02 3
19.03 3
19.04 5
19.05 6
19.06 7
19.07 8
19.08 9
19.09 11
19.1 12
19.11 13
19.12 14
19.13 15
19.14 16
19.15 16
19.16 18
19.17 19
19.18 20
19.19 21
19.2 23
19.21 23
19.22 24
19.23 20
19.24 18
19.25 18
19.26 18
19.27 18
19.28 4
19.29 0
19.3 0
19.31 0
19.32 0
19.33 0
19.34 0
19.35 0
19.36 0
19.37 0
19.38 0
19.39 0
19.4 0
19.41 0
19.42 0
19.43 0
19.44 0
19.45 0
19.46 0
19.47 0
19.48 0
19.49 0
19.5 0
19.51 0
19.52 0
19.53 0
19.54 0
19.55 0
19.56 0
19.57 0
19.58 0
19.59 0
19.6 0
19.61 0
19.62 0
19.63 0
19.64 0
19.65 0
19.66 0
19.67 0
19.68 0
19.69 0
19.7 0
19.71 2
19.72 3
19.73 4
19.74 5
19.75 6
19.76 7
19.77 8
19.78 9
19.79 11
19.8 12
19.81 13
19.82 14
19.83 15
19.84 16
19.85 17
19.86 19
19.87 19
19.88 20
19.89 21
19.9 23
19.91 23
19.92 24
19.93 18
19.94 18
19.95 18
19.96 18
19.97 15
19.98 1
19.99 0
20 0
20.01 0
20.02 0
20.03 0
20.04 0
20.05 0
20.06 0
20.07 0
20.08 0
20.09 0
20.1 0
20.11 0
20.12 0
20.13 0
20.14 0
20.15 0
20.16 0
20.17 0
20.18 0
20.19 0
20.2 0
20.21 0
20.22 0
20.23 0
20.24 0
20.25 0
20.26 0
20.27 0
20.28 0
20.29 0
20.3 0
20.31 0
20.32 0
20.33 0
20.34 0
20.35 0
20.36 0
20.37 0
20.38 0
20.39 0
20.4 1
20.41 3
20.42 4
20.43 4
20.44 5
20.45 6
20.46 7
20.47 7
20.48 9
20.49 9
20.5 11
20.51 13
20.52 13
20.53 15
20.54 15
20.55 17
20.56 17
20.57 19
20.58 19
20.59 20
20.6 21
20.61 23
20.62 23
20.63 24
20.64 18
20.65 18
20.66 18
20.67 18
20.68 13
20.69 0
20.7 0
20.71 0
20.72 0
20.73 0
20.74 0
20.75 0
20.76 0
20.77 0
20.78 0
20.79 0
20.8 0
20.81 0
20.82 0
20.83 0
20.84 0
20.85 0
20.86 0
20.87 0
20.88 0
20.89 0
20.9 0
20.91 0
20.92 0
20.93 0
20.94 0
20.95 0
20.96 0
20.97 0
20.98 0
20.99 0
21 0
21.01 0
21.02 0
21.03 0
21.04 0
21.05 0
21.06 0
21.07 0
21.08 0
21.09 0
21.1 0
21.11 1
21.12 2
21.13 3
21.14 3
21.15 6
21.16 7
21.17 7
21.18 7
21.19 11
21.2 11
21.21 11
21.22 13
21.23 15
21.24 15
21.25 15
21.26 18
21.27 19
21.28 19
21.29 19
21.3 21
21.31 23
21.32 23
21.33 23
21.34 23
21.35 18
21.36 18
21.37 18
21.38 15
21.39 0
21.4 0
21.41 0
21.42 0
21.43 0
21.44 0
21.45 0
21.46 0
21.47 0
21.48 0
21.49 0
21.5 0
21.51 0
21.52 0
21.53 0
21.54 0
21.55 0
21.56 0
21.57 0
21.58 0
21.59 0
21.6 0
21.61 0
21.62 0
21.63 0
21.64 0
21.65 0
21.66 0
21.67 0
21.68 0
21.69 0
21.7 0
21.71 1
21.72 3
21.73 4
21.74 5
21.75 6
21.76 8
21.77 9
21.78 9
21.79 11
21.8 12
21.81 12
21.82 14
21.83 16
21.84 16
21.85 16
21.86 18
21.87 20
21.88 20
21.89 21
21.9 23
21.91 24
21.92 24
21.93 18
21.94 18
21.95 18
21.96 18
21.97 18
21.98 8
21.99 0
22 0
22.01 0
22.02 0
22.03 0
22.04 0
22.05 0
22.06 0
22.07 0
22.08 0
22.09 0
22.1 0
22.11 0
22.12 0
22.13 0
22.14 0
22.15 0
22.16 0
22.17 0
22.18 0
22.19 0
22.2 0
22.21 0
22.22 0
22.23 0
22.24 0
22.25 0
22.26 0
22.27 0
22.28 0
22.29 0
22.3 0
22.31 1
22.32 2
22.33 4
22.34 5
22.35 6
22.36 7
22.37 8
22.38 9
22.39 10
22.4 12
22.41 13
22.42 14
22.43 15
22.44 16
22.45 17
22.46 18
22.47 19
22.48 20
22.49 21
22.5 22
22.51 24
22.52 24
22.53 20
22.54 19
22.55 18
22.56 18
22.57 13
22.58 10
22.59 2
22.6 0
22.61 0
22.62 0
22.63 0
22.64 0
22.65 0
22.66 0
22.67 0
22.68 0
22.69 0
22.7 0
22.71 0
22.72 0
22.73 0
22.74 0
22.75 0
22.76 0
22.77 0
22.78 0
22.79 0
22.8 0
22.81 0
22.82 0
22.83 0
22.84 0
22.85 0
22.86 0
22.87 0
22.88 0
22.89 0
22.9 0
22.91 0
22.92 0
22.93 0
22.94 0
22.95 0
22.96 0
22.97 0
22.98 0
22.99 0
23 0
23.01 0
23.02 1
23.03 3
23.04 4
23.05 5
23.06 5
23.07 6
23.08 9
23.09 9
23.1 10
23.11 12
23.12 13
23.13 13
23.14 14
23.15 16
23.16 17
23.17 17
23.18 18
23.19 20
23.2 21
23.21 22
23.22 23
23.23 24
23.24 25
23.25 18
23.26 18
23.27 18
23.28 18
23.29 11
23.3 0
23.31 0
23.32 0
23.33 0
23.34 0
23.35 0
23.36 0
23.37 0
23.38 0
23.39 0
23.4 0
23.41 0
23.42 0
23.43 0
23.44 0
23.45 0
23.46 0
23.47 0
23.48 0
23.49 0
23.5 0
23.51 0
23.52 0
23.53 0
23.54 0
23.55 0
23.56 0
23.57 0
23.58 0
23.59 0
23.6 0
23.61 0
23.62 0
23.63 2
23.64 3
23.65 4
23.66 5
23.67 7
23.68 8
23.69 8
23.7 9
23.71 12
23.72 13
23.73 12
23.74 15
23.75 16
23.76 16
23.77 17
23.78 19
23.79 20
23.8 20
23.81 21
23.82 23
23.83 24
23.84 24
23.85 18
23.86 18
23.87 18
23.88 18
23.89 18
23.9 0
23.91 0
23.92 0
23.93 0
23.94 0
23.95 0
23.96 0
23.97 0
23.98 0
23.99 0
24 0
24.01 0
24.02 0
24.03 0
24.04 0
24.05 0
24.06 0
24.07 0
24.08 0
24.09 0
24.1 0
24.11 0
24.12 0
24.13 0
24.14 0
24.15 0
24.16 0
24.17 0
24.18 0
24.19 0
24.2 0
24.21 0
24.22 0
24.23 0
24.24 0
24.25 0
24.26 0
24.27 0
24.28 0
24.29 0
24.3 0
24.31 0
24.32 1
24.33 1
24.34 2
24.35 4
24.36 5
24.37 6
24.38 7
24.39 9
24.4 9
24.41 10
24.42 11
24.43 13
24.44 14
24.45 15
24.46 16
24.47 17
24.48 18
24.49 19
24.5 21
24.51 21
24.52 22
24.53 23
24.54 25
24.55 18
24.56 18
24.57 18
24.58 18
24.59 11
24.6 7
24.61 0
24.62 0
24.63 0
24.64 0
24.65 0
24.66 0
24.67 0
24.68 0
24.69 0
24.7 0
24.71 0
24.72 0
24.73 0
24.74 0
24.75 0
24.76 0
24.77 0
24.78 0
24.79 0
24.8 0
24.81 0
24.82 0
24.83 0
24.84 0
24.85 0
24.86 0
24.87 0
24.88 0
24.89 0
24.9 0
24.91 0
24.92 0
24.93 0
24.94 0
24.95 0
24.96 0
24.97 0
24.98 0
24.99 0
25 0
25.01 0
25.02 1
25.03 1
25.04 1
25.05 4
25.06 4
25.07 5
25.08 6
25.09 8
25.1 9
25.11 10
25.12 10
25.13 12
25.14 13
25.15 14
25.16 15
25.17 16
25.18 17
25.19 18
25.2 19
25.21 20
25.22 21
25.23 22
25.24 23
25.25 24
25.26 18
25.27 18
25.28 18
25.29 18
25.3 9
25.31 0
25.32 0
25.33 0
25.34 0
25.35 0
25.36 0
25.37 0
25.38 0
25.39 0
25.4 0
25.41 0
25.42 0
25.43 0
25.44 0
25.45 0
25.46 0
25.47 0
25.48 0
25.49 0
25.5 0
25.51 0
25.52 0
25.53 0
25.54 0
25.55 0
25.56 0
25.57 0
25.58 0
25.59 0
25.6 0
25.61 0
25.62 0
25.63 0
25.64 0
25.65 0
25.66 0
25.67 0
25.68 0
25.69 0
25.7 0
25.71 0
25.72 0
25.73 0
25.74 2
25.75 2
25.76 4
25.77 5
25.78 6
25.79 8
25.8 8
25.81 10
25.82 10
25.83 12
25.84 13
25.85 14
25.86 16
25.87 16
25.88 18
25.89 18
25.9 20
25.91 20
25.92 22
25.93 22
25.94 23
25.95 23
25.96 18
25.97 18
25.98 18
25.99 18
26 12
26.01 0
26.02 0
26.03 0
26.04 0
26.05 0
26.06 0
26.07 0
26.08 0
26.09 0
26.1 0
26.11 0
26.12 0
26.13 0
26.14 0
26.15 0
26.16 0
26.17 0
26.18 0
26.19 0
26.2 0
26.21 0
26.22 0
26.23 0
26.24 0
26.25 0
26.26 0
26.27 0
26.28 0
26.29 0
26.3 0
26.31 0
26.32 0
26.33 0
26.34 0
26.35 0
26.36 0
26.37 0
26.38 0
26.39 0
26.4 0
26.41 0
26.42 0
26.43 0
26.44 1
26.45 2
26.46 3
26.47 3
26.48 6
26.49 6
26.5 7
26.51 8
26.52 10
26.53 11
26.54 12
26.55 14
26.56 14
26.57 15
26.58 16
26.59 18
26.6 18
26.61 19
26.62 20
26.63 21
26.64 23
26.65 23
26.66 24
26.67 18
26.68 18
26.69 18
26.7 18
26.71 11
26.72 1
26.73 0
26.74 0
26.75 0
26.76 0
26.77 0
26.78 0
26.79 0
26.8 0
26.81 0
26.82 0
26.83 0
26.84 0
26.85 0
26.86 0
26.87 0
26.88 0
26.89 0
26.9 0
26.91 0
26.92 0
26.93 0
26.94 0
26.95 0
26.96 0
26.97 0
26.98 0
26.99 0
27 0
27.01 0
27.02 0
27.03 0
27.04 0
27.05 0
27.06 0
27.07 0
27.08 0
27.09 0
27.1 0
27.11 0
27.12 0
27.13 0
27.14 0
27.15 2
27.16 3
27.17 4
27.18 5
27.19 6
27.2 7
27.21 8
27.22 10
27.23 10
27.24 11
27.25 12
27.26 13
27.27 15
27.28 15
27.29 16
27.3 17
27.31 19
27.32 20
27.33 20
27.34 22
27.35 23
27.36 24
27.37 24
27.38 18
27.39 18
27.4 18
27.41 18
27.42 14
27.43 0
27.44 0
27.45 0
27.46 0
27.47 0
27.48 0
27.49 0
27.5 0
27.51 0
27.52 0
27.53 0
27.54 0
27.55 0
27.56 0
27.57 0
27.58 0
27.59 0
27.6 0
27.61 0
27.62 0
27.63 0
27.64 0
27.65 0
27.66 0
27.67 0
27.68 0
27.69 0
27.7 0
27.71 0
27.72 0
27.73 0
27.74 0
27.75 0
27.76 0
27.77 0
27.78 0
27.79 0
27.8 0
27.81 0
27.82 0
27.83 0
27.84 1
27.85 1
27.86 2
27.87 2
27.88 4
27.89 5
27.9 6
27.91 8
27.92 8
27.93 10
27.94 10
27.95 12
27.96 13
27.97 14
27.98 16
27.99 16
28 19
28.01 18
28.02 19
28.03 20
28.04 22
28.05 22
28.06 23
28.07 25
28.08 18
28.09 18
28.1 18
28.11 18
28.12 18
28.13 13
28.14 2
28.15 0
28.16 0
28.17 0
28.18 0
28.19 0
28.2 0
28.21 0
28.22 0
28.23 0
28.24 0
28.25 0
28.26 0
28.27 0
28.28 0
28.29 0
28.3 0
28.31 0
28.32 0
28.33 0
28.34 0
28.35 0
28.36 0
28.37 0
28.38 0
28.39 0
28.4 0
28.41 0
28.42 0
28.43 0
28.44 1
28.45 2
28.46 3
28.47 4
28.48 6
28.49 6
28.5 7
28.51 9
28.52 9
28.53 10
28.54 12
28.55 13
28.56 13
28.57 14
28.58 17
28.59 17
28.6 18
28.61 18
28.62 20
28.63 21
28.64 22
28.65 23
28.66 24
28.67 23
28.68 18
28.69 18
28.7 18
28.71 15
28.72 8
28.73 5
28.74 0
28.75 0
28.76 0
28.77 0
28.78 0
28.79 0
28.8 0
28.81 0
28.82 0
28.83 0
28.84 0
28.85 0
28.86 0
28.87 0
28.88 0
28.89 0
28.9 0
28.91 0
28.92 0
28.93 0
28.94 0
28.95 0
28.96 0
28.97 0
28.98 0
28.99 0
29 0
29.01 0
29.02 0
29.03 0
29.04 0
29.05 0
29.06 0
29.07 0
29.08 0
29.09 0
29.1 0
29.11 0
29.12 0
29.13 0
29.14 0
29.15 0
29.16 0
29.17 2
29.18 3
29.19 4
29.2 5
29.21 7
29.22 7
29.23 9
29.24 10
29.25 11
29.26 12
29.27 13
29.28 15
29.29 15
29.3 17
29.31 17
29.32 19
29.33 19
29.34 21
29.35 22
29.36 23
29.37 24
29.38 25
29.39 18
29.4 18
29.41 18
29.42 18
29.43 6
29.44 0
29.45 0
29.46 0
29.47 0
29.48 0
29.49 0
29.5 0
29.51 0
29.52 0
29.53 0
29.54 0
29.55 0
29.56 0
29.57 0
29.58 0
29.59 0
29.6 0
29.61 0
29.62 0
29.63 0
29.64 0
29.65 0
29.66 0
29.67 0
29.68 0
29.69 0
29.7 0
29.71 0
29.72 0
29.73 0
29.74 0
29.75 0
29.76 0
29.77 0
29.78 0
29.79 0
29.8 0
29.81 0
29.82 0
29.83 0
29.84 0
29.85 0
29.86 0
29.87 1
29.88 2
29.89 3
29.9 5
29.91 6
29.92 7
29.93 8
29.94 9
29.95 11
29.96 11
29.97 13
29.98 14
29.99 15
30 15
30.01 17
30.02 18
30.03 19
30.04 20
30.05 21
30.06 23
30.07 23
30.08 24
30.09 24
30.1 18
30.11 18
30.12 18
30.13 17
30.14 0
30.15 0
30.16 0
30.17 0
30.18 0
30.19 0
30.2 0
30.21 0
30.22 0
30.23 0
30.24 0
30.25 0
30.26 0
30.27 0
30.28 0
30.29 0
30.3 0
30.31 0
30.32 0
30.33 0
30.34 0
30.35 0
30.36 0
30.37 0
30.38 0
30.39 0
30.4 0
30.41 0
30.42 0
30.43 0
30.44 0
30.45 0
30.46 0
30.47 0
30.48 0
30.49 0
30.5 0
30.51 0
30.52 0
30.53 0
30.54 0
30.55 0
30.56 0
30.57 0
30.58 2
30.59 2
30.6 4
30.61 5
30.62 5
30.63 6
30.64 7
30.65 9
30.66 9
30.67 11
30.68 13
30.69 13
30.7 14
30.71 15
30.72 17
30.73 17
30.74 19
30.75 19
30.76 21
30.77 21
30.78 23
30.79 24
30.8 25
30.81 18
30.82 18
30.83 19
30.84 18
30.85 1
30.86 0
30.87 0
30.88 0
30.89 0
30.9 0
30.91 0
30.92 0
30.93 0
30.94 0
30.95 0
30.96 0
30.97 0
30.98 0
30.99 0
31 0
31.01 0
31.02 0
31.03 0
31.04 0
31.05 0
31.06 0
31.07 0
31.08 0
31.09 0
31.1 0
31.11 0
31.12 0
31.13 0
31.14 0
31.15 0
31.16 0
31.17 0
31.18 0
31.19 0
31.2 0
31.21 0
31.22 0
31.23 0
31.24 0
31.25 0
31.26 0
31.27 0
31.28 0
31.29 2
31.3 3
31.31 5
31.32 6
31.33 6
31.34 8
31.35 8
31.36 10
31.37 11
31.38 12
31.39 14
31.4 14
31.41 15
31.42 15
31.43 16
31.44 19
31.45 19
31.46 19
31.47 21
31.48 22
31.49 23
31.5 24
31.51 23
31.52 18
31.53 18
31.54 18
31.55 15
31.56 0
31.57 0
31.58 0
31.59 0
31.6 0
31.61 0
31.62 0
31.63 0
31.64 0
31.65 0
31.66 0
31.67 0
31.68 0
31.69 0
31.7 0
31.71 0
31.72 0
31.73 0
31.74 0
31.75 0
31.76 0
31.77 0
31.78 0
31.79 0
31.8 0
31.81 0
31.82 0
31.83 0
31.84 0
31.85 0
31.86 0
31.87 0
31.88 0
31.89 0
31.9 0
31.91 0
31.92 0
31.93 0
31.94 0
31.95 0
31.96 0
31.97 0
31.98 0
31.99 2
32 3
32.01 3
32.02 5
32.03 6
32.04 7
32.05 8
32.06 10
32.07 11
32.08 12
32.09 13
32.1 14
32.11 15
32.12 15
32.13 17
32.14 17
32.15 18
32.16 19
32.17 21
32.18 21
32.19 22
32.2 24
32.21 25
32.22 18
32.23 18
32.24 18
32.25 18
32.26 11
32.27 0
32.28 0
32.29 0
32.3 0
32.31 0
32.32 0
32.33 0
32.34 0
32.35 0
32.36 0
32.37 0
32.38 0
32.39 0
32.4 0
32.41 0
32.42 0
32.43 0
32.44 0
32.45 0
32.46 0
32.47 0
32.48 0
32.49 0
32.5 0
32.51 0
32.52 0
32.53 0
32.54 0
32.55 0
32.56 0
32.57 0
32.58 0
32.59 0
32.6 0
32.61 0
32.62 0
32.63 0
32.64 0
32.65 0
32.66 0
32.67 0
32.68 0
32.69 0
32.7 0
32.71 1
32.72 2
32.73 4
32.74 5
32.75 6
32.76 8
32.77 9
32.78 9
32.79 10
32.8 12
32.81 13
32.82 14
32.83 16
32.84 16
32.85 17
32.86 18
32.87 19
32.88 20
32.89 21
32.9 22
32.91 23
32.92 24
32.93 20
32.94 18
32.95 18
32.96 18
32.97 13
32.98 9
32.99 0
33 0
33.01 0
33.02 0
33.03 0
33.04 0
33.05 0
33.06 0
33.07 0
33.08 0
33.09 0
33.1 0
33.11 0
33.12 0
33.13 0
33.14 0
33.15 0
33.16 0
33.17 0
33.18 0
33.19 0
33.2 0
33.21 0
33.22 0
33.23 0
33.24 0
33.25 0
33.26 0
33.27 0
33.28 0
33.29 0
33.3 0
33.31 0
33.32 0
33.33 0
33.34 0
33.35 0
33.36 0
33.37 0
33.38 0
33.39 0
33.4 0
33.41 1
33.42 3
33.43 3
33.44 4
33.45 5
33.46 7
33.47 8
33.48 8
33.49 9
33.5 11
33.51 12
33.52 12
33.53 15
33.54 15
33.55 15
33.56 16
33.57 17
33.58 18
33.59 19
33.6 20
33.61 21
33.62 22
33.63 23
33.64 24
33.65 18
33.66 18
33.67 18
33.68 18
33.69 5
33.7 0
33.71 0
33.72 0
33.73 0
33.74 0
33.75 0
33.76 0
33.77 0
33.78 0
33.79 0
33.8 0
33.81 0
33.82 0
33.83 0
33.84 0
33.85 0
33.86 0
33.87 0
33.88 0
33.89 0
33.9 0
33.91 0
33.92 0
33.93 0
33.94 0
33.95 0
33.96 0
33.97 0
33.98 0
33.99 0
34 0
34.01 0
34.02 0
34.03 0
34.04 0
34.05 0
34.06 0
34.07 0
34.08 0
34.09 0
34.1 0
34.11 0
34.12 0
34.13 2
34.14 3
34.15 4
34.16 5
34.17 7
34.18 7
34.19 8
34.2 10
34.21 11
34.22 12
34.23 12
34.24 15
34.25 15
34.26 16
34.27 18
34.28 19
34.29 19
34.3 20
34.31 21
34.32 22
34.33 24
34.34 24
34.35 18
34.36 18
34.37 18
34.38 18
34.39 8
34.4 0
34.41 0
34.42 0
34.43 0
34.44 0
34.45 0
34.46 0
34.47 0
34.48 0
34.49 0
34.5 0
34.51 0
34.52 0
34.53 0
34.54 0
34.55 0
34.56 0
34.57 0
34.58 0
34.59 0
34.6 0
34.61 0
34.62 0
34.63 0
34.64 0
34.65 0
34.66 0
34.67 0
34.68 0
34.69 0
34.7 0
34.71 0
34.72 0
34.73 0
34.74 0
34.75 0
34.76 0
34.77 0
34.78 0
34.79 0
34.8 0
34.81 0
34.82 1
34.83 2
34.84 3
34.85 3
34.86 4
34.87 6
34.88 7
34.89 8
34.9 10
34.91 11
34.92 11
34.93 12
34.94 14
34.95 15
34.96 15
34.97 18
34.98 19
34.99 19
35 20
35.01 21
35.02 23
35.03 23
35.04 24
35.05 19
35.06 18
35.07 18
35.08 18
35.09 13
35.1 0
35.11 0
35.12 0
35.13 0
35.14 0
35.15 0
35.16 0
35.17 0
35.18 0
35.19 0
35.2 0
35.21 0
35.22 0
35.23 0
35.24 0
35.25 0
35.26 0
35.27 0
35.28 0
35.29 0
35.3 0
35.31 0
35.32 0
35.33 0
35.34 0
35.35 0
35.36 0
35.37 0
35.38 0
35.39 0
35.4 0
35.41 1
35.42 2
35.43 4
35.44 5
35.45 6
35.46 7
35.47 9
35.48 9
35.49 10
35.5 12
35.51 13
35.52 14
35.53 14
35.54 17
35.55 17
35.56 18
35.57 18
35.58 21
35.59 22
35.6 22
35.61 24
35.62 25
35.63 18
35.64 18
35.65 18
35.66 18
35.67 9
35.68 9
35.69 8
35.7 0
35.71 0
35.72 0
35.73 0
35.74 0
35.75 0
35.76 0
35.77 0
35.78 0
35.79 0
35.8 0
35.81 0
35.82 0
35.83 0
35.84 0
35.85 0
35.86 0
35.87 0
35.88 0
35.89 0
35.9 0
35.91 0
35.92 0
35.93 0
35.94 0
35.95 0
35.96 0
35.97 0
35.98 0
35.99 0
36 0
36.01 0
36.02 0
36.03 0
36.04 0
36.05 0
36.06 0
36.07 0
36.08 0
36.09 0
36.1 0
36.11 0
36.12 2
36.13 2
36.14 3
36.15 5
36.16 6
36.17 6
36.18 8
36.19 10
36.2 10
36.21 11
36.22 12
36.23 14
36.24 14
36.25 15
36.26 18
36.27 18
36.28 19
36.29 20
36.3 22
36.31 22
36.32 22
36.33 23
36.34 24
36.35 18
36.36 18
36.37 19
36.38 18
36.39 0
36.4 0
36.41 0
36.42 0
36.43 0
36.44 0
36.45 0
36.46 0
36.47 0
36.48 0
36.49 0
36.5 0
36.51 0
36.52 0
36.53 0
36.54 0
36.55 0
36.56 0
36.57 0
36.58 0
36.59 0
36.6 0
36.61 0
36.62 0
36.63 0
36.64 0
36.65 0
36.66 0
36.67 0
36.68 0
36.69 0
36.7 0
36.71 0
36.72 0
36.73 0
36.74 0
36.75 0
36.76 0
36.77 0
36.78 0
36.79 0
36.8 0
36.81 0
36.82 1
36.83 1
36.84 2
36.85 3
36.86 5
36.87 6
36.88 7
36.89 8
36.9 9
36.91 11
36.92 12
36.93 13
36.94 14
36.95 15
36.96 16
36.97 17
36.98 18
36.99 19
37 20
37.01 21
37.02 23
37.03 23
37.04 25
37.05 18
37.06 18
37.07 18
37.08 18
37.09 13
37.1 5
37.11 0
37.12 0
37.13 0
37.14 0
37.15 0
37.16 0
37.17 0
37.18 0
37.19 0
37.2 0
37.21 0
37.22 0
37.23 0
37.24 0
37.25 0
37.26 0
37.27 0
37.28 0
37.29 0
37.3 0
37.31 0
37.32 0
37.33 0
37.34 0
37.35 0
37.36 0
37.37 0
37.38 0
37.39 0
37.4 0
37.41 0
37.42 0
37.43 0
37.44 0
37.45 0
37.46 0
37.47 0
37.48 0
37.49 0
37.5 0
37.51 0
37.52 0
37.53 1
37.54 1
37.55 2
37.56 5
37.57 5
37.58 6
37.59 8
37.6 9
37.61 9
37.62 11
37.63 13
37.64 13
37.65 14
37.66 15
37.67 17
37.68 17
37.69 17
37.7 18
37.71 19
37.72 21
37.73 21
37.74 23
37.75 24
37.76 25
37.77 18
37.78 18
37.79 18
37.8 17
37.81 11
37.82 0
37.83 0
37.84 0
37.85 0
37.86 0
37.87 0
37.88 0
37.89 0
37.9 0
37.91 0
37.92 0
37.93 0
37.94 0
37.95 0
37.96 0
37.97 0
37.98 0
37.99 0
38 0
38.01 0
38.02 0
38.03 0
38.04 0
38.05 0
38.06 0
38.07 0
38.08 0
38.09 0
38.1 0
38.11 0
38.12 0
38.13 0
38.14 0
38.15 0
38.16 0
38.17 0
38.18 0
38.19 0
38.2 0
38.21 0
38.22 0
38.23 0
38.24 0
38.25 2
38.26 3
38.27 3
38.28 6
38.29 6
38.3 7
38.31 8
38.32 9
38.33 10
38.34 11
38.35 13
38.36 13
38.37 15
38.38 16
38.39 17
38.4 17
38.41 19
38.42 20
38.43 21
38.44 22
38.45 23
38.46 24
38.47 21
38.48 18
38.49 18
38.5 18
38.51 14
38.52 0
38.53 0
38.54 0
38.55 0
38.56 0
38.57 0
38.58 0
38.59 0
38.6 0
38.61 0
38.62 0
38.63 0
38.64 0
38.65 0
38.66 0
38.67 0
38.68 0
38.69 0
38.7 0
38.71 0
38.72 0
38.73 0
38.74 0
38.75 0
38.76 0
38.77 0
38.78 0
38.79 0
38.8 0
38.81 0
38.82 0
38.83 0
38.84 0
38.85 0
38.86 0
38.87 0
38.88 0
38.89 0
38.9 0
38.91 0
38.92 0
38.93 0
38.94 0
38.95 1
38.96 2
38.97 2
38.98 5
38.99 6
39 6
39.01 9
39.02 9
39.03 9
39.04 10
39.05 12
39.06 13
39.07 14
39.08 15
39.09 17
39.1 17
39.11 18
39.12 19
39.13 19
39.14 20
39.15 22
39.16 23
39.17 24
39.18 20
39.19 18
39.2 18
39.21 18
39.22 13
39.23 2
39.24 0
39.25 0
39.26 0
39.27 0
39.28 0
39.29 0
39.3 0
39.31 0
39.32 0
39.33 0
39.34 0
39.35 0
39.36 0
39.37 0
39.38 0
39.39 0
39.4 0
39.41 0
39.42 0
39.43 0
39.44 0
39.45 0
39.46 0
39.47 0
39.48 0
39.49 0
39.5 0
39.51 0
39.52 0
39.53 0
39.54 1
39.55 1
39.56 3
39.57 5
39.58 5
39.59 6
39.6 7
39.61 9
39.62 10
39.63 10
39.64 12
39.65 12
39.66 14
39.67 14
39.68 16
39.69 16
39.7 18
39.71 19
39.72 20
39.73 21
39.74 22
39.75 24
39.76 24
39.77 24
39.78 18
39.79 18
39.8 18
39.81 16
39.82 9
39.83 0
39.84 0
39.85 0
39.86 0
39.87 0
39.88 0
39.89 0
39.9 0
39.91 0
39.92 0
39.93 0
39.94 0
39.95 0
39.96 0
39.97 0
39.98 0
39.99 0
40 0
40.01 0
40.02 0
40.03 0
40.04 0
40.05 0
40.06 0
40.07 0
40.08 0
40.09 0
40.1 0
40.11 0
40.12 0
40.13 0
40.14 0
40.15 0
40.16 2
40.17 2
40.18 4
40.19 5
40.2 6
40.21 7
40.22 8
40.23 10
40.24 10
40.25 11
40.26 12
40.27 14
40.28 15
40.29 15
40.3 17
40.31 18
40.32 19
40.33 19
40.34 20
40.35 22
40.36 23
40.37 23
40.38 25
40.39 18
40.4 18
40.41 18
40.42 18
40.43 13
40.44 0
40.45 0
40.46 0
40.47 0
40.48 0
40.49 0
40.5 0
40.51 0
40.52 0
40.53 0
40.54 0
40.55 0
40.56 0
40.57 0
40.58 0
40.59 0
40.6 0
40.61 0
40.62 0
40.63 0
40.64 0
40.65 0
40.66 0
40.67 0
40.68 0
40.69 0
40.7 0
40.71 0
40.72 0
40.73 0
40.74 0
40.75 0
40.76 0
40.77 0
40.78 0
40.79 0
40.8 0
40.81 0
40.82 0
40.83 0
40.84 0
40.85 0
40.86 1
40.87 2
40.88 3
40.89 5
40.9 6
40.91 7
40.92 8
40.93 10
40.94 10
40.95 10
40.96 12
40.97 13
40.98 14
40.99 14
41 16
41.01 17
41.02 18
41.03 19
41.04 21
41.05 21
41.06 22
41.07 23
41.08 24
41.09 18
41.1 18
41.11 18
41.12 18
41.13 10
41.14 3
41.15 0
41.16 0
41.17 0
41.18 0
41.19 0
41.2 0
41.21 0
41.22 0
41.23 0
41.24 0
41.25 0
41.26 0
41.27 0
41.28 0
41.29 0
41.3 0
41.31 0
41.32 0
41.33 0
41.34 0
41.35 0
41.36 0
41.37 0
41.38 0
41.39 0
41.4 0
41.41 0
41.42 0
41.43 0
41.44 0
41.45 0
41.46 0
41.47 0
41.48 0
41.49 0
41.5 0
41.51 0
41.52 0
41.53 0
41.54 0
41.55 0
41.56 0
41.57 1
41.58 2
41.59 4
41.6 5
41.61 5
41.62 7
41.63 9
41.64 9
41.65 9
41.66 11
41.67 13
41.68 13
41.69 14
41.7 16
41.71 17
41.72 17
41.73 19
41.74 20
41.75 20
41.76 21
41.77 23
41.78 24
41.79 24
41.8 19
41.81 18
41.82 18
41.83 18
41.84 6
41.85 0
41.86 0
41.87 0
41.88 0
41.89 0
41.9 0
41.91 0
41.92 0
41.93 0
41.94 0
41.95 0
41.96 0
41.97 0
41.98 0
41.99 0
42 0
42.01 0
42.02 0
42.03 0
42.04 0
42.05 0
42.06 0
42.07 0
42.08 0
42.09 0
42.1 0
42.11 0
42.12 0
42.13 0
42.14 0
42.15 1
42.16 2
42.17 3
42.18 5
42.19 6
42.2 7
42.21 8
42.22 9
42.23 11
42.24 11
42.25 13
42.26 14
42.27 15
42.28 16
42.29 17
42.3 18
42.31 19
42.32 20
42.33 20
42.34 23
42.35 23
42.36 24
42.37 23
42.38 18
42.39 18
42.4 19
42.41 15
42.42 0
42.43 0
42.44 0
42.45 0
42.46 0
42.47 0
42.48 0
42.49 0
42.5 0
42.51 0
42.52 0
42.53 0
42.54 0
42.55 0
42.56 0
42.57 0
42.58 0
42.59 0
42.6 0
42.61 0
42.62 0
42.63 0
42.64 0
42.65 0
42.66 0
42.67 0
42.68 0
42.69 0
42.7 0
42.71 0
42.72 0
42.73 0
42.74 0
42.75 0
42.76 0
42.77 0
42.78 0
42.79 0
42.8 0
42.81 0
42.82 0
42.83 0
42.84 0
42.85 1
42.86 3
42.87 4
42.88 5
42.89 6
42.9 7
42.91 8
42.92 9
42.93 11
42.94 12
42.95 13
42.96 14
42.97 15
42.98 16
42.99 17
43 18
43.01 20
43.02 20
43.03 21
43.04 22
43.05 24
43.06 25
43.07 18
43.08 18
43.09 18
43.1 18
43.11 18
43.12 4
43.13 0
43.14 0
43.15 0
43.16 0
43.17 0
43.18 0
43.19 0
43.2 0
43.21 0
43.22 0
43.23 0
43.24 0
43.25 0
43.26 0
43.27 0
43.28 0
43.29 0
43.3 0
43.31 0
43.32 0
43.33 0
43.34 0
43.35 0
43.36 0
43.37 0
43.38 0
43.39 0
43.4 0
43.41 0
43.42 0
43.43 0
43.44 0
43.45 0
43.46 0
43.47 0
43.48 0
43.49 0
43.5 0
43.51 0
43.52 0
43.53 0
43.54 0
43.55 0
43.56 1
43.57 2
43.58 3
43.59 4
43.6 6
43.61 7
43.62 8
43.63 9
43.64 10
43.65 12
43.66 13
43.67 14
43.68 15
43.69 16
43.7 17
43.71 18
43.72 19
43.73 20
43.74 22
43.75 22
43.76 23
43.77 24
43.78 18
43.79 18
43.8 18
43.81 18
43.82 11
43.83 11
43.84 6
43.85 0
43.86 0
43.87 0
43.88 0
43.89 0
43.9 0
43.91 0
43.92 0
43.93 0
43.94 0
43.95 0
43.96 0
43.97 0
43.98 0
43.99 0
44 0
44.01 0
44.02 0
44.03 0
44.04 0
44.05 0
44.06 0
44.07 0
44.08 0
44.09 0
44.1 0
44.11 0
44.12 0
44.13 0
44.14 0
44.15 0
44.16 0
44.17 0
44.18 0
44.19 0
44.2 0
44.21 0
44.22 0
44.23 0
44.24 0
44.25 0
44.26 0
44.27 1
44.28 2
44.29 3
44.3 4
44.31 5
44.32 7
44.33 8
44.34 9
44.35 10
44.36 11
44.37 12
44.38 13
44.39 15
44.4 16
44.41 17
44.42 17
44.43 18
44.44 19
44.45 21
44.46 21
44.47 22
44.48 23
44.49 25
44.5 18
44.51 18
44.52 18
44.53 18
44.54 3
44.55 2
44.56 2
44.57 0
44.58 0
44.59 0
44.6 0
44.61 0
44.62 0
44.63 0
44.64 0
44.65 0
44.66 0
44.67 0
44.68 0
44.69 0
44.7 0
44.71 0
44.72 0
44.73 0
44.74 0
44.75 0
44.76 0
44.77 0
44.78 0
44.79 0
44.8 0
44.81 0
44.82 0
44.83 0
44.84 0
44.85 0
44.86 0
44.87 0
44.88 0
44.89 0
44.9 0
44.91 0
44.92 0
44.93 0
44.94 0
44.95 0
44.96 0
44.97 0
44.98 1
44.99 3
45 3
45.01 4
45.02 5
45.03 7
45.04 7
45.05 9
45.06 10
45.07 11
45.08 12
45.09 13
45.1 14
45.11 15
45.12 16
45.13 17
45.14 19
45.15 19
45.16 20
45.17 21
45.18 23
45.19 23
45.2 24
45.21 18
45.22 18
45.23 18
45.24 18
45.25 12
45.26 0
45.27 0
45.28 0
45.29 0
45.3 0
45.31 0
45.32 0
45.33 0
45.34 0
45.35 0
45.36 0
45.37 0
45.38 0
45.39 0
45.4 1
45.41 1
45.42 3
45.43 5
45.44 5
45.45 6
45.46 8
45.47 9
45.48 9
45.49 10
45.5 12
45.51 12
45.52 13
45.53 15
45.54 16
45.55 17
45.56 18
45.57 19
45.58 20
45.59 21
45.6 22
45.61 24
45.62 24
45.63 18
45.64 18
45.65 18
45.66 18
45.67 10
45.68 4
45.69 0
45.7 0
45.71 0
45.72 0
45.73 0
45.74 0
45.75 0
45.76 0
45.77 0
45.78 0
45.79 0
45.8 0
45.81 0
45.82 0
45.83 0
45.84 0
45.85 0
45.86 0
45.87 0
45.88 0
45.89 0
45.9 0
45.91 0
45.92 0
45.93 0
45.94 0
45.95 0
45.96 0
45.97 0
45.98 0
45.99 0
46 0
46.01 0
46.02 0
46.03 0
46.04 2
46.05 2
46.06 3
46.07 6
46.08 6
46.09 7
46.1 9
46.11 10
46.12 10
46.13 11
46.14 13
46.15 14
46.16 15
46.17 15
46.18 18
46.19 18
46.2 19
46.21 20
46.22 22
46.23 22
46.24 23
46.25 24
46.26 18
46.27 18
46.28 18
46.29 18
46.3 10
46.31 4
46.32 0
46.33 0
46.34 0
46.35 0
46.36 0
46.37 0
46.38 0
46.39 0
46.4 0
46.41 0
46.42 0
46.43 0
46.44 0
46.45 0
46.46 0
46.47 0
46.48 0
46.49 0
46.5 0
46.51 0
46.52 0
46.53 0
46.54 0
46.55 0
46.56 0
46.57 0
46.58 0
46.59 0
46.6 0
46.61 0
46.62 1
46.63 2
46.64 4
46.65 5
46.66 6
46.67 7
46.68 10
46.69 10
46.7 10
46.71 11
46.72 13
46.73 14
46.74 15
46.75 16
46.76 18
46.77 18
46.78 19
46.79 21
46.8 22
46.81 22
46.82 23
46.83 24
46.84 18
46.85 18
46.86 18
46.87 18
46.88 10
46.89 0
46.9 0
46.91 0
46.92 0
46.93 0
46.94 0
46.95 0
46.96 0
46.97 0
46.98 0
46.99 0
47 0
47.01 0
47.02 0
47.03 0
47.04 0
47.05 0
47.06 0
47.07 0
47.08 0
47.09 0
47.1 0
47.11 0
47.12 0
47.13 0
47.14 0
47.15 0
47.16 0
47.17 0
47.18 0
47.19 0
47.2 0
47.21 0
47.22 0
47.23 0
47.24 0
47.25 0
47.26 0
47.27 0
47.28 0
47.29 0
47.3 0
47.31 0
47.32 0
47.33 0
47.34 2
47.35 4
47.36 4
47.37 6
47.38 7
47.39 7
47.4 8
47.41 10
47.42 11
47.43 11
47.44 14
47.45 15
47.46 16
47.47 16
47.48 18
47.49 19
47.5 19
47.51 20
47.52 21
47.53 22
47.54 23
47.55 25
47.56 19
47.57 18
47.58 18
47.59 18
47.6 4
47.61 0
47.62 0
47.63 0
47.64 0
47.65 0
47.66 0
47.67 0
47.68 0
47.69 0
47.7 0
47.71 0
47.72 0
47.73 0
47.74 0
47.75 0
47.76 0
47.77 0
47.78 0
47.79 0
47.8 0
47.81 0
47.82 0
47.83 0
47.84 0
47.85 0
47.86 0
47.87 0
47.88 0
47.89 0
47.9 0
47.91 0
47.92 0
47.93 0
47.94 0
47.95 0
47.96 0
47.97 0
47.98 0
47.99 0
48 0
48.01 0
48.02 0
48.03 1
48.04 2
48.05 2
48.06 3
48.07 5
48.08 6
48.09 7
48.1 9
48.11 10
48.12 10
48.13 11
48.14 13
48.15 14
48.16 15
48.17 16
48.18 16
48.19 17
48.2 18
48.21 19
48.22 21
48.23 21
48.24 23
48.25 24
48.26 25
48.27 18
48.28 18
48.29 18
48.3 18
48.31 9
48.32 0
48.33 0
48.34 0
48.35 0
48.36 0
48.37 0
48.38 0
48.39 0
48.4 0
48.41 0
48.42 0
48.43 0
48.44 0
48.45 0
48.46 0
48.47 0
48.48 0
48.49 0
48.5 0
48.51 0
48.52 0
48.53 0
48.54 0
48.55 0
48.56 0
48.57 0
48.58 0
48.59 0
48.6 0
48.61 0
48.62 0
48.63 0
48.64 0
48.65 0
48.66 0
48.67 0
48.68 0
48.69 0
48.7 0
48.71 0
48.72 0
48.73 0
48.74 0
48.75 2
48.76 3
48.77 4
48.78 4
48.79 6
48.8 8
48.81 8
48.82 10
48.83 11
48.84 12
48.85 12
48.86 14
48.87 16
48.88 16
48.89 17
48.9 19
48.91 20
48.92 20
48.93 22
48.94 23
48.95 24
48.96 24
48.97 18
48.98 18
48.99 18
49 18
49.01 8
49.02 4
49.03 0
49.04 0
49.05 0
49.06 0
49.07 0
49.08 0
49.09 0
49.1 0
49.11 0
49.12 0
49.13 0
49.14 0
49.15 0
49.16 0
49.17 0
49.18 0
49.19 0
49.2 0
49.21 0
49.22 0
49.23 0
49.24 0
49.25 0
49.26 0
49.27 0
49.28 0
49.29 0
49.3 0
49.31 0
49.32 0
49.33 0
49.34 0
49.35 0
49.36 0
49.37 0
49.38 0
49.39 0
49.4 0
49.41 0
49.42 0
49.43 0
49.44 0
49.45 0
49.46 1
49.47 2
49.48 4
49.49 5
49.5 6
49.51 7
49.52 8
49.53 9
49.54 10
49.55 12
49.56 13
49.57 14
49.58 15
49.59 16
49.6 17
49.61 18
49.62 19
49.63 21
49.64 21
49.65 22
49.66 24
49.67 25
49.68 18
49.69 18
49.7 18
49.71 18
49.72 9
49.73 0
49.74 0
49.75 0
49.76 0
49.77 0
49.78 0
49.79 0
49.8 0
49.81 0
49.82 0
49.83 0
49.84 0
49.85 0
49.86 0
49.87 0
49.88 0
49.89 0
49.9 0
49.91 0
49.92 0
49.93 0
49.94 0
49.95 0
49.96 0
49.97 0
49.98 0
49.99 0
50 0
50.01 0
50.02 0
50.03 0
50.04 0
50.05 0
50.06 0
50.07 0
50.08 0
50.09 0
50.1 0
50.11 0
50.12 0
50.13 0
50.14 0
50.15 0
50.16 0
50.17 1
50.18 2
50.19 3
50.2 4
50.21 6
50.22 7
50.23 8
50.24 10
50.25 10
50.26 11
50.27 12
50.28 14
50.29 15
50.3 16
50.31 17
50.32 18
50.33 19
50.34 20
50.35 22
50.36 22
50.37 23
50.38 24
50.39 23
50.4 18
50.41 18
50.42 18
50.43 18
50.44 15
50.45 7
50.46 3
50.47 0
50.48 0
50.49 0
50.5 0
50.51 0
50.52 0
50.53 0
50.54 0
50.55 0
50.56 0
50.57 0
50.58 0
50.59 0
50.6 0
50.61 0
50.62 0
50.63 0
50.64 0
50.65 0
50.66 0
50.67 0
50.68 0
50.69 0
50.7 0
50.71 0
50.72 0
50.73 0
50.74 0
50.75 0
50.76 0
50.77 0
50.78 0
50.79 0
50.8 0
50.81 0
50.82 0
50.83 0
50.84 0
50.85 0
50.86 0
50.87 0
50.88 0
50.89 2
50.9 3
50.91 3
50.92 4
50.93 6
50.94 7
50.95 7
50.96 9
50.97 10
50.98 11
50.99 12
51 14
51.01 15
51.02 15
51.03 17
51.04 18
51.05 19
51.06 19
51.07 21
51.08 22
51.09 23
51.1 24
51.11 26
51.12 18
51.13 18
51.14 18
51.15 18
51.16 15
51.17 2
51.18 1
51.19 0
51.2 0
51.21 0
51.22 0
51.23 0
51.24 0
51.25 0
51.26 0
51.27 0
51.28 0
51.29 0
51.3 0
51.31 0
51.32 0
51.33 0
51.34 0
51.35 0
51.36 0
51.37 0
51.38 0
51.39 0
51.4 0
51.41 0
51.42 0
51.43 0
51.44 0
51.45 0
51.46 0
51.47 0
51.48 0
51.49 0
51.5 0
51.51 0
51.52 0
51.53 0
51.54 0
51.55 0
51.56 0
51.57 0
51.58 0
51.59 0
51.6 1
51.61 2
51.62 2
51.63 3
51.64 5
51.65 6
51.66 7
51.67 9
51.68 10
51.69 10
51.7 11
51.71 13
51.72 14
51.73 15
51.74 18
51.75 17
51.76 18
51.77 18
51.78 20
51.79 22
51.8 22
51.81 22
51.82 24
51.83 23
51.84 18
51.85 18
51.86 18
51.87 15
51.88 7
51.89 0
51.9 0
51.91 0
51.92 0
51.93 0
51.94 0
51.95 0
51.96 0
51.97 0
51.98 0
51.99 0
52 0
52.01 0
52.02 0
52.03 0
52.04 0
52.05 0
52.06 0
52.07 0
52.08 0
52.09 0
52.1 0
52.11 0
52.12 0
52.13 0
52.14 0
52.15 0
52.16 0
52.17 0
52.18 0
52.19 0
52.2 0
52.21 0
52.22 0
52.23 0
52.24 0
52.25 0
52.26 0
52.27 0
52.28 0
52.29 0
52.3 0
52.31 1
52.32 2
52.33 2
52.34 4
52.35 5
52.36 5
52.37 7
52.38 9
52.39 9
52.4 10
52.41 12
52.42 13
52.43 13
52.44 15
52.45 16
52.46 17
52.47 17
52.48 18
52.49 20
52.5 21
52.51 21
52.52 24
52.53 24
52.54 25
52.55 18
52.56 18
52.57 18
52.58 18
52.59 8
52.6 0
52.61 0
52.62 0
52.63 0
52.64 0
52.65 0
52.66 0
52.67 0
52.68 0
52.69 0
52.7 0
52.71 0
52.72 0
52.73 0
52.74 0
52.75 0
52.76 0
52.77 0
52.78 0
52.79 0
52.8 0
52.81 0
52.82 0
52.83 0
52.84 0
52.85 0
52.86 0
52.87 0
52.88 0
52.89 0
52.9 0
52.91 0
52.92 0
52.93 0
52.94 0
52.95 0
52.96 0
52.97 0
52.98 0
52.99 0
53 0
53.01 0
53.02 1
53.03 2
53.04 3
53.05 5
53.06 5
53.07 5
53.08 7
53.09 9
53.1 9
53.11 10
53.12 13
53.13 13
53.14 14
53.15 15
53.16 17
53.17 17
53.18 18
53.19 19
53.2 20
53.21 21
53.22 22
53.23 23
53.24 25
53.25 18
53.26 18
53.27 18
53.28 18
53.29 9
53.3 0
53.31 0
53.32 0
53.33 0
53.34 0
53.35 0
53.36 0
53.37 0
53.38 0
53.39 0
53.4 0
53.41 0
53.42 0
53.43 0
53.44 0
53.45 0
53.46 0
53.47 0
53.48 0
53.49 0
53.5 0
53.51 0
53.52 0
53.53 0
53.54 0
53.55 0
53.56 0
53.57 0
53.58 0
53.59 0
53.6 0
53.61 0
53.62 0
53.63 0
53.64 0
53.65 0
53.66 0
53.67 0
53.68 0
53.69 0
53.7 0
53.71 0
53.72 0
53.73 0
53.74 2
53.75 3
53.76 4
53.77 6
53.78 6
53.79 7
53.8 9
53.81 10
53.82 11
53.83 12
53.84 14
53.85 14
53.86 15
53.87 16
53.88 18
53.89 18
53.9 20
53.91 21
53.92 22
53.93 23
53.94 24
53.95 25
53.96 18
53.97 18
53.98 18
53.99 18
54 18
54.01 12
54.02 9
54.03 0
54.04 0
54.05 0
54.06 0
54.07 0
54.08 0
54.09 0
54.1 0
54.11 0
54.12 0
54.13 0
54.14 0
54.15 0
54.16 0
54.17 0
54.18 0
54.19 0
54.2 0
54.21 0
54.22 0
54.23 0
54.24 0
54.25 0
54.26 0
54.27 0
54.28 0
54.29 0
54.3 0
54.31 0
54.32 0
54.33 2
54.34 3
54.35 4
54.36 5
54.37 6
54.38 7
54.39 8
54.4 10
54.41 11
54.42 12
54.43 12
54.44 13
54.45 15
54.46 16
54.47 16
54.48 18
54.49 19
54.5 20
54.51 21
54.52 23
54.53 24
54.54 24
54.55 18
54.56 18
54.57 18
54.58 18
54.59 12
54.6 0
54.61 0
54.62 0
54.63 0
54.64 0
54.65 0
54.66 0
54.67 0
54.68 0
54.69 0
54.7 0
54.71 0
54.72 0
54.73 0
54.74 0
54.75 0
54.76 0
54.77 0
54.78 0
54.79 0
54.8 0
54.81 0
54.82 0
54.83 0
54.84 0
54.85 0
54.86 0
54.87 0
54.88 0
54.89 0
54.9 0
54.91 0
54.92 0
54.93 1
54.94 3
54.95 4
54.96 5
54.97 5
54.98 6
54.99 8
55 9
55.01 10
55.02 11
55.03 13
55.04 13
55.05 15
55.06 16
55.07 17
55.08 18
55.09 18
55.1 20
55.11 21
55.12 22
55.13 23
55.14 25
55.15 25
55.16 18
55.17 18
55.18 18
55.19 17
55.2 8
55.21 5
55.22 0
55.23 0
55.24 0
55.25 0
55.26 0
55.27 0
55.28 0
55.29 0
55.3 0
55.31 0
55.32 0
55.33 0
55.34 0
55.35 0
55.36 0
55.37 0
55.38 0
55.39 0
55.4 0
55.41 0
55.42 0
55.43 0
55.44 0
55.45 0
55.46 0
55.47 0
55.48 0
55.49 0
55.5 0
55.51 0
55.52 0
55.53 0
55.54 0
55.55 0
55.56 0
55.57 0
55.58 0
55.59 0
55.6 0
55.61 0
55.62 0
55.63 0
55.64 0
55.65 2
55.66 3
55.67 3
55.68 5
55.69 6
55.7 7
55.71 9
55.72 10
55.73 11
55.74 11
55.75 13
55.76 14
55.77 15
55.78 15
55.79 17
55.8 19
55.81 19
55.82 20
55.83 23
55.84 23
55.85 23
55.86 24
55.87 18
55.88 18
55.89 18
55.9 18
55.91 11
55.92 0
55.93 0
55.94 0
55.95 0
55.96 0
55.97 0
55.98 0
55.99 0
56 0
56.01 0
56.02 0
56.03 0
56.04 0
56.05 0
56.06 0
56.07 0
56.08 0
56.09 0
56.1 0
56.11 0
56.12 0
56.13 0
56.14 0
56.15 0
56.16 0
56.17 0
56.18 0
56.19 0
56.2 0
56.21 0
56.22 0
56.23 0
56.24 0
56.25 0
56.26 0
56.27 0
56.28 0
56.29 0
56.3 0
56.31 0
56.32 0
56.33 0
56.34 0
56.35 1
56.36 3
56.37 4
56.38 4
56.39 6
56.4 7
56.41 7
56.42 9
56.43 10
56.44 11
56.45 11
56.46 12
56.47 14
56.48 15
56.49 16
56.5 17
56.51 18
56.52 19
56.53 20
56.54 22
56.55 22
56.56 23
56.57 24
56.58 18
56.59 18
56.6 18
56.61 19
56.62 12
56.63 6
56.64 0
56.65 0
56.66 0
56.67 0
56.68 0
56.69 0
56.7 0
56.71 0
56.72 0
56.73 0
56.74 0
56.75 0
56.76 0
56.77 0
56.78 0
56.79 0
56.8 0
56.81 0
56.82 0
56.83 0
56.84 0
56.85 0
56.86 0
56.87 0
56.88 0
56.89 0
56.9 0
56.91 0
56.92 0
56.93 0
56.94 0
56.95 0
56.96 0
56.97 0
56.98 0
56.99 0
57 0
57.01 0
57.02 0
57.03 0
57.04 0
57.05 0
57.06 0
57.07 1
57.08 3
57.09 4
57.1 5
57.11 6
57.12 7
57.13 8
57.14 10
57.15 11
57.16 11
57.17 12
57.18 13
57.19 15
57.2 15
57.21 16
57.22 18
57.23 19
57.24 19
57.25 21
57.26 23
57.27 23
57.28 24
57.29 25
57.3 18
57.31 18
57.32 18
57.33 18
57.34 0
57.35 0
57.36 0
57.37 0
57.38 0
57.39 0
57.4 0
57.41 0
57.42 0
57.43 0
57.44 0
57.45 0
57.46 0
57.47 0
57.48 0
57.49 0
57.5 0
57.51 0
57.52 0
57.53 0
57.54 0
57.55 0
57.56 0
57.57 0
57.58 0
57.59 0
57.6 0
57.61 0
57.62 0
57.63 0
57.64 0
57.65 0
57.66 0
57.67 0
57.68 0
57.69 0
57.7 0
57.71 0
57.72 0
57.73 0
57.74 0
57.75 0
57.76 0
57.77 0
57.78 1
57.79 2
57.8 4
57.81 5
57.82 5
57.83 7
57.84 8
57.85 9
57.86 10
57.87 12
57.88 13
57.89 13
57.9 15
57.91 16
57.92 17
57.93 18
57.94 20
57.95 21
57.96 21
57.97 21
57.98 23
57.99 24
58 21
58.01 18
58.02 18
58.03 18
58.04 14
58.05 14
58.06 11
58.07 0
58.08 0
58.09 0
58.1 0
58.11 0
58.12 0
58.13 0
58.14 0
58.15 0
58.16 0
58.17 0
58.18 0
58.19 0
58.2 0
58.21 0
58.22 0
58.23 0
58.24 0
58.25 0
58.26 0
58.27 0
58.28 0
58.29 0
58.3 0
58.31 0
58.32 0
58.33 0
58.34 0
58.35 0
58.36 0
58.37 0
58.38 0
58.39 0
58.4 0
58.41 0
58.42 0
58.43 0
58.44 0
58.45 0
58.46 0
58.47 0
58.48 0
58.49 0
58.5 0
58.51 0
58.52 0
58.53 0
58.54 0
58.55 0
58.56 0
58.57 0
58.58 0
58.59 0
58.6 0
58.61 0
58.62 0
58.63 0
58.64 0
58.65 0
58.66 0
58.67 0
58.68 0
58.69 0
58.7 0
58.71 0
58.72 0
58.73 0
58.74 0
58.75 0
58.76 0
58.77 0
58.78 0
58.79 0
58.8 0
58.81 0
58.82 0
58.83 0
58.84 0
58.85 0
58.86 0
58.87 0
58.88 0
58.89 0
58.9 0
58.91 0
58.92 0
58.93 0
58.94 0
58.95 0
58.96 0
58.97 0
58.98 0
58.99 0
59 0
59.01 0
59.02 0
59.03 0
59.04 0
59.05 0
59.06 0
59.07 0
59.08 0
59.09 0
59.1 0
59.11 0
59.12 0
59.13 0
59.14 0
59.15 0
59.16 0
59.17 0
59.18 0
59.19 0
59.2 0
59.21 0
59.22 0
59.23 0
59.24 0
59.25 0
59.26 0
59.27 0
59.28 0
59.29 0
59.3 0
59.31 0
59.32 0
59.33 0
59.34 0
59.35 0
59.36 0
59.37 0
59.38 0
59.39 0
59.4 0
59.41 0
59.42 0
59.43 0
59.44 0
59.45 0
59.46 0
59.47 0
59.48 0
59.49 0
59.5 0
59.51 0
59.52 0
59.53 0
59.54 0
59.55 0
59.56 0
59.57 0
59.58 0
59.59 0
59.6 0
59.61 0
59.62 0
59.63 0
59.64 0
59.65 0
59.66 0
59.67 0
59.68 0
59.69 0
59.7 0
59.71 0
59.72 0
59.73 0
59.74 0
59.75 0
59.76 0
59.77 0
59.78 0
59.79 0
59.8 0
59.81 0
59.82 0
59.83 0
59.84 0
59.85 0
59.86 0
59.87 0
59.88 0
59.89 0
59.9 0
59.91 0
59.92 0
59.93 0
59.94 0
59.95 0
59.96 0
59.97 0
59.98 0
59.99 0
60 0
60.01 0
60.02 0
60.03 0
60.04 0
60.05 0
60.06 0
60.07 0
60.08 0
60.09 0
60.1 0
60.11 0
60.12 0
60.13 0
60.14 0
60.15 0
60.16 0
60.17 0
60.18 0
60.19 0
60.2 0
60.21 0
60.22 0
60.23 0
60.24 0
60.25 0
60.26 0
60.27 0
60.28 0
60.29 0
60.3 0
60.31 0
60.32 0
60.33 0
60.34 0
60.35 0
60.36 0
60.37 0
60.38 0
60.39 0
60.4 0
60.41 0
60.42 0
60.43 0
60.44 0
60.45 0
60.46 0
60.47 0
60.48 0
60.49 0
60.5 0
60.51 0
60.52 0
60.53 0
60.54 0
60.55 0
60.56 0
60.57 0
60.58 0
60.59 0
60.6 0
60.61 0
60.62 0
60.63 0
60.64 0
60.65 0
60.66 0
60.67 0
60.68 0
60.69 0
60.7 0
60.71 0
60.72 0
60.73 0
60.74 0
60.75 0
60.76 0
60.77 0
60.78 0
60.79 0
60.8 0
60.81 0
60.82 0
60.83 0
60.84 0
60.85 0
60.86 0
60.87 0
60.88 0
60.89 0
60.9 0
60.91 0
60.92 0
60.93 0
60.94 0
60.95 0
60.96 0
60.97 0
60.98 0
60.99 0
61 0
61.01 0
61.02 0
61.03 0
61.04 0
61.05 0
61.06 0
61.07 0
61.08 0
61.09 0
61.1 0
61.11 0
61.12 0
61.13 0
61.14 0
61.15 0
61.16 0
61.17 0
61.18 0
61.19 0
61.2 0
61.21 0
61.22 0
61.23 0
61.24 0
61.25 0
61.26 0
61.27 0
61.28 0
61.29 0
61.3 0
61.31 0
61.32 0
61.33 0
61.34 0
61.35 0
61.36 0
61.37 0
61.38 0
61.39 0
61.4 0
61.41 0
61.42 0
61.43 0
61.44 0
61.45 0
61.46 0
61.47 0
61.48 0
61.49 0
61.5 0
61.51 0
61.52 0
61.53 0
61.54 0
61.55 0
61.56 0
61.57 0
61.58 0
61.59 0
61.6 0
61.61 0
61.62 0
61.63 0
61.64 0
61.65 0
61.66 0
61.67 0
61.68 0
61.69 0
61.7 0
61.71 0
61.72 0
61.73 0
61.74 0
61.75 0
61.76 0
61.77 0
61.78 0
61.79 0
61.8 0
61.81 0
61.82 0
61.83 0
61.84 0
61.85 0
61.86 0
61.87 0
61.88 0
61.89 0
61.9 0
61.91 0
61.92 0
61.93 0
61.94 0
61.95 0
61.96 0
61.97 0
61.98 0
61.99 0
62 0
62.01 0
62.02 0
62.03 0
62.04 0
62.05 0
62.06 0
62.07 0
62.08 0
62.09 0
62.1 0
62.11 0
62.12 0
62.13 0
62.14 0
62.15 0
62.16 0
62.17 0
62.18 0
62.19 0
62.2 0
62.21 0
62.22 0
62.23 0
62.24 0
62.25 0
62.26 0
62.27 0
62.28 0
62.29 0
62.3 0
62.31 0
62.32 0
62.33 0
62.34 0
62.35 0
62.36 0
62.37 0
62.38 0
62.39 0
62.4 0
62.41 0
62.42 0
62.43 0
62.44 0
62.45 0
62.46 0
62.47 0
62.48 0
62.49 0
62.5 0
62.51 0
62.52 0
62.53 0
62.54 0
62.55 0
62.56 0
62.57 0
62.58 0
62.59 0
62.6 0
62.61 0
62.62 0
62.63 0
62.64 0
62.65 0
62.66 0
62.67 0
62.68 0
62.69 0
62.7 0
62.71 0
62.72 0
62.73 0
62.74 0
62.75 0
62.76 0
62.77 0
62.78 0
62.79 0
62.8 0
62.81 0
62.82 0
62.83 0
62.84 0
62.85 0
62.86 0
62.87 0
62.88 0
62.89 0
62.9 0
62.91 0
62.92 0
62.93 0
62.94 0
62.95 0
62.96 0
62.97 0
62.98 0
62.99 0
