0 0
0.01 0
0.02 0
0.03 0
0.04 0
0.05 0
0.06 0
0.07 0
0.08 0
0.09 0
0.1 0
0.11 0
0.12 0
0.13 0
0.14 0
0.15 0
0.16 0
0.17 0
0.18 0
0.19 0
0.2 0
0.21 96
0.22 51
0.23 44
0.24 55
0.25 59
0.26 48
0.27 29
0.28 11
0.29 0
0.3 6
0.31 26
0.32 35
0.33 36
0.34 35
0.35 34
0.36 28
0.37 15
0.38 1
0.39 0
0.4 18
0.41 9
0.42 0
0.43 0
0.44 0
0.45 0
0.46 0
0.47 2
0.48 2
0.49 4
0.5 8
0.51 13
0.52 14
0.53 16
0.54 21
0.55 24
0.56 26
0.57 29
0.58 17
0.59 17
0.6 17
0.61 17
0.62 12
0.63 0
0.64 0
0.65 0
0.66 0
0.67 0
0.68 0
0.69 0
0.7 0
0.71 0
0.72 0
0.73 0
0.74 0
0.75 0
0.76 0
0.77 0
0.78 3
0.79 9
0.8 10
0.81 13
0.82 17
0.83 21
0.84 23
0.85 25
0.86 30
0.87 33
0.88 35
0.89 20
0.9 20
0.91 20
0.92 20
0.93 20
0.94 13
0.95 0
0.96 0
0.97 0
0.98 0
0.99 0
1 0
1.01 0
1.02 0
1.03 0
1.04 0
1.05 0
1.06 0
1.07 0
1.08 0
1.09 0
1.1 0
1.11 0
1.12 4
1.13 9
1.14 11
1.15 14
1.16 17
1.17 21
1.18 24
1.19 26
1.2 30
1.21 53
1.22 21
1.23 21
1.24 21
1.25 21
1.26 15
1.27 15
1.28 7
1.29 0
1.3 0
1.31 0
1.32 0
1.33 0
1.34 0
1.35 0
1.36 0
1.37 2
1.38 8
1.39 12
1.4 13
1.41 19
1.42 22
1.43 28
1.44 32
1.45 37
1.46 19
1.47 19
1.48 19
1.49 19
1.5 19
1.51 19
1.52 14
1.53 6
1.54 0
1.55 0
1.56 0
1.57 0
1.58 0
1.59 0
1.6 0
1.61 0
1.62 0
1.63 0
1.64 0
1.65 3
1.66 9
1.67 15
1.68 20
1.69 23
1.7 28
1.71 34
1.72 38
1.73 19
1.74 19
1.75 19
1.76 20
1.77 18
1.78 18
1.79 12
1.8 2
1.81 0
1.82 0
1.83 0
1.84 0
1.85 0
1.86 0
1.87 0
1.88 0
1.89 0
1.9 0
1.91 6
1.92 10
1.93 16
1.94 20
1.95 23
1.96 29
1.97 33
1.98 38
1.99 20
2 20
2.01 20
2.02 20
2.03 14
2.04 14
2.05 17
2.06 10
2.07 3
2.08 0
2.09 0
2.1 0
2.11 0
2.12 0
2.13 4
2.14 9
2.15 14
2.16 17
2.17 22
2.18 24
2.19 27
2.2 30
2.21 35
2.22 39
2.23 22
2.24 22
2.25 23
2.26 22
2.27 14
2.28 13
2.29 8
2.3 12
2.31 1
2.32 0
2.33 3
2.34 0
2.35 0
2.36 32
2.37 32
2.38 25
2.39 36
2.4 19
2.41 17
2.42 15
2.43 19
2.44 17
2.45 18
2.46 18
2.47 18
2.48 11
2.49 11
2.5 1
2.51 0
2.52 0
2.53 0
2.54 0
2.55 0
2.56 0
2.57 4
2.58 11
2.59 21
2.6 28
2.61 34
2.62 38
2.63 41
2.64 22
2.65 22
2.66 22
2.67 22
2.68 21
2.69 19
2.7 18
2.71 21
2.72 8
2.73 0
2.74 0
2.75 0
2.76 0
2.77 0
2.78 0
2.79 0
2.8 0
2.81 0
2.82 0
2.83 3
2.84 11
2.85 16
2.86 27
2.87 34
2.88 38
2.89 30
2.9 19
2.91 19
2.92 19
2.93 19
2.94 11
2.95 4
2.96 0
2.97 0
2.98 0
2.99 0
3 0
3.01 0
3.02 0
3.03 0
3.04 4
3.05 12
3.06 18
3.07 24
3.08 29
3.09 32
3.1 41
3.11 33
3.12 23
3.13 22
3.14 22
3.15 22
3.16 20
3.17 20
3.18 12
3.19 7
3.2 0
3.21 0
3.22 0
3.23 0
3.24 0
3.25 0
3.26 0
3.27 0
3.28 0
3.29 0
3.3 4
3.31 12
3.32 20
3.33 25
3.34 35
3.35 41
3.36 28
3.37 20
3.38 20
3.39 20
3.4 20
3.41 14
3.42 10
3.43 0
3.44 0
3.45 0
3.46 0
3.47 0
3.48 0
3.49 0
3.5 0
3.51 4
3.52 11
3.53 19
3.54 24
3.55 30
3.56 35
3.57 43
3.58 20
3.59 21
3.6 20
3.61 21
3.62 19
3.63 15
3.64 19
3.65 17
3.66 7
3.67 0
3.68 0
3.69 0
3.7 0
3.71 0
3.72 0
3.73 0
3.74 0
3.75 0
3.76 4
3.77 10
3.78 14
3.79 20
3.8 29
3.81 33
3.82 42
3.83 26
3.84 20
3.85 20
3.86 20
3.87 20
3.88 17
3.89 14
3.9 9
3.91 1
3.92 0
3.93 0
3.94 0
3.95 0
3.96 0
3.97 0
3.98 0
3.99 2
4 9
4.01 14
4.02 19
4.03 26
4.04 33
4.05 37
4.06 26
4.07 19
4.08 19
4.09 19
4.1 19
4.11 19
4.12 19
4.13 12
4.14 2
4.15 0
4.16 0
4.17 0
4.18 0
4.19 0
4.2 0
4.21 0
4.22 0
4.23 0
4.24 2
4.25 10
4.26 16
4.27 22
4.28 28
4.29 35
4.3 41
4.31 24
4.32 20
4.33 20
4.34 20
4.35 20
4.36 16
4.37 13
4.38 13
4.39 6
4.4 5
4.41 0
4.42 0
4.43 0
4.44 0
4.45 0
4.46 0
4.47 7
4.48 14
4.49 21
4.5 28
4.51 33
4.52 39
4.53 19
4.54 19
4.55 19
4.56 19
4.57 19
4.58 18
4.59 13
4.6 15
4.61 4
4.62 0
4.63 0
4.64 0
4.65 0
4.66 0
4.67 0
4.68 0
4.69 6
4.7 12
4.71 19
4.72 22
4.73 28
4.74 37
4.75 43
4.76 21
4.77 21
4.78 21
4.79 21
4.8 19
4.81 19
4.82 11
4.83 5
4.84 0
4.85 0
4.86 0
4.87 0
4.88 0
4.89 0
4.9 0
4.91 6
4.92 12
4.93 18
4.94 24
4.95 31
4.96 36
4.97 30
4.98 19
4.99 19
5 19
5.01 19
5.02 17
5.03 11
5.04 12
5.05 2
5.06 0
5.07 0
5.08 0
5.09 0
5.1 0
5.11 0
5.12 0
5.13 0
5.14 4
5.15 8
5.16 15
5.17 20
5.18 28
5.19 31
5.2 38
5.21 18
5.22 18
5.23 18
5.24 18
5.25 18
5.26 18
5.27 16
5.28 17
5.29 0
5.3 0
5.31 0
5.32 0
5.33 0
5.34 0
5.35 0
5.36 0
5.37 7
5.38 14
5.39 18
5.4 27
5.41 30
5.42 37
5.43 20
5.44 18
5.45 18
5.46 18
5.47 13
5.48 16
5.49 17
5.5 13
5.51 5
5.52 0
5.53 0
5.54 0
5.55 0
5.56 0
5.57 0
5.58 0
5.59 1
5.6 9
5.61 15
5.62 19
5.63 25
5.64 32
5.65 41
5.66 18
5.67 18
5.68 19
5.69 18
5.7 15
5.71 9
5.72 0
5.73 2
5.74 0
5.75 0
5.76 0
5.77 0
5.78 0
5.79 0
5.8 0
5.81 2
5.82 15
5.83 22
5.84 25
5.85 32
5.86 39
5.87 32
5.88 21
5.89 21
5.9 20
5.91 20
5.92 18
5.93 14
5.94 18
5.95 13
5.96 0
5.97 0
5.98 0
5.99 0
6 0
6.01 1
6.02 9
6.03 16
6.04 26
6.05 33
6.06 38
6.07 32
6.08 20
6.09 20
6.1 20
6.11 20
6.12 17
6.13 16
6.14 18
6.15 15
6.16 6
6.17 0
6.18 0
6.19 0
6.2 0
6.21 0
6.22 0
6.23 0
6.24 8
6.25 15
6.26 23
6.27 28
6.28 34
6.29 34
6.3 18
6.31 18
6.32 18
6.33 18
6.34 17
6.35 13
6.36 17
6.37 9
6.38 0
6.39 0
6.4 0
6.41 0
6.42 0
6.43 0
6.44 0
6.45 0
6.46 0
6.47 5
6.48 12
6.49 18
6.5 24
6.51 30
6.52 37
6.53 44
6.54 22
6.55 21
6.56 21
6.57 21
6.58 19
6.59 11
6.6 4
6.61 0
6.62 0
6.63 0
6.64 0
6.65 0
6.66 0
6.67 0
6.68 0
6.69 3
6.7 11
6.71 15
6.72 22
6.73 27
6.74 34
6.75 39
6.76 40
6.77 22
6.78 22
6.79 22
6.8 22
6.81 22
6.82 19
6.83 21
6.84 21
6.85 4
6.86 0
6.87 0
6.88 0
6.89 0
6.9 0
6.91 0
6.92 0
6.93 0
6.94 0
6.95 0
6.96 6
6.97 14
6.98 21
6.99 29
7 34
7.01 40
7.02 18
7.03 18
7.04 19
7.05 18
7.06 16
7.07 14
7.08 11
7.09 15
7.1 0
7.11 8
7.12 0
7.13 0
7.14 0
7.15 0
7.16 0
7.17 7
7.18 13
7.19 20
7.2 27
7.21 33
7.22 37
7.23 40
7.24 21
7.25 21
7.26 21
7.27 21
7.28 21
7.29 21
7.3 21
7.31 21
7.32 13
7.33 0
7.34 0
7.35 0
7.36 0
7.37 0
7.38 0
7.39 0
7.4 0
7.41 0
7.42 0
7.43 0
7.44 3
7.45 12
7.46 19
7.47 26
7.48 31
7.49 39
7.5 37
7.51 20
7.52 20
7.53 21
7.54 20
7.55 19
7.56 12
7.57 5
7.58 2
7.59 0
7.6 0
7.61 0
7.62 0
7.63 5
7.64 10
7.65 16
7.66 23
7.67 30
7.68 36
7.69 40
7.7 20
7.71 20
7.72 20
7.73 20
7.74 15
7.75 13
7.76 7
7.77 4
7.78 0
7.79 0
7.8 0
7.81 0
7.82 0
7.83 0
7.84 1
7.85 8
7.86 16
7.87 24
7.88 28
7.89 33
7.9 38
7.91 18
7.92 18
7.93 18
7.94 18
7.95 18
7.96 18
7.97 18
7.98 11
7.99 0
8 0
8.01 0
8.02 0
8.03 0
8.04 0
8.05 0
8.06 0
8.07 1
8.08 8
8.09 14
8.1 18
8.11 26
8.12 30
8.13 35
8.14 23
8.15 18
8.16 18
8.17 18
8.18 18
8.19 14
8.2 14
8.21 12
8.22 3
8.23 0
8.24 0
8.25 0
8.26 0
8.27 0
8.28 0
8.29 0
8.3 1
8.31 7
8.32 14
8.33 19
8.34 25
8.35 31
8.36 38
8.37 24
8.38 19
8.39 19
8.4 19
8.41 18
8.42 10
8.43 6
8.44 0
8.45 0
8.46 0
8.47 0
8.48 0
8.49 0
8.5 0
8.51 0
8.52 0
8.53 0
8.54 0
8.55 0
8.56 10
8.57 16
8.58 24
8.59 29
8.6 33
8.61 40
8.62 47
8.63 24
8.64 23
8.65 24
8.66 23
8.67 19
8.68 15
8.69 8
8.7 5
8.71 0
8.72 0
8.73 0
8.74 0
8.75 0
8.76 0
8.77 3
8.78 9
8.79 19
8.8 27
8.81 30
8.82 36
8.83 41
8.84 21
8.85 21
8.86 21
8.87 21
8.88 21
8.89 17
8.9 13
8.91 12
8.92 0
8.93 0
8.94 0
8.95 0
8.96 0
8.97 0
8.98 0
8.99 0
9 2
9.01 6
9.02 12
9.03 18
9.04 25
9.05 30
9.06 36
9.07 36
9.08 19
9.09 19
9.1 19
9.11 19
9.12 14
9.13 15
9.14 17
9.15 15
9.16 0
9.17 0
9.18 0
9.19 0
9.2 0
9.21 0
9.22 0
9.23 0
9.24 1
9.25 6
9.26 12
9.27 19
9.28 25
9.29 30
9.3 37
9.31 42
9.32 20
9.33 20
9.34 20
9.35 20
9.36 15
9.37 18
9.38 16
9.39 10
9.4 0
9.41 0
9.42 0
9.43 0
9.44 0
9.45 0
9.46 0
9.47 0
9.48 7
9.49 12
9.5 20
9.51 27
9.52 33
9.53 39
9.54 20
9.55 19
9.56 19
9.57 19
9.58 15
9.59 5
9.6 0
9.61 0
9.62 3
9.63 0
9.64 0
9.65 0
9.66 0
9.67 0
9.68 0
9.69 1
9.7 11
9.71 17
9.72 24
9.73 28
9.74 36
9.75 41
9.76 38
9.77 22
9.78 22
9.79 22
9.8 22
9.81 14
9.82 9
9.83 0
9.84 0
9.85 0
9.86 0
9.87 0
9.88 0
9.89 0
9.9 0
9.91 3
9.92 10
9.93 18
9.94 24
9.95 30
9.96 35
9.97 42
9.98 20
9.99 20
10 20
10.01 20
10.02 17
10.03 16
10.04 16
10.05 14
10.06 1
10.07 0
10.08 0
10.09 0
10.1 0
10.11 0
10.12 0
10.13 0
10.14 2
10.15 10
10.16 16
10.17 25
10.18 29
10.19 36
10.2 41
10.21 20
10.22 20
10.23 21
10.24 20
10.25 19
10.26 12
10.27 4
10.28 0
10.29 0
10.3 0
10.31 0
10.32 0
10.33 0
10.34 0
10.35 0
10.36 3
10.37 14
10.38 20
10.39 25
10.4 32
10.41 38
10.42 44
10.43 26
10.44 23
10.45 23
10.46 23
10.47 23
10.48 21
10.49 21
10.5 12
10.51 6
10.52 0
10.53 0
10.54 0
10.55 0
10.56 0
10.57 0
10.58 2
10.59 12
10.6 22
10.61 27
10.62 35
10.63 40
10.64 20
10.65 19
10.66 20
10.67 19
10.68 15
10.69 10
10.7 11
10.71 9
10.72 5
10.73 0
10.74 0
10.75 0
10.76 0
10.77 0
10.78 0
10.79 2
10.8 11
10.81 20
10.82 25
10.83 32
10.84 36
10.85 41
10.86 20
10.87 20
10.88 20
10.89 20
10.9 15
10.91 17
10.92 14
10.93 6
10.94 0
10.95 0
10.96 0
10.97 0
10.98 0
10.99 0
11 0
11.01 0
11.02 4
11.03 13
11.04 19
11.05 26
11.06 33
11.07 43
11.08 22
11.09 20
11.1 20
11.11 20
11.12 18
11.13 14
11.14 6
11.15 0
11.16 0
11.17 0
11.18 0
11.19 0
11.2 0
11.21 0
11.22 0
11.23 2
11.24 12
11.25 21
11.26 29
11.27 35
11.28 40
11.29 45
11.3 24
11.31 23
11.32 23
11.33 23
11.34 20
11.35 22
11.36 18
11.37 18
11.38 9
11.39 0
11.4 0
11.41 0
11.42 0
11.43 0
11.44 0
11.45 0
11.46 9
11.47 16
11.48 23
11.49 28
11.5 38
11.51 27
11.52 20
11.53 19
11.54 19
11.55 19
11.56 16
11.57 11
11.58 11
11.59 0
11.6 0
11.61 0
11.62 0
11.63 0
11.64 0
11.65 0
11.66 0
11.67 2
11.68 9
11.69 14
11.7 21
11.71 27
11.72 34
11.73 39
11.74 22
11.75 19
11.76 19
11.77 20
11.78 18
11.79 19
11.8 16
11.81 18
11.82 16
11.83 0
11.84 0
11.85 0
11.86 0
11.87 0
11.88 0
11.89 0
11.9 0
11.91 1
11.92 5
11.93 12
11.94 20
11.95 26
11.96 31
11.97 39
11.98 25
11.99 19
12 19
12.01 19
12.02 19
12.03 4
12.04 5
12.05 1
12.06 0
12.07 0
12.08 0
12.09 0
12.1 0
12.11 0
12.12 1
12.13 8
12.14 19
12.15 26
12.16 31
12.17 38
12.18 29
12.19 19
12.2 19
12.21 19
12.22 19
12.23 10
12.24 3
12.25 2
12.26 2
12.27 0
12.28 0
12.29 0
12.3 0
12.31 0
12.32 0
12.33 0
12.34 0
12.35 3
12.36 9
12.37 16
12.38 25
12.39 30
12.4 35
12.41 43
12.42 19
12.43 19
12.44 19
12.45 19
12.46 17
12.47 14
12.48 12
12.49 12
12.5 4
12.51 0
12.52 0
12.53 0
12.54 0
12.55 0
12.56 0
12.57 11
12.58 19
12.59 25
12.6 31
12.61 37
12.62 20
12.63 18
12.64 18
12.65 18
12.66 18
12.67 18
12.68 10
12.69 2
12.7 0
12.71 0
12.72 0
12.73 0
12.74 0
12.75 0
12.76 0
12.77 0
12.78 1
12.79 10
12.8 18
12.81 24
12.82 29
12.83 34
12.84 42
12.85 19
12.86 19
12.87 19
12.88 19
12.89 16
12.9 10
12.91 9
12.92 9
12.93 0
12.94 0
12.95 0
12.96 0
12.97 0
12.98 0
12.99 2
13 10
13.01 18
13.02 25
13.03 30
13.04 37
13.05 46
13.06 31
13.07 23
13.08 23
13.09 23
13.1 23
13.11 23
13.12 23
13.13 18
13.14 22
13.15 0
13.16 0
13.17 0
13.18 0
13.19 0
13.2 0
13.21 0
13.22 3
13.23 9
13.24 19
13.25 25
13.26 29
13.27 35
13.28 28
13.29 19
13.3 19
13.31 19
13.32 19
13.33 12
13.34 4
13.35 0
13.36 0
13.37 0
13.38 0
13.39 0
13.4 0
13.41 0
13.42 0
13.43 0
13.44 0
13.45 4
13.46 8
13.47 16
13.48 22
13.49 26
13.5 35
13.51 40
13.52 22
13.53 19
13.54 19
13.55 19
13.56 15
13.57 18
13.58 16
13.59 15
13.6 5
13.61 0
13.62 0
13.63 0
13.64 0
13.65 0
13.66 0
13.67 0
13.68 5
13.69 11
13.7 16
13.71 24
13.72 30
13.73 36
13.74 40
13.75 19
13.76 19
13.77 19
13.78 19
13.79 16
13.8 16
13.81 17
13.82 18
13.83 13
13.84 0
13.85 0
13.86 0
13.87 0
13.88 0
13.89 0
13.9 0
13.91 0
13.92 6
13.93 13
13.94 18
13.95 23
13.96 28
13.97 35
13.98 45
13.99 20
14 20
14.01 20
14.02 20
14.03 19
14.04 17
14.05 18
14.06 14
14.07 0
14.08 0
14.09 0
14.1 0
14.11 0
14.12 0
14.13 0
14.14 0
14.15 4
14.16 10
14.17 16
14.18 24
14.19 30
14.2 34
14.21 37
14.22 19
14.23 19
14.24 19
14.25 20
14.26 18
14.27 18
14.28 9
14.29 5
14.3 0
14.31 0
14.32 0
14.33 0
14.34 0
14.35 0
14.36 0
14.37 1
14.38 10
14.39 17
14.4 23
14.41 31
14.42 38
14.43 24
14.44 19
14.45 18
14.46 18
14.47 18
14.48 14
14.49 16
14.5 10
14.51 7
14.52 0
14.53 0
14.54 0
14.55 0
14.56 0
14.57 0
14.58 0
14.59 1
14.6 8
14.61 14
14.62 20
14.63 26
14.64 31
14.65 37
14.66 24
14.67 19
14.68 19
14.69 19
14.7 19
14.71 19
14.72 19
14.73 10
14.74 1
14.75 0
14.76 0
14.77 0
14.78 0
14.79 0
14.8 0
14.81 0
14.82 0
14.83 2
14.84 8
14.85 12
14.86 20
14.87 28
14.88 32
14.89 38
14.9 32
14.91 21
14.92 20
14.93 20
14.94 20
14.95 16
14.96 12
14.97 9
14.98 8
14.99 0
15 0
15.01 0
15.02 0
15.03 0
15.04 0
15.05 0
15.06 0
15.07 9
15.08 13
15.09 18
15.1 25
15.11 33
15.12 38
15.13 36
15.14 20
15.15 21
15.16 21
15.17 20
15.18 19
15.19 15
15.2 14
15.21 3
15.22 0
15.23 0
15.24 0
15.25 0
15.26 0
15.27 0
15.28 0
15.29 0
15.3 0
15.31 8
15.32 13
15.33 20
15.34 24
15.35 30
15.36 35
15.37 41
15.38 20
15.39 21
15.4 20
15.41 20
15.42 11
15.43 14
15.44 6
15.45 4
15.46 0
15.47 0
15.48 0
15.49 0
15.5 0
15.51 0
15.52 0
15.53 0
15.54 3
15.55 9
15.56 14
15.57 18
15.58 26
15.59 32
15.6 37
15.61 22
15.62 18
15.63 18
15.64 18
15.65 18
15.66 15
15.67 14
15.68 10
15.69 2
15.7 0
15.71 0
15.72 0
15.73 0
15.74 0
15.75 0
15.76 0
15.77 0
15.78 4
15.79 11
15.8 16
15.81 21
15.82 28
15.83 33
15.84 39
15.85 28
15.86 20
15.87 20
15.88 20
15.89 20
15.9 16
15.91 14
15.92 14
15.93 3
15.94 0
15.95 0
15.96 0
15.97 0
15.98 0
15.99 0
16 0
16.01 0
16.02 0
16.03 2
16.04 7
16.05 13
16.06 19
16.07 25
16.08 33
16.09 40
16.1 38
16.11 21
16.12 20
16.13 20
16.14 20
16.15 18
16.16 17
16.17 8
16.18 0
16.19 0
16.2 0
16.21 0
16.22 0
16.23 0
16.24 0
16.25 0
16.26 6
16.27 14
16.28 19
16.29 26
16.3 29
16.31 35
16.32 22
16.33 18
16.34 18
16.35 19
16.36 17
16.37 18
16.38 18
16.39 17
16.4 11
16.41 0
16.42 0
16.43 0
16.44 0
16.45 0
16.46 0
16.47 0
16.48 0
16.49 3
16.5 11
16.51 16
16.52 22
16.53 28
16.54 36
16.55 42
16.56 19
16.57 19
16.58 19
16.59 19
16.6 16
16.61 19
16.62 14
16.63 17
16.64 9
16.65 0
16.66 0
16.67 0
16.68 0
16.69 0
16.7 0
16.71 0
16.72 0
16.73 3
16.74 11
16.75 20
16.76 26
16.77 35
16.78 42
16.79 20
16.8 19
16.81 19
16.82 19
16.83 19
16.84 18
16.85 18
16.86 14
16.87 6
16.88 0
16.89 0
16.9 0
16.91 0
16.92 0
16.93 0
16.94 0
16.95 4
16.96 14
16.97 22
16.98 29
16.99 33
17 38
17.01 27
17.02 21
17.03 21
17.04 20
17.05 20
17.06 15
17.07 18
17.08 14
17.09 8
17.1 0
17.11 0
17.12 0
17.13 0
17.14 0
17.15 0
17.16 0
17.17 9
17.18 16
17.19 24
17.2 34
17.21 40
17.22 18
17.23 18
17.24 18
17.25 18
17.26 18
17.27 10
17.28 10
17.29 10
17.3 1
17.31 0
17.32 0
17.33 0
17.34 0
17.35 0
17.36 0
17.37 4
17.38 13
17.39 20
17.4 25
17.41 29
17.42 38
17.43 20
17.44 18
17.45 18
17.46 19
17.47 18
17.48 18
17.49 18
17.5 17
17.51 0
17.52 0
17.53 0
17.54 0
17.55 0
17.56 0
17.57 0
17.58 0
17.59 0
17.6 0
17.61 3
17.62 8
17.63 13
17.64 18
17.65 25
17.66 31
17.67 36
17.68 36
17.69 19
17.7 19
17.71 19
17.72 19
17.73 15
17.74 8
17.75 2
17.76 0
17.77 0
17.78 0
17.79 0
17.8 0
17.81 0
17.82 0
17.83 0
17.84 7
17.85 13
17.86 18
17.87 22
17.88 29
17.89 35
17.9 40
17.91 20
17.92 19
17.93 19
17.94 19
17.95 17
17.96 16
17.97 9
17.98 9
17.99 9
18 0
18.01 0
18.02 0
18.03 0
18.04 0
18.05 0
18.06 2
18.07 10
18.08 14
18.09 21
18.1 28
18.11 36
18.12 42
18.13 20
18.14 20
18.15 20
18.16 20
18.17 20
18.18 18
18.19 9
18.2 0
18.21 0
18.22 0
18.23 0
18.24 0
18.25 0
18.26 0
18.27 0
18.28 0
18.29 1
18.3 6
18.31 8
18.32 14
18.33 20
18.34 28
18.35 32
18.36 40
18.37 32
18.38 20
18.39 20
18.4 21
18.41 20
18.42 18
18.43 16
18.44 12
18.45 1
18.46 0
18.47 0
18.48 0
18.49 0
18.5 0
18.51 0
18.52 0
18.53 10
18.54 18
18.55 23
18.56 29
18.57 34
18.58 37
18.59 20
18.6 19
18.61 19
18.62 20
18.63 20
18.64 13
18.65 13
18.66 0
18.67 0
18.68 0
18.69 0
18.7 0
18.71 0
18.72 0
18.73 0
18.74 9
18.75 18
18.76 25
18.77 31
18.78 36
18.79 40
18.8 20
18.81 20
18.82 20
18.83 20
18.84 17
18.85 15
18.86 14
18.87 18
18.88 6
18.89 0
18.9 0
18.91 0
18.92 0
18.93 0
18.94 0
18.95 0
18.96 2
18.97 10
18.98 17
18.99 26
19 34
19.01 41
19.02 18
19.03 18
19.04 18
19.05 18
19.06 14
19.07 12
19.08 7
19.09 3
19.1 0
19.11 0
19.12 0
19.13 0
19.14 0
19.15 0
19.16 0
19.17 8
19.18 16
19.19 20
19.2 25
19.21 31
19.22 38
19.23 20
19.24 19
19.25 19
19.26 19
19.27 15
19.28 13
19.29 11
19.3 11
19.31 5
19.32 0
19.33 0
19.34 0
19.35 0
19.36 0
19.37 0
19.38 0
19.39 7
19.4 15
19.41 22
19.42 30
19.43 36
19.44 44
19.45 20
19.46 20
19.47 20
19.48 20
19.49 19
19.5 17
19.51 18
19.52 15
19.53 14
19.54 5
19.55 0
19.56 0
19.57 0
19.58 0
19.59 0
19.6 2
19.61 10
19.62 16
19.63 24
19.64 30
19.65 36
19.66 28
19.67 19
19.68 19
19.69 19
19.7 19
19.71 19
19.72 15
19.73 12
19.74 0
19.75 0
19.76 0
19.77 0
19.78 0
19.79 0
19.8 0
19.81 0
19.82 0
19.83 5
19.84 12
19.85 19
19.86 28
19.87 33
19.88 39
19.89 19
19.9 19
19.91 19
19.92 19
19.93 19
19.94 15
19.95 11
19.96 7
19.97 2
19.98 0
19.99 0
20 0
20.01 0
20.02 0
20.03 0
20.04 6
20.05 14
20.06 19
20.07 25
20.08 33
20.09 39
20.1 19
20.11 19
20.12 20
20.13 19
20.14 19
20.15 9
20.16 10
20.17 9
20.18 10
20.19 2
20.2 0
20.21 0
20.22 0
20.23 0
20.24 4
20.25 11
20.26 17
20.27 26
20.28 32
20.29 35
20.3 39
20.31 20
20.32 20
20.33 21
20.34 20
20.35 15
20.36 14
20.37 17
20.38 16
20.39 1
20.4 0
20.41 0
20.42 0
20.43 0
20.44 0
20.45 0
20.46 0
20.47 0
20.48 6
20.49 14
20.5 19
20.51 29
20.52 34
20.53 40
20.54 29
20.55 20
20.56 20
20.57 20
20.58 20
20.59 17
20.6 14
20.61 13
20.62 6
20.63 0
20.64 0
20.65 0
20.66 0
20.67 2
20.68 8
20.69 15
20.7 24
20.71 29
20.72 35
20.73 41
20.74 22
20.75 21
20.76 22
20.77 21
20.78 21
20.79 17
20.8 14
20.81 10
20.82 0
20.83 0
20.84 0
20.85 0
20.86 0
20.87 0
20.88 0
20.89 0
20.9 0
20.91 0
20.92 5
20.93 11
20.94 15
20.95 20
20.96 26
20.97 32
20.98 37
20.99 36
21 20
21.01 20
21.02 20
21.03 20
21.04 19
21.05 18
21.06 20
21.07 12
21.08 0
21.09 0
21.1 0
21.11 0
21.12 0
21.13 0
21.14 0
21.15 0
21.16 8
21.17 11
21.18 13
21.19 19
21.2 24
21.21 30
21.22 40
21.23 18
21.24 18
21.25 18
21.26 18
21.27 18
21.28 10
21.29 4
21.3 1
21.31 0
21.32 0
21.33 0
21.34 0
21.35 0
21.36 0
21.37 2
21.38 11
21.39 18
21.4 27
21.41 31
21.42 34
21.43 37
21.44 39
21.45 22
21.46 22
21.47 22
21.48 22
21.49 22
21.5 23
21.51 16
21.52 14
21.53 0
21.54 0
21.55 0
21.56 0
21.57 0
21.58 0
21.59 0
21.6 0
21.61 0
21.62 4
21.63 12
21.64 18
21.65 27
21.66 34
21.67 41
21.68 21
21.69 19
21.7 19
21.71 20
21.72 16
21.73 11
21.74 10
21.75 9
21.76 1
21.77 0
21.78 0
21.79 0
21.8 0
21.81 0
21.82 0
21.83 0
21.84 8
21.85 15
21.86 23
21.87 29
21.88 38
21.89 42
21.9 20
21.91 20
21.92 20
21.93 20
21.94 19
21.95 20
21.96 15
21.97 11
21.98 0
21.99 0
22 0
22.01 0
22.02 0
22.03 0
22.04 0
22.05 0
22.06 6
22.07 12
22.08 19
22.09 26
22.1 33
22.11 39
22.12 18
22.13 18
22.14 18
22.15 18
22.16 17
22.17 13
22.18 7
22.19 6
22.2 0
22.21 0
22.22 0
22.23 0
22.24 0
22.25 0
22.26 0
22.27 8
22.28 15
22.29 23
22.3 28
22.31 33
22.32 38
22.33 44
22.34 22
22.35 22
22.36 22
22.37 22
22.38 19
22.39 11
22.4 12
22.41 2
22.42 0
22.43 0
22.44 0
22.45 0
22.46 0
22.47 0
22.48 0
22.49 4
22.5 16
22.51 21
22.52 27
22.53 35
22.54 40
22.55 19
22.56 19
22.57 19
22.58 19
22.59 15
22.6 15
22.61 13
22.62 14
22.63 7
22.64 0
22.65 0
22.66 0
22.67 0
22.68 0
22.69 0
22.7 3
22.71 14
22.72 21
22.73 27
22.74 33
22.75 36
22.76 18
22.77 18
22.78 18
22.79 18
22.8 16
22.81 13
22.82 15
22.83 14
22.84 0
22.85 0
22.86 0
22.87 0
22.88 0
22.89 0
22.9 0
22.91 0
22.92 0
22.93 11
22.94 16
22.95 23
22.96 29
22.97 34
22.98 39
22.99 39
23 22
23.01 21
23.02 21
23.03 21
23.04 17
23.05 16
23.06 13
23.07 9
23.08 0
23.09 0
23.1 0
23.11 0
23.12 0
23.13 0
23.14 0
23.15 4
23.16 11
23.17 18
23.18 26
23.19 31
23.2 39
23.21 18
23.22 18
23.23 18
23.24 18
23.25 18
23.26 12
23.27 12
23.28 1
23.29 0
23.3 0
23.31 0
23.32 0
23.33 0
23.34 0
23.35 0
23.36 0
23.37 4
23.38 10
23.39 13
23.4 20
23.41 26
23.42 33
23.43 37
23.44 18
23.45 18
23.46 18
23.47 18
23.48 17
23.49 6
23.5 9
23.51 12
23.52 6
23.53 0
23.54 0
23.55 0
23.56 0
23.57 0
23.58 0
23.59 0
23.6 0
23.61 0
23.62 4
23.63 10
23.64 16
23.65 23
23.66 28
23.67 33
23.68 40
23.69 46
23.7 22
23.71 23
23.72 22
23.73 22
23.74 21
23.75 19
23.76 19
23.77 19
23.78 10
23.79 8
23.8 0
23.81 0
23.82 0
23.83 0
23.84 0
23.85 0
23.86 0
23.87 7
23.88 12
23.89 18
23.9 22
23.91 28
23.92 33
23.93 27
23.94 18
23.95 18
23.96 18
23.97 19
23.98 13
23.99 10
24 16
24.01 9
24.02 0
24.03 0
24.04 0
24.05 0
24.06 0
24.07 0
24.08 0
24.09 0
24.1 0
24.11 4
24.12 12
24.13 18
24.14 21
24.15 30
24.16 36
24.17 41
24.18 20
24.19 20
24.2 20
24.21 21
24.22 17
24.23 17
24.24 17
24.25 9
24.26 0
24.27 0
24.28 0
24.29 0
24.3 0
24.31 0
24.32 0
24.33 0
24.34 0
24.35 4
24.36 11
24.37 19
24.38 26
24.39 32
24.4 37
24.41 33
24.42 20
24.43 19
24.44 20
24.45 19
24.46 14
24.47 14
24.48 6
24.49 0
24.5 0
24.51 0
24.52 0
24.53 0
24.54 0
24.55 0
24.56 0
24.57 3
24.58 10
24.59 17
24.6 20
24.61 25
24.62 31
24.63 38
24.64 27
24.65 21
24.66 20
24.67 20
24.68 20
24.69 19
24.7 16
24.71 8
24.72 7
24.73 0
24.74 0
24.75 0
24.76 0
24.77 0
24.78 0
24.79 0
24.8 0
24.81 1
24.82 9
24.83 13
24.84 20
24.85 27
24.86 33
24.87 40
24.88 19
24.89 19
24.9 19
24.91 19
24.92 19
24.93 17
24.94 16
24.95 12
24.96 7
24.97 0
24.98 0
24.99 0
25 0
25.01 0
25.02 0
25.03 0
25.04 0
25.05 7
25.06 13
25.07 19
25.08 25
25.09 30
25.1 36
25.11 34
25.12 19
25.13 19
25.14 19
25.15 19
25.16 12
25.17 13
25.18 8
25.19 0
25.2 0
25.21 0
25.22 0
25.23 0
25.24 0
25.25 0
25.26 0
25.27 5
25.28 10
25.29 16
25.3 23
25.31 27
25.32 32
25.33 38
25.34 31
25.35 21
25.36 20
25.37 20
25.38 20
25.39 18
25.4 12
25.41 6
25.42 4
25.43 0
25.44 0
25.45 0
25.46 0
25.47 0
25.48 0
25.49 0
25.5 6
25.51 11
25.52 17
25.53 23
25.54 29
25.55 36
25.56 40
25.57 19
25.58 19
25.59 20
25.6 19
25.61 15
25.62 10
25.63 4
25.64 0
25.65 0
25.66 0
25.67 0
25.68 0
25.69 0
25.7 0
25.71 0
25.72 3
25.73 11
25.74 17
25.75 21
25.76 27
25.77 31
25.78 36
25.79 42
25.8 20
25.81 21
25.82 20
25.83 20
25.84 20
25.85 10
25.86 4
25.87 4
25.88 1
25.89 0
25.9 0
25.91 0
25.92 0
25.93 0
25.94 0
25.95 0
25.96 6
25.97 15
25.98 22
25.99 27
26 34
26.01 41
26.02 41
26.03 22
26.04 22
26.05 23
26.06 22
26.07 22
26.08 18
26.09 0
26.1 0
26.11 0
26.12 0
26.13 0
26.14 0
26.15 0
26.16 1
26.17 7
26.18 16
26.19 24
26.2 33
26.21 38
26.22 45
26.23 21
26.24 21
26.25 21
26.26 21
26.27 21
26.28 11
26.29 10
26.3 6
26.31 7
26.32 0
26.33 0
26.34 0
26.35 0
26.36 0
26.37 0
26.38 0
26.39 5
26.4 16
26.41 21
26.42 26
26.43 31
26.44 38
26.45 20
26.46 19
26.47 19
26.48 19
26.49 20
26.5 14
26.51 13
26.52 13
26.53 1
26.54 0
26.55 0
26.56 0
26.57 0
26.58 0
26.59 0
26.6 0
26.61 0
26.62 7
26.63 13
26.64 22
26.65 30
26.66 34
26.67 40
26.68 19
26.69 18
26.7 19
26.71 18
26.72 14
26.73 11
26.74 11
26.75 5
26.76 0
26.77 0
26.78 0
26.79 0
26.8 0
26.81 0
26.82 0
26.83 0
26.84 9
26.85 20
26.86 26
26.87 31
26.88 38
26.89 38
26.9 20
26.91 20
26.92 19
26.93 20
26.94 18
26.95 14
26.96 8
26.97 9
26.98 0
26.99 0
27 0
27.01 0
27.02 0
27.03 0
27.04 0
27.05 8
27.06 19
27.07 26
27.08 32
27.09 44
27.1 22
27.11 19
27.12 19
27.13 19
27.14 18
27.15 8
27.16 9
27.17 12
27.18 12
27.19 4
27.2 0
27.21 0
27.22 0
27.23 0
27.24 1
27.25 7
27.26 14
27.27 23
27.28 28
27.29 35
27.3 41
27.31 24
27.32 21
27.33 21
27.34 21
27.35 21
27.36 21
27.37 20
27.38 14
27.39 9
27.4 0
27.41 0
27.42 0
27.43 0
27.44 0
27.45 0
27.46 0
27.47 0
27.48 8
27.49 14
27.5 20
27.51 28
27.52 33
27.53 40
27.54 18
27.55 18
27.56 18
27.57 18
27.58 15
27.59 12
27.6 13
27.61 7
27.62 4
27.63 0
27.64 0
27.65 0
27.66 0
27.67 0
27.68 0
27.69 7
27.7 13
27.71 21
27.72 26
27.73 32
27.74 36
27.75 29
27.76 20
27.77 20
27.78 20
27.79 20
27.8 14
27.81 10
27.82 7
27.83 7
27.84 0
27.85 0
27.86 0
27.87 0
27.88 0
27.89 0
27.9 0
27.91 4
27.92 11
27.93 17
27.94 21
27.95 26
27.96 35
27.97 41
27.98 19
27.99 20
28 19
28.01 19
28.02 19
28.03 17
28.04 12
28.05 3
28.06 1
28.07 0
28.08 0
28.09 0
28.1 0
28.11 0
28.12 0
28.13 9
28.14 18
28.15 24
28.16 28
28.17 35
28.18 41
28.19 30
28.2 21
28.21 21
28.22 21
28.23 21
28.24 20
28.25 15
28.26 13
28.27 5
28.28 2
28.29 0
28.3 0
28.31 0
28.32 0
28.33 0
28.34 0
28.35 10
28.36 18
28.37 30
28.38 38
28.39 42
28.4 19
28.41 19
28.42 19
28.43 19
28.44 19
28.45 11
28.46 6
28.47 8
28.48 0
28.49 0
28.5 0
28.51 0
28.52 0
28.53 0
28.54 0
28.55 0
28.56 0
28.57 7
28.58 13
28.59 24
28.6 33
28.61 39
28.62 46
28.63 21
28.64 21
28.65 22
28.66 21
28.67 21
28.68 12
28.69 14
28.7 3
28.71 3
28.72 0
28.73 0
28.74 0
28.75 0
28.76 0
28.77 0
28.78 7
28.79 14
28.8 19
28.81 26
28.82 30
28.83 34
28.84 17
28.85 17
28.86 17
28.87 17
28.88 17
28.89 17
28.9 12
28.91 16
28.92 3
28.93 0
28.94 0
28.95 0
28.96 0
28.97 0
28.98 0
28.99 0
29 7
29.01 16
29.02 24
29.03 31
29.04 36
29.05 38
29.06 19
29.07 19
29.08 19
29.09 19
29.1 13
29.11 11
29.12 10
29.13 8
29.14 0
29.15 0
29.16 0
29.17 0
29.18 0
29.19 0
29.2 0
29.21 2
29.22 9
29.23 12
29.24 17
29.25 23
29.26 29
29.27 34
29.28 40
29.29 22
29.3 21
29.31 21
29.32 21
29.33 20
29.34 12
29.35 9
29.36 0
29.37 0
29.38 0
29.39 0
29.4 0
29.41 0
29.42 0
29.43 0
29.44 3
29.45 13
29.46 17
29.47 22
29.48 28
29.49 35
29.5 40
29.51 19
29.52 19
29.53 19
29.54 19
29.55 17
29.56 15
29.57 17
29.58 13
29.59 0
29.6 0
29.61 0
29.62 0
29.63 0
29.64 0
29.65 0
29.66 5
29.67 12
29.68 22
29.69 30
29.7 34
29.71 40
29.72 19
29.73 19
29.74 19
29.75 19
29.76 15
29.77 15
29.78 12
29.79 0
29.8 0
29.81 0
29.82 0
29.83 0
29.84 0
29.85 0
29.86 0
29.87 4
29.88 15
29.89 21
29.9 28
29.91 31
29.92 37
29.93 44
29.94 21
29.95 21
29.96 21
29.97 21
29.98 17
29.99 18
30 15
30.01 13
30.02 0
30.03 0
30.04 0
30.05 0
30.06 0
30.07 0
30.08 2
30.09 13
30.1 19
30.11 24
30.12 32
30.13 38
30.14 24
30.15 19
30.16 19
30.17 19
30.18 18
30.19 16
30.2 10
30.21 3
30.22 0
30.23 0
30.24 0
30.25 0
30.26 0
30.27 0
30.28 0
30.29 0
30.3 7
30.31 12
30.32 18
30.33 24
30.34 29
30.35 34
30.36 41
30.37 20
30.38 20
30.39 21
30.4 21
30.41 16
30.42 18
30.43 14
30.44 11
30.45 4
30.46 0
30.47 0
30.48 0
30.49 0
30.5 0
30.51 0
30.52 0
30.53 0
30.54 6
30.55 12
30.56 18
30.57 27
30.58 35
30.59 40
30.6 18
30.61 18
30.62 18
30.63 18
30.64 15
30.65 13
30.66 9
30.67 0
30.68 0
30.69 0
30.7 0
30.71 0
30.72 0
30.73 0
30.74 0
30.75 9
30.76 16
30.77 22
30.78 28
30.79 35
30.8 35
30.81 18
30.82 18
30.83 18
30.84 18
30.85 12
30.86 11
30.87 8
30.88 5
30.89 0
30.9 0
30.91 0
30.92 0
30.93 0
30.94 0
30.95 0
30.96 4
30.97 15
30.98 20
30.99 24
31 32
31.01 40
31.02 46
31.03 22
31.04 23
31.05 23
31.06 22
31.07 22
31.08 22
31.09 9
31.1 6
31.11 0
31.12 0
31.13 0
31.14 0
31.15 0
31.16 0
31.17 0
31.18 4
31.19 9
31.2 17
31.21 24
31.22 29
31.23 33
31.24 42
31.25 26
31.26 21
31.27 21
31.28 21
31.29 21
31.3 18
31.31 17
31.32 9
31.33 0
31.34 0
31.35 0
31.36 0
31.37 0
31.38 0
31.39 0
31.4 1
31.41 7
31.42 13
31.43 21
31.44 29
31.45 34
31.46 38
31.47 18
31.48 18
31.49 18
31.5 18
31.51 12
31.52 14
31.53 0
31.54 0
31.55 0
31.56 0
31.57 0
31.58 0
31.59 0
31.6 0
31.61 0
31.62 4
31.63 14
31.64 19
31.65 23
31.66 31
31.67 39
31.68 42
31.69 20
31.7 20
31.71 21
31.72 20
31.73 20
31.74 17
31.75 16
31.76 13
31.77 2
31.78 0
31.79 0
31.8 0
31.81 0
31.82 0
31.83 0
31.84 0
31.85 1
31.86 10
31.87 15
31.88 18
31.89 24
31.9 31
31.91 37
31.92 39
31.93 20
31.94 21
31.95 20
31.96 21
31.97 19
31.98 13
31.99 6
32 0
32.01 0
32.02 0
32.03 0
32.04 0
32.05 0
32.06 0
32.07 0
32.08 1
32.09 10
32.1 14
32.11 16
32.12 19
32.13 27
32.14 33
32.15 41
32.16 20
32.17 19
32.18 19
32.19 19
32.2 19
32.21 17
32.22 13
32.23 11
32.24 0
32.25 0
32.26 0
32.27 0
32.28 0
32.29 0
32.3 0
32.31 5
32.32 13
32.33 19
32.34 23
32.35 29
32.36 34
32.37 28
32.38 18
32.39 18
32.4 18
32.41 18
32.42 15
32.43 10
32.44 2
32.45 0
32.46 0
32.47 0
32.48 0
32.49 0
32.5 0
32.51 2
32.52 10
32.53 18
32.54 26
32.55 33
32.56 37
32.57 34
32.58 19
32.59 19
32.6 19
32.61 19
32.62 17
32.63 10
32.64 10
32.65 9
32.66 3
32.67 0
32.68 0
32.69 0
32.7 0
32.71 0
32.72 0
32.73 7
32.74 15
32.75 24
32.76 29
32.77 35
32.78 43
32.79 20
32.8 20
32.81 20
32.82 20
32.83 18
32.84 19
32.85 17
32.86 19
32.87 6
32.88 0
32.89 0
32.9 0
32.91 0
32.92 0
32.93 0
32.94 0
32.95 0
32.96 0
32.97 5
32.98 14
32.99 21
33 25
33.01 35
33.02 39
33.03 41
33.04 22
33.05 21
33.06 21
33.07 21
33.08 17
33.09 20
33.1 18
33.11 16
33.12 7
33.13 0
33.14 0
33.15 0
33.16 0
33.17 0
33.18 0
33.19 0
33.2 7
33.21 18
33.22 25
33.23 29
33.24 34
33.25 39
33.26 20
33.27 20
33.28 20
33.29 21
33.3 13
33.31 16
33.32 18
33.33 18
33.34 8
33.35 0
33.36 0
33.37 0
33.38 0
33.39 0
33.4 0
33.41 0
33.42 0
33.43 9
33.44 16
33.45 21
33.46 26
33.47 31
33.48 36
33.49 43
33.5 21
33.51 21
33.52 21
33.53 21
33.54 18
33.55 14
33.56 13
33.57 10
33.58 0
33.59 0
33.6 0
33.61 0
33.62 0
33.63 0
33.64 0
33.65 1
33.66 8
33.67 17
33.68 23
33.69 29
33.7 34
33.71 41
33.72 36
33.73 22
33.74 22
33.75 22
33.76 22
33.77 20
33.78 21
33.79 13
33.8 8
33.81 0
33.82 0
33.83 0
33.84 0
33.85 0
33.86 0
33.87 0
33.88 0
33.89 3
33.9 8
33.91 16
33.92 22
33.93 29
33.94 36
33.95 42
33.96 20
33.97 20
33.98 20
33.99 20
34 18
34.01 13
34.02 7
34.03 10
34.04 0
34.05 0
34.06 0
34.07 0
34.08 0
34.09 0
34.1 0
34.11 0
34.12 3
34.13 8
34.14 15
34.15 21
34.16 29
34.17 35
34.18 41
34.19 19
34.2 19
34.21 19
34.22 19
34.23 17
34.24 15
34.25 13
34.26 14
34.27 4
34.28 0
34.29 0
34.3 0
34.31 0
34.32 0
34.33 0
34.34 4
34.35 11
34.36 20
34.37 26
34.38 31
34.39 39
34.4 39
34.41 21
34.42 21
34.43 22
34.44 21
34.45 18
34.46 14
34.47 8
34.48 0
34.49 0
34.5 0
34.51 0
34.52 0
34.53 0
34.54 0
34.55 0
34.56 7
34.57 15
34.58 22
34.59 29
34.6 34
34.61 40
34.62 20
34.63 20
34.64 20
34.65 21
34.66 19
34.67 16
34.68 11
34.69 4
34.7 0
34.71 0
34.72 0
34.73 0
34.74 0
34.75 0
34.76 0
34.77 7
34.78 15
34.79 23
34.8 29
34.81 34
34.82 35
34.83 20
34.84 19
34.85 20
34.86 19
34.87 19
34.88 16
34.89 10
34.9 13
34.91 8
34.92 0
34.93 0
34.94 0
34.95 0
34.96 0
34.97 0
34.98 3
34.99 13
35 21
35.01 28
35.02 34
35.03 41
35.04 18
35.05 18
35.06 18
35.07 19
35.08 18
35.09 18
35.1 15
35.11 12
35.12 0
35.13 0
35.14 0
35.15 0
35.16 0
35.17 0
35.18 0
35.19 0
35.2 0
35.21 3
35.22 14
35.23 21
35.24 27
35.25 33
35.26 42
35.27 34
35.28 21
35.29 21
35.3 21
35.31 21
35.32 21
35.33 17
35.34 14
35.35 15
35.36 3
35.37 2
35.38 0
35.39 0
35.4 0
35.41 0
35.42 0
35.43 0
35.44 6
35.45 11
35.46 18
35.47 27
35.48 33
35.49 37
35.5 24
35.51 19
35.52 20
35.53 19
35.54 19
35.55 15
35.56 13
35.57 6
35.58 2
35.59 0
35.6 0
35.61 0
35.62 0
35.63 0
35.64 0
35.65 6
35.66 14
35.67 20
35.68 25
35.69 31
35.7 35
35.71 18
35.72 19
35.73 18
35.74 18
35.75 19
35.76 17
35.77 13
35.78 2
35.79 0
35.8 0
35.81 0
35.82 0
35.83 0
35.84 0
35.85 0
35.86 0
35.87 0
35.88 4
35.89 10
35.9 18
35.91 26
35.92 32
35.93 36
35.94 44
35.95 20
35.96 20
35.97 20
35.98 20
35.99 11
36 11
36.01 11
36.02 4
36.03 0
36.04 0
36.05 0
36.06 0
36.07 0
36.08 0
36.09 5
36.1 12
36.11 19
36.12 25
36.13 31
36.14 35
36.15 35
36.16 19
36.17 19
36.18 19
36.19 19
36.2 17
36.21 14
36.22 11
36.23 11
36.24 2
36.25 0
36.26 0
36.27 0
36.28 0
36.29 0
36.3 0
36.31 0
36.32 1
36.33 11
36.34 15
36.35 23
36.36 26
36.37 29
36.38 34
36.39 42
36.4 21
36.41 21
36.42 22
36.43 21
36.44 21
36.45 21
36.46 11
36.47 11
36.48 0
36.49 0
36.5 0
36.51 0
36.52 0
36.53 0
36.54 0
36.55 0
36.56 0
36.57 0
36.58 3
36.59 12
36.6 18
36.61 25
36.62 31
36.63 38
36.64 43
36.65 21
36.66 21
36.67 21
36.68 21
36.69 21
36.7 17
36.71 20
36.72 17
36.73 0
36.74 0
36.75 0
36.76 0
36.77 0
36.78 0
36.79 0
36.8 0
36.81 0
36.82 0
36.83 6
36.84 12
36.85 19
36.86 25
36.87 30
36.88 35
36.89 40
36.9 21
36.91 21
36.92 21
36.93 21
36.94 16
36.95 19
36.96 20
36.97 12
36.98 5
36.99 0
37 0
37.01 0
37.02 0
37.03 0
37.04 0
37.05 0
37.06 2
37.07 12
37.08 18
37.09 22
37.1 27
37.11 34
37.12 40
37.13 20
37.14 20
37.15 20
37.16 20
37.17 19
37.18 14
37.19 16
37.2 11
37.21 0
37.22 0
37.23 0
37.24 0
37.25 0
37.26 0
37.27 0
37.28 0
37.29 0
37.3 5
37.31 11
37.32 16
37.33 24
37.34 31
37.35 37
37.36 44
37.37 20
37.38 20
37.39 20
37.4 20
37.41 16
37.42 12
37.43 4
37.44 0
37.45 0
37.46 0
37.47 0
37.48 0
37.49 0
37.5 0
37.51 0
37.52 4
37.53 13
37.54 17
37.55 21
37.56 27
37.57 34
37.58 39
37.59 38
37.6 21
37.61 21
37.62 22
37.63 21
37.64 15
37.65 20
37.66 20
37.67 12
37.68 0
37.69 0
37.7 0
37.71 0
37.72 0
37.73 0
37.74 0
37.75 0
37.76 3
37.77 12
37.78 17
37.79 20
37.8 25
37.81 31
37.82 36
37.83 36
37.84 20
37.85 21
37.86 20
37.87 21
37.88 20
37.89 19
37.9 19
37.91 11
37.92 0
37.93 0
37.94 0
37.95 0
37.96 0
37.97 0
37.98 0
37.99 0
38 0
38.01 4
38.02 11
38.03 16
38.04 21
38.05 27
38.06 35
38.07 41
38.08 32
38.09 21
38.1 22
38.11 21
38.12 21
38.13 21
38.14 21
38.15 8
38.16 5
38.17 0
38.18 0
38.19 0
38.2 0
38.21 0
38.22 0
38.23 0
38.24 0
38.25 0
38.26 5
38.27 9
38.28 15
38.29 21
38.3 26
38.31 33
38.32 41
38.33 31
38.34 20
38.35 20
38.36 20
38.37 20
38.38 20
38.39 12
38.4 11
38.41 6
38.42 0
38.43 0
38.44 0
38.45 0
38.46 0
38.47 0
38.48 0
38.49 0
38.5 8
38.51 13
38.52 20
38.53 25
38.54 32
38.55 38
38.56 21
38.57 19
38.58 19
38.59 19
38.6 15
38.61 16
38.62 15
38.63 5
38.64 0
38.65 0
38.66 0
38.67 0
38.68 0
38.69 0
38.7 0
38.71 0
38.72 3
38.73 11
38.74 15
38.75 21
38.76 28
38.77 35
38.78 39
38.79 19
38.8 19
38.81 19
38.82 19
38.83 19
38.84 18
38.85 16
38.86 17
38.87 12
38.88 0
38.89 0
38.9 0
38.91 0
38.92 0
38.93 0
38.94 0
38.95 0
38.96 0
38.97 6
38.98 13
38.99 19
39 26
39.01 32
39.02 37
39.03 40
39.04 21
39.05 20
39.06 21
39.07 20
39.08 12
39.09 5
39.1 0
39.11 0
39.12 0
39.13 0
39.14 0
39.15 0
39.16 0
39.17 0
39.18 3
39.19 11
39.2 17
39.21 22
39.22 26
39.23 33
39.24 38
39.25 22
39.26 20
39.27 20
39.28 20
39.29 17
39.3 18
39.31 13
39.32 7
39.33 0
39.34 0
39.35 0
39.36 0
39.37 0
39.38 0
39.39 0
39.4 6
39.41 16
39.42 21
39.43 27
39.44 32
39.45 36
39.46 32
39.47 20
39.48 20
39.49 20
39.5 20
39.51 15
39.52 18
39.53 10
39.54 1
39.55 0
39.56 0
39.57 0
39.58 0
39.59 0
39.6 0
39.61 0
39.62 0
39.63 8
39.64 14
39.65 19
39.66 26
39.67 33
39.68 41
39.69 33
39.7 20
39.71 20
39.72 20
39.73 21
39.74 20
39.75 5
39.76 5
39.77 0
39.78 0
39.79 0
39.8 0
39.81 0
39.82 0
39.83 0
39.84 0
39.85 8
39.86 16
39.87 22
39.88 27
39.89 33
39.9 41
39.91 31
39.92 21
39.93 21
39.94 21
39.95 21
39.96 21
39.97 16
39.98 13
39.99 0
40 0
40.01 0
40.02 0
40.03 0
40.04 0
40.05 0
40.06 5
40.07 14
40.08 21
40.09 27
40.1 36
40.11 41
40.12 20
40.13 20
40.14 20
40.15 20
40.16 20
40.17 17
40.18 17
40.19 12
40.2 7
40.21 0
40.22 0
40.23 0
40.24 0
40.25 0
40.26 0
40.27 0
40.28 7
40.29 13
40.3 22
40.31 28
40.32 35
40.33 42
40.34 24
40.35 21
40.36 21
40.37 21
40.38 21
40.39 21
40.4 13
40.41 14
40.42 5
40.43 0
40.44 0
40.45 0
40.46 0
40.47 0
40.48 0
40.49 0
40.5 3
40.51 9
40.52 19
40.53 26
40.54 32
40.55 38
40.56 29
40.57 20
40.58 19
40.59 19
40.6 19
40.61 10
40.62 8
40.63 6
40.64 3
40.65 0
40.66 0
40.67 0
40.68 0
40.69 0
40.7 0
40.71 6
40.72 11
40.73 21
40.74 27
40.75 30
40.76 40
40.77 31
40.78 20
40.79 20
40.8 20
40.81 20
40.82 17
40.83 10
40.84 12
40.85 9
40.86 0
40.87 0
40.88 0
40.89 0
40.9 0
40.91 0
40.92 0
40.93 0
40.94 6
40.95 13
40.96 18
40.97 23
40.98 29
40.99 34
41 38
41.01 20
41.02 20
41.03 20
41.04 20
41.05 21
41.06 21
41.07 11
41.08 4
41.09 0
41.1 0
41.11 0
41.12 0
41.13 0
41.14 0
41.15 0
41.16 0
41.17 0
41.18 6
41.19 10
41.2 15
41.21 24
41.22 30
41.23 34
41.24 40
41.25 19
41.26 19
41.27 19
41.28 19
41.29 19
41.3 11
41.31 11
41.32 13
41.33 7
41.34 0
41.35 0
41.36 0
41.37 0
41.38 0
41.39 0
41.4 5
41.41 19
41.42 26
41.43 29
41.44 34
41.45 42
41.46 31
41.47 22
41.48 22
41.49 22
41.5 22
41.51 21
41.52 21
41.53 20
41.54 16
41.55 2
41.56 0
41.57 0
41.58 0
41.59 0
41.6 0
41.61 0
41.62 6
41.63 13
41.64 20
41.65 27
41.66 31
41.67 27
41.68 17
41.69 17
41.7 17
41.71 17
41.72 17
41.73 10
41.74 14
41.75 12
41.76 14
41.77 0
41.78 0
41.79 0
41.8 0
41.81 0
41.82 0
41.83 0
41.84 0
41.85 8
41.86 17
41.87 24
41.88 32
41.89 35
41.9 43
41.91 19
41.92 19
41.93 19
41.94 19
41.95 12
41.96 7
41.97 8
41.98 3
41.99 2
42 0
42.01 0
42.02 0
42.03 0
42.04 0
42.05 0
42.06 4
42.07 15
42.08 21
42.09 28
42.1 33
42.11 37
42.12 19
42.13 20
42.14 19
42.15 20
42.16 19
42.17 11
42.18 14
42.19 14
42.2 9
42.21 14
42.22 1
42.23 0
42.24 0
42.25 0
42.26 0
42.27 3
42.28 11
42.29 19
42.3 26
42.31 32
42.32 40
42.33 28
42.34 20
42.35 21
42.36 21
42.37 20
42.38 16
42.39 11
42.4 9
42.41 2
42.42 0
42.43 0
42.44 0
42.45 0
42.46 0
42.47 0
42.48 0
42.49 5
42.5 12
42.51 18
42.52 25
42.53 35
42.54 40
42.55 41
42.56 21
42.57 22
42.58 21
42.59 21
42.6 21
42.61 17
42.62 6
42.63 1
42.64 0
42.65 0
42.66 0
42.67 0
42.68 0
42.69 0
42.7 0
42.71 0
42.72 2
42.73 14
42.74 18
42.75 24
42.76 28
42.77 33
42.78 36
42.79 19
42.8 19
42.81 19
42.82 19
42.83 19
42.84 14
42.85 12
42.86 6
42.87 0
42.88 0
42.89 0
42.9 0
42.91 0
42.92 1
42.93 4
42.94 16
42.95 22
42.96 26
42.97 33
42.98 42
42.99 19
43 19
43.01 19
43.02 19
43.03 17
43.04 12
43.05 11
43.06 8
43.07 0
43.08 0
43.09 0
43.1 0
43.11 0
43.12 0
43.13 0
43.14 5
43.15 13
43.16 18
43.17 24
43.18 29
43.19 36
43.2 22
43.21 18
43.22 18
43.23 18
43.24 18
43.25 13
43.26 3
43.27 4
43.28 0
43.29 0
43.3 0
43.31 0
43.32 0
43.33 0
43.34 0
43.35 0
43.36 5
43.37 12
43.38 18
43.39 25
43.4 31
43.41 38
43.42 43
43.43 22
43.44 21
43.45 21
43.46 21
43.47 20
43.48 18
43.49 13
43.5 9
43.51 6
43.52 0
43.53 0
43.54 0
43.55 0
43.56 1
43.57 6
43.58 14
43.59 24
43.6 30
43.61 38
43.62 35
43.63 20
43.64 20
43.65 20
43.66 20
43.67 17
43.68 6
43.69 5
43.7 0
43.71 0
43.72 0
43.73 0
43.74 0
43.75 0
43.76 0
43.77 0
43.78 4
43.79 13
43.8 18
43.81 24
43.82 30
43.83 38
43.84 29
43.85 18
43.86 18
43.87 18
43.88 19
43.89 18
43.9 17
43.91 8
43.92 0
43.93 0
43.94 0
43.95 0
43.96 0
43.97 0
43.98 0
43.99 0
44 0
44.01 0
44.02 2
44.03 7
44.04 14
44.05 20
44.06 27
44.07 32
44.08 38
44.09 34
44.1 21
44.11 20
44.12 21
44.13 21
44.14 15
44.15 11
44.16 0
44.17 0
44.18 0
44.19 0
44.2 0
44.21 0
44.22 0
44.23 0
44.24 0
44.25 1
44.26 8
44.27 13
44.28 19
44.29 24
44.3 30
44.31 35
44.32 36
44.33 19
44.34 19
44.35 19
44.36 19
44.37 17
44.38 9
44.39 2
44.4 0
44.41 0
44.42 0
44.43 0
44.44 0
44.45 0
44.46 0
44.47 0
44.48 0
44.49 2
44.5 7
44.51 14
44.52 21
44.53 27
44.54 33
44.55 41
44.56 29
44.57 20
44.58 20
44.59 20
44.6 20
44.61 16
44.62 18
44.63 19
44.64 10
44.65 0
44.66 0
44.67 0
44.68 0
44.69 0
44.7 0
44.71 0
44.72 0
44.73 0
44.74 4
44.75 14
44.76 18
44.77 24
44.78 30
44.79 38
44.8 43
44.81 20
44.82 20
44.83 20
44.84 20
44.85 12
44.86 12
44.87 7
44.88 0
44.89 0
44.9 0
44.91 0
44.92 0
44.93 0
44.94 0
44.95 0
44.96 8
44.97 15
44.98 22
44.99 27
45 33
45.01 42
45.02 21
45.03 20
45.04 20
45.05 20
45.06 20
45.07 15
45.08 12
45.09 4
45.1 0
45.11 0
45.12 0
45.13 0
45.14 0
45.15 0
45.16 0
45.17 4
45.18 11
45.19 19
45.2 26
45.21 31
45.22 36
45.23 42
45.24 27
45.25 22
45.26 22
45.27 23
45.28 22
45.29 18
45.3 17
45.31 11
45.32 0
45.33 0
45.34 0
45.35 0
45.36 0
45.37 0
45.38 0
45.39 0
45.4 0
45.41 5
45.42 12
45.43 17
45.44 23
45.45 29
45.46 36
45.47 30
45.48 18
45.49 18
45.5 18
45.51 18
45.52 18
45.53 4
45.54 0
45.55 0
45.56 0
45.57 0
45.58 0
45.59 0
45.6 0
45.61 0
45.62 0
45.63 2
45.64 8
45.65 13
45.66 19
45.67 25
45.68 33
45.69 39
45.7 41
45.71 22
45.72 21
45.73 21
45.74 21
45.75 12
45.76 11
45.77 9
45.78 0
45.79 0
45.8 0
45.81 0
45.82 0
45.83 0
45.84 0
45.85 0
45.86 3
45.87 10
45.88 15
45.89 21
45.9 26
45.91 27
45.92 33
45.93 22
45.94 18
45.95 19
45.96 18
45.97 18
45.98 18
45.99 18
46 16
46.01 8
46.02 0
46.03 0
46.04 0
46.05 0
46.06 0
46.07 0
46.08 0
46.09 0
46.1 0
46.11 0
46.12 0
46.13 3
46.14 9
46.15 17
46.16 24
46.17 31
46.18 38
46.19 42
46.2 23
46.21 21
46.22 21
46.23 21
46.24 21
46.25 15
46.26 18
46.27 14
46.28 18
46.29 11
46.3 2
46.31 0
46.32 0
46.33 0
46.34 6
46.35 11
46.36 18
46.37 23
46.38 30
46.39 34
46.4 17
46.41 17
46.42 17
46.43 17
46.44 17
46.45 13
46.46 16
46.47 8
46.48 0
46.49 0
46.5 0
46.51 0
46.52 0
46.53 0
46.54 0
46.55 0
46.56 0
46.57 2
46.58 6
46.59 18
46.6 24
46.61 34
46.62 37
46.63 46
46.64 21
46.65 22
46.66 21
46.67 22
46.68 18
46.69 16
46.7 14
46.71 19
46.72 7
46.73 0
46.74 0
46.75 0
46.76 0
46.77 0
46.78 0
46.79 5
46.8 12
46.81 20
46.82 27
46.83 35
46.84 34
46.85 18
46.86 18
46.87 18
46.88 18
46.89 16
46.9 11
46.91 10
46.92 10
46.93 10
46.94 0
46.95 0
46.96 0
46.97 0
46.98 0
46.99 0
47 6
47.01 15
47.02 24
47.03 31
47.04 36
47.05 42
47.06 19
47.07 20
47.08 20
47.09 19
47.1 14
47.11 10
47.12 12
47.13 4
47.14 0
47.15 0
47.16 0
47.17 0
47.18 0
47.19 0
47.2 0
47.21 5
47.22 11
47.23 19
47.24 25
47.25 32
47.26 37
47.27 29
47.28 19
47.29 19
47.3 20
47.31 20
47.32 15
47.33 16
47.34 9
47.35 4
47.36 0
47.37 0
47.38 0
47.39 0
47.4 0
47.41 0
47.42 0
47.43 0
47.44 2
47.45 10
47.46 16
47.47 22
47.48 29
47.49 35
47.5 40
47.51 20
47.52 20
47.53 20
47.54 20
47.55 15
47.56 4
47.57 0
47.58 0
47.59 0
47.6 0
47.61 0
47.62 0
47.63 0
47.64 0
47.65 0
47.66 0
47.67 5
47.68 11
47.69 14
47.7 20
47.71 25
47.72 30
47.73 34
47.74 43
47.75 27
47.76 22
47.77 22
47.78 22
47.79 22
47.8 19
47.81 11
47.82 13
47.83 1
47.84 0
47.85 0
47.86 0
47.87 0
47.88 0
47.89 0
47.9 0
47.91 0
47.92 0
47.93 4
47.94 7
47.95 13
47.96 19
47.97 25
47.98 30
47.99 36
48 40
48.01 20
48.02 20
48.03 20
48.04 20
48.05 20
48.06 20
48.07 20
48.08 14
48.09 0
48.1 0
48.11 0
48.12 0
48.13 0
48.14 0
48.15 0
48.16 0
48.17 0
48.18 0
48.19 0
48.2 1
48.21 9
48.22 16
48.23 23
48.24 30
48.25 35
48.26 42
48.27 19
48.28 19
48.29 19
48.3 19
48.31 18
48.32 9
48.33 7
48.34 2
48.35 0
48.36 0
48.37 0
48.38 0
48.39 0
48.4 0
48.41 0
48.42 8
48.43 13
48.44 20
48.45 24
48.46 27
48.47 30
48.48 38
48.49 20
48.5 20
48.51 20
48.52 20
48.53 20
48.54 11
48.55 17
48.56 15
48.57 8
48.58 0
48.59 0
48.6 0
48.61 0
48.62 0
48.63 0
48.64 0
48.65 3
48.66 10
48.67 18
48.68 23
48.69 29
48.7 34
48.71 41
48.72 19
48.73 20
48.74 19
48.75 20
48.76 14
48.77 9
48.78 4
48.79 1
48.8 0
48.81 0
48.82 0
48.83 0
48.84 0
48.85 0
48.86 0
48.87 0
48.88 9
48.89 14
48.9 18
48.91 25
48.92 33
48.93 37
48.94 31
48.95 19
48.96 19
48.97 19
48.98 19
48.99 18
49 13
49.01 15
49.02 18
49.03 11
49.04 0
49.05 0
49.06 0
49.07 0
49.08 0
49.09 0
49.1 0
49.11 0
49.12 3
49.13 8
49.14 13
49.15 18
49.16 25
49.17 28
49.18 36
49.19 40
49.2 19
49.21 19
49.22 19
49.23 19
49.24 15
49.25 16
49.26 17
49.27 17
49.28 0
49.29 0
49.3 0
49.31 0
49.32 0
49.33 0
49.34 0
49.35 0
49.36 0
49.37 0
49.38 5
49.39 12
49.4 17
49.41 23
49.42 28
49.43 34
49.44 40
49.45 19
49.46 19
49.47 19
49.48 19
49.49 18
49.5 18
49.51 18
49.52 14
49.53 9
49.54 1
49.55 0
49.56 0
49.57 0
49.58 0
49.59 0
49.6 6
49.61 10
49.62 15
49.63 21
49.64 26
49.65 29
49.66 36
49.67 19
49.68 18
49.69 18
49.7 19
49.71 10
49.72 14
49.73 6
49.74 6
49.75 0
49.76 0
49.77 0
49.78 0
49.79 0
49.8 0
49.81 1
49.82 8
49.83 15
49.84 22
49.85 27
49.86 34
49.87 38
49.88 21
49.89 19
49.9 19
49.91 20
49.92 17
49.93 19
49.94 16
49.95 17
49.96 10
49.97 0
49.98 0
49.99 0
50 0
50.01 0
50.02 0
50.03 0
50.04 0
50.05 0
50.06 2
50.07 9
50.08 15
50.09 22
50.1 30
50.11 38
50.12 43
50.13 20
50.14 20
50.15 20
50.16 20
50.17 13
50.18 12
50.19 11
50.2 17
50.21 13
50.22 0
50.23 0
50.24 0
50.25 0
50.26 0
50.27 0
50.28 0
50.29 0
50.3 8
50.31 15
50.32 20
50.33 26
50.34 31
50.35 37
50.36 43
50.37 21
50.38 21
50.39 21
50.4 21
50.41 15
50.42 0
50.43 0
50.44 0
50.45 0
50.46 0
50.47 0
50.48 0
50.49 0
50.5 0
50.51 0
50.52 3
50.53 11
50.54 17
50.55 21
50.56 28
50.57 34
50.58 41
50.59 23
50.6 20
50.61 20
50.62 20
50.63 17
50.64 10
50.65 7
50.66 3
50.67 0
50.68 0
50.69 0
50.7 0
50.71 0
50.72 0
50.73 0
50.74 0
50.75 0
50.76 7
50.77 14
50.78 19
50.79 26
50.8 31
50.81 37
50.82 43
50.83 22
50.84 22
50.85 22
50.86 22
50.87 22
50.88 22
50.89 12
50.9 10
50.91 0
50.92 0
50.93 0
50.94 0
50.95 0
50.96 0
50.97 0
50.98 0
50.99 2
51 9
51.01 15
51.02 18
51.03 23
51.04 30
51.05 37
51.06 19
51.07 18
51.08 19
51.09 19
51.1 14
51.11 12
51.12 1
51.13 6
51.14 3
51.15 0
51.16 0
51.17 0
51.18 0
51.19 0
51.2 0
51.21 0
51.22 6
51.23 13
51.24 20
51.25 26
51.26 33
51.27 37
51.28 42
51.29 22
51.3 22
51.31 22
51.32 22
51.33 22
51.34 22
51.35 18
51.36 10
51.37 7
51.38 0
51.39 0
51.4 0
51.41 0
51.42 0
51.43 0
51.44 0
51.45 0
51.46 1
51.47 7
51.48 14
51.49 21
51.5 27
51.51 32
51.52 38
51.53 26
51.54 19
51.55 19
51.56 19
51.57 19
51.58 19
51.59 19
51.6 15
51.61 10
51.62 0
51.63 0
51.64 0
51.65 0
51.66 0
51.67 0
51.68 0
51.69 0
51.7 0
51.71 0
51.72 2
51.73 9
51.74 14
51.75 18
51.76 24
51.77 32
51.78 38
51.79 43
51.8 22
51.81 22
51.82 21
51.83 21
51.84 17
51.85 12
51.86 8
51.87 3
51.88 0
51.89 0
51.9 0
51.91 0
51.92 0
51.93 0
51.94 0
51.95 0
51.96 6
51.97 10
51.98 15
51.99 19
52 26
52.01 32
52.02 38
52.03 31
52.04 20
52.05 20
52.06 20
52.07 20
52.08 9
52.09 10
52.1 8
52.11 7
52.12 0
52.13 0
52.14 0
52.15 0
52.16 0
52.17 0
52.18 0
52.19 0
52.2 7
52.21 10
52.22 17
52.23 20
52.24 25
52.25 31
52.26 38
52.27 31
52.28 20
52.29 20
52.3 21
52.31 20
52.32 18
52.33 17
52.34 15
52.35 5
52.36 0
52.37 0
52.38 0
52.39 0
52.4 0
52.41 0
52.42 0
52.43 0
52.44 0
52.45 1
52.46 7
52.47 12
52.48 20
52.49 26
52.5 31
52.51 38
52.52 38
52.53 20
52.54 20
52.55 20
52.56 20
52.57 16
52.58 10
52.59 9
52.6 3
52.61 0
52.62 0
52.63 0
52.64 0
52.65 0
52.66 0
52.67 0
52.68 8
52.69 14
52.7 20
52.71 23
52.72 30
52.73 35
52.74 26
52.75 18
52.76 18
52.77 18
52.78 18
52.79 15
52.8 7
52.81 5
52.82 0
52.83 0
52.84 0
52.85 0
52.86 0
52.87 0
52.88 0
52.89 0
52.9 5
52.91 14
52.92 20
52.93 26
52.94 30
52.95 35
52.96 41
52.97 20
52.98 20
52.99 20
53 20
53.01 16
53.02 16
53.03 20
53.04 18
53.05 0
53.06 0
53.07 0
53.08 0
53.09 0
53.1 0
53.11 0
53.12 0
53.13 0
53.14 7
53.15 13
53.16 20
53.17 25
53.18 30
53.19 37
53.2 28
53.21 19
53.22 19
53.23 19
53.24 19
53.25 11
53.26 0
53.27 0
53.28 0
53.29 0
53.3 0
53.31 0
53.32 0
53.33 0
53.34 0
53.35 5
53.36 13
53.37 17
53.38 22
53.39 27
53.4 35
53.41 39
53.42 19
53.43 19
53.44 19
53.45 20
53.46 19
53.47 17
53.48 13
53.49 3
53.5 0
53.51 0
53.52 0
53.53 0
53.54 0
53.55 0
53.56 0
53.57 2
53.58 12
53.59 19
53.6 24
53.61 28
53.62 33
53.63 40
53.64 22
53.65 20
53.66 20
53.67 20
53.68 20
53.69 18
53.7 11
53.71 5
53.72 6
53.73 0
53.74 0
53.75 0
53.76 0
53.77 0
53.78 0
53.79 0
53.8 4
53.81 12
53.82 17
53.83 24
53.84 34
53.85 38
53.86 33
53.87 19
53.88 19
53.89 19
53.9 20
53.91 18
53.92 18
53.93 15
53.94 1
53.95 0
53.96 0
53.97 0
53.98 0
53.99 0
54 0
54.01 0
54.02 5
54.03 12
54.04 18
54.05 23
54.06 30
54.07 35
54.08 40
54.09 21
54.1 20
54.11 20
54.12 20
54.13 15
54.14 7
54.15 8
54.16 4
54.17 3
54.18 0
54.19 0
54.2 0
54.21 0
54.22 0
54.23 0
54.24 1
54.25 8
54.26 17
54.27 21
54.28 27
54.29 32
54.3 37
54.31 44
54.32 22
54.33 22
54.34 21
54.35 21
54.36 18
54.37 16
54.38 15
54.39 10
54.4 0
54.41 0
54.42 0
54.43 0
54.44 0
54.45 0
54.46 0
54.47 0
54.48 1
54.49 8
54.5 14
54.51 18
54.52 24
54.53 29
54.54 38
54.55 27
54.56 19
54.57 19
54.58 19
54.59 19
54.6 14
54.61 13
54.62 7
54.63 0
54.64 0
54.65 0
54.66 0
54.67 0
54.68 0
54.69 0
54.7 0
54.71 4
54.72 11
54.73 19
54.74 21
54.75 29
54.76 36
54.77 41
54.78 19
54.79 19
54.8 19
54.81 19
54.82 17
54.83 12
54.84 10
54.85 0
54.86 0
54.87 0
54.88 0
54.89 0
54.9 0
54.91 0
54.92 4
54.93 12
54.94 20
54.95 26
54.96 32
54.97 39
54.98 44
54.99 23
55 23
55.01 23
55.02 24
55.03 22
55.04 16
55.05 7
55.06 11
55.07 2
55.08 0
55.09 0
55.1 0
55.11 0
55.12 0
55.13 0
55.14 3
55.15 13
55.16 19
55.17 24
55.18 30
55.19 36
55.2 41
55.21 20
55.22 21
55.23 20
55.24 21
55.25 17
55.26 7
55.27 6
55.28 0
55.29 0
55.3 0
55.31 0
55.32 0
55.33 0
55.34 0
55.35 0
55.36 7
55.37 15
55.38 22
55.39 24
55.4 30
55.41 34
55.42 39
55.43 20
55.44 20
55.45 20
55.46 20
55.47 19
55.48 17
55.49 15
55.5 15
55.51 0
55.52 0
55.53 0
55.54 0
55.55 0
55.56 0
55.57 0
55.58 0
55.59 1
55.6 10
55.61 18
55.62 26
55.63 31
55.64 34
55.65 34
55.66 18
55.67 18
55.68 19
55.69 18
55.7 19
55.71 18
55.72 18
55.73 11
55.74 1
55.75 0
55.76 0
55.77 0
55.78 0
55.79 0
55.8 0
55.81 0
55.82 0
55.83 0
55.84 0
55.85 8
55.86 17
55.87 22
55.88 28
55.89 37
55.9 44
55.91 21
55.92 20
55.93 20
55.94 20
55.95 17
55.96 7
55.97 3
55.98 0
55.99 0
56 0
56.01 0
56.02 0
56.03 0
56.04 0
56.05 6
56.06 14
56.07 23
56.08 29
56.09 33
56.1 35
56.11 17
56.12 17
56.13 17
56.14 17
56.15 17
56.16 13
56.17 10
56.18 1
56.19 0
56.2 0
56.21 0
56.22 0
56.23 0
56.24 0
56.25 3
56.26 10
56.27 20
56.28 29
56.29 35
56.3 40
56.31 24
56.32 21
56.33 20
56.34 20
56.35 21
56.36 20
56.37 12
56.38 6
56.39 0
56.4 0
56.41 0
56.42 0
56.43 0
56.44 0
56.45 0
56.46 3
56.47 10
56.48 19
56.49 28
56.5 33
56.51 39
56.52 18
56.53 18
56.54 18
56.55 18
56.56 14
56.57 16
56.58 11
56.59 11
56.6 11
56.61 0
56.62 0
56.63 0
56.64 0
56.65 0
56.66 0
56.67 6
56.68 12
56.69 22
56.7 27
56.71 32
56.72 37
56.73 28
56.74 20
56.75 20
56.76 20
56.77 20
56.78 13
56.79 8
56.8 8
56.81 7
56.82 0
56.83 0
56.84 0
56.85 0
56.86 0
56.87 0
56.88 0
56.89 3
56.9 10
56.91 20
56.92 24
56.93 28
56.94 34
56.95 42
56.96 19
56.97 19
56.98 19
56.99 19
57 12
57.01 8
57.02 0
57.03 0
57.04 0
57.05 0
57.06 0
57.07 0
57.08 0
57.09 0
57.1 0
57.11 0
57.12 3
57.13 6
57.14 13
57.15 21
57.16 28
57.17 33
57.18 39
57.19 45
57.2 21
57.21 21
57.22 21
57.23 21
57.24 21
57.25 20
57.26 21
57.27 14
57.28 1
57.29 0
57.3 0
57.31 0
57.32 0
57.33 1
57.34 10
57.35 17
57.36 20
57.37 27
57.38 33
57.39 38
57.4 42
57.41 23
57.42 23
57.43 23
57.44 24
57.45 24
57.46 19
57.47 18
57.48 11
57.49 7
57.5 4
57.51 0
57.52 0
57.53 0
57.54 0
57.55 0
57.56 0
57.57 8
57.58 16
57.59 20
57.6 26
57.61 35
57.62 40
57.63 18
57.64 18
57.65 19
57.66 18
57.67 15
57.68 9
57.69 9
57.7 1
57.71 0
57.72 0
57.73 0
57.74 0
57.75 0
57.76 0
57.77 0
57.78 1
57.79 9
57.8 15
57.81 22
57.82 30
57.83 35
57.84 41
57.85 18
57.86 19
57.87 18
57.88 18
57.89 16
57.9 6
57.91 4
57.92 6
57.93 0
57.94 0
57.95 0
57.96 0
57.97 0
57.98 0
57.99 0
58 2
58.01 13
58.02 20
58.03 28
58.04 34
58.05 38
58.06 29
58.07 19
58.08 19
58.09 19
58.1 19
58.11 15
58.12 12
58.13 11
58.14 3
58.15 0
58.16 0
58.17 0
58.18 0
58.19 0
58.2 0
58.21 0
58.22 1
58.23 13
58.24 17
58.25 24
58.26 32
58.27 39
58.28 30
58.29 19
58.3 19
58.31 19
58.32 19
58.33 19
58.34 19
58.35 18
58.36 8
58.37 0
58.38 0
58.39 0
58.4 0
58.41 0
58.42 0
58.43 0
58.44 0
58.45 3
58.46 12
58.47 17
58.48 24
58.49 31
58.5 38
58.51 28
58.52 19
58.53 19
58.54 9
58.55 13
58.56 11
58.57 6
58.58 9
58.59 4
58.6 0
58.61 0
58.62 0
58.63 0
58.64 0
58.65 0
58.66 0
58.67 0
58.68 0
58.69 0
58.7 0
58.71 0
58.72 0
58.73 1
58.74 4
58.75 10
58.76 8
58.77 3
58.78 5
58.79 11
58.8 0
58.81 0
58.82 2
58.83 4
58.84 0
58.85 4
58.86 2
58.87 0
58.88 2
58.89 0
58.9 0
58.91 0
58.92 0
58.93 0
58.94 0
58.95 0
58.96 0
58.97 0
58.98 0
58.99 0
59 0
59.01 0
59.02 0
59.03 0
59.04 0
59.05 0
59.06 0
59.07 0
59.08 0
59.09 0
59.1 0
59.11 0
59.12 0
59.13 0
59.14 0
59.15 0
59.16 0
59.17 0
59.18 0
59.19 0
59.2 0
59.21 0
59.22 0
59.23 0
59.24 0
59.25 0
59.26 0
59.27 0
59.28 0
59.29 0
59.3 0
59.31 0
59.32 0
59.33 0
59.34 0
59.35 0
59.36 0
59.37 0
59.38 0
59.39 0
59.4 0
59.41 0
59.42 0
59.43 0
59.44 0
59.45 0
59.46 0
59.47 0
59.48 0
59.49 0
59.5 0
59.51 0
59.52 0
59.53 0
59.54 0
59.55 0
59.56 0
59.57 0
59.58 0
59.59 0
59.6 0
59.61 0
59.62 0
59.63 0
59.64 0
59.65 0
59.66 0
59.67 0
59.68 0
59.69 0
59.7 0
59.71 0
59.72 0
59.73 0
59.74 0
59.75 0
59.76 0
59.77 0
59.78 0
59.79 0
59.8 0
59.81 0
59.82 0
59.83 0
59.84 0
59.85 0
59.86 0
59.87 0
59.88 0
59.89 0
59.9 0
59.91 0
59.92 0
59.93 0
59.94 0
59.95 0
59.96 0
59.97 0
59.98 0
59.99 0
60 0
60.01 0
60.02 0
60.03 0
60.04 0
60.05 0
60.06 0
60.07 0
60.08 0
60.09 0
60.1 0
60.11 0
60.12 0
60.13 0
60.14 0
60.15 0
60.16 0
60.17 0
60.18 0
60.19 0
60.2 0
60.21 0
60.22 0
60.23 0
60.24 0
60.25 0
60.26 0
60.27 0
60.28 0
60.29 0
60.3 0
60.31 0
60.32 0
60.33 0
60.34 0
60.35 0
60.36 0
60.37 0
60.38 0
60.39 0
60.4 0
60.41 0
60.42 0
60.43 0
60.44 0
60.45 0
60.46 0
60.47 0
60.48 0
60.49 0
60.5 0
60.51 0
60.52 0
60.53 0
60.54 0
60.55 0
60.56 0
60.57 0
60.58 0
60.59 0
60.6 0
60.61 0
60.62 0
60.63 0
60.64 0
60.65 0
60.66 0
60.67 0
60.68 0
60.69 0
60.7 0
60.71 0
60.72 0
60.73 0
60.74 0
60.75 0
60.76 0
60.77 0
60.78 0
60.79 0
60.8 0
60.81 0
60.82 0
60.83 0
60.84 0
60.85 0
60.86 0
60.87 0
60.88 0
60.89 0
60.9 0
60.91 0
60.92 0
60.93 0
60.94 0
60.95 0
60.96 0
60.97 0
60.98 0
60.99 0
61 0
61.01 0
61.02 0
61.03 0
61.04 0
61.05 0
61.06 0
61.07 0
61.08 0
61.09 0
61.1 0
61.11 0
61.12 0
61.13 0
61.14 0
61.15 0
61.16 0
61.17 0
61.18 0
61.19 0
61.2 0
61.21 0
61.22 0
61.23 0
61.24 0
61.25 0
61.26 0
61.27 0
61.28 0
61.29 0
61.3 0
61.31 0
61.32 0
61.33 0
61.34 0
61.35 0
61.36 0
61.37 0
61.38 0
61.39 0
61.4 0
61.41 0
61.42 0
61.43 0
61.44 0
61.45 0
61.46 0
61.47 0
61.48 0
61.49 0
61.5 0
61.51 0
61.52 0
61.53 0
61.54 0
61.55 0
61.56 0
61.57 0
61.58 0
61.59 0
61.6 0
61.61 0
61.62 0
61.63 0
61.64 0
61.65 0
61.66 0
61.67 0
61.68 0
61.69 0
61.7 0
61.71 0
61.72 0
61.73 0
61.74 0
61.75 0
61.76 0
61.77 0
61.78 0
61.79 0
61.8 0
61.81 0
61.82 0
61.83 0
61.84 0
61.85 0
61.86 0
61.87 0
61.88 0
61.89 0
61.9 0
61.91 0
61.92 0
61.93 0
61.94 0
61.95 0
61.96 0
61.97 0
61.98 0
61.99 0
62 0
62.01 0
62.02 0
62.03 0
62.04 0
62.05 0
62.06 0
62.07 0
62.08 0
62.09 0
62.1 0
62.11 0
62.12 0
62.13 0
62.14 0
62.15 0
62.16 0
62.17 0
62.18 0
62.19 0
62.2 0
62.21 0
62.22 0
62.23 0
62.24 0
62.25 0
62.26 0
62.27 0
62.28 0
62.29 0
62.3 0
62.31 0
62.32 0
62.33 0
62.34 0
62.35 0
62.36 0
62.37 0
62.38 0
62.39 0
62.4 0
62.41 0
62.42 0
62.43 0
62.44 0
62.45 0
62.46 0
62.47 0
62.48 0
62.49 0
62.5 0
62.51 0
62.52 0
62.53 0
62.54 0
62.55 0
62.56 0
62.57 0
62.58 0
62.59 0
62.6 0
62.61 0
62.62 0
62.63 0
62.64 0
62.65 0
62.66 0
62.67 0
62.68 0
62.69 0
62.7 0
62.71 0
62.72 0
62.73 0
62.74 0
62.75 0
62.76 0
62.77 0
62.78 0
62.79 0
62.8 0
62.81 0
62.82 0
62.83 0
62.84 0
62.85 0
62.86 0
62.87 0
62.88 0
62.89 0
62.9 0
62.91 0
62.92 0
62.93 0
62.94 0
62.95 0
62.96 0
62.97 0
62.98 0
62.99 0
