0 0
0.01 0
0.02 0
0.03 0
0.04 0
0.05 0
0.06 0
0.07 0
0.08 0
0.09 0
0.1 0
0.11 0
0.12 0
0.13 0
0.14 0
0.15 0
0.16 0
0.17 0
0.18 0
0.19 0
0.2 0
0.21 92
0.22 30
0.23 20
0.24 20
0.25 20
0.26 3
0.27 0
0.28 0
0.29 0
0.3 0
0.31 0
0.32 0
0.33 0
0.34 0
0.35 0
0.36 0
0.37 0
0.38 0
0.39 0
0.4 0
0.41 0
0.42 0
0.43 4
0.44 7
0.45 11
0.46 14
0.47 17
0.48 19
0.49 23
0.5 26
0.51 28
0.52 31
0.53 35
0.54 20
0.55 20
0.56 20
0.57 20
0.58 20
0.59 8
0.6 0
0.61 0
0.62 0
0.63 0
0.64 0
0.65 0
0.66 0
0.67 0
0.68 0
0.69 0
0.7 0
0.71 0
0.72 0
0.73 0
0.74 0
0.75 0
0.76 2
0.77 4
0.78 8
0.79 13
0.8 15
0.81 18
0.82 21
0.83 24
0.84 28
0.85 30
0.86 32
0.87 30
0.88 20
0.89 20
0.9 20
0.91 20
0.92 9
0.93 0
0.94 0
0.95 0
0.96 0
0.97 0
0.98 0
0.99 0
1 0
1.01 0
1.02 0
1.03 0
1.04 0
1.05 1
1.06 5
1.07 8
1.08 11
1.09 15
1.1 17
1.11 20
1.12 23
1.13 28
1.14 30
1.15 33
1.16 25
1.17 20
1.18 20
1.19 20
1.2 18
1.21 12
1.22 0
1.23 0
1.24 0
1.25 0
1.26 0
1.27 0
1.28 0
1.29 0
1.3 0
1.31 0
1.32 0
1.33 0
1.34 0
1.35 0
1.36 0
1.37 0
1.38 0
1.39 2
1.4 3
1.41 6
1.42 11
1.43 12
1.44 16
1.45 19
1.46 23
1.47 25
1.48 28
1.49 31
1.5 35
1.51 20
1.52 20
1.53 20
1.54 20
1.55 18
1.56 18
1.57 1
1.58 0
1.59 0
1.6 0
1.61 0
1.62 0
1.63 0
1.64 0
1.65 0
1.66 0
1.67 0
1.68 0
1.69 0
1.7 0
1.71 0
1.72 0
1.73 0
1.74 2
1.75 4
1.76 9
1.77 12
1.78 16
1.79 19
1.8 21
1.81 24
1.82 26
1.83 30
1.84 33
1.85 19
1.86 19
1.87 19
1.88 19
1.89 12
1.9 11
1.91 9
1.92 0
1.93 0
1.94 0
1.95 0
1.96 0
1.97 0
1.98 0
1.99 0
2 0
2.01 0
2.02 0
2.03 0
2.04 0
2.05 0
2.06 3
2.07 7
2.08 10
2.09 12
2.1 16
2.11 18
2.12 21
2.13 24
2.14 28
2.15 30
2.16 32
2.17 34
2.18 20
2.19 20
2.2 20
2.21 20
2.22 14
2.23 12
2.24 4
2.25 0
2.26 0
2.27 0
2.28 0
2.29 0
2.3 0
2.31 0
2.32 0
2.33 0
2.34 0
2.35 0
2.36 0
2.37 0
2.38 0
2.39 0
2.4 0
2.41 4
2.42 7
2.43 8
2.44 13
2.45 15
2.46 18
2.47 20
2.48 23
2.49 24
2.5 27
2.51 29
2.52 32
2.53 23
2.54 20
2.55 20
2.56 20
2.57 16
2.58 17
2.59 4
2.6 0
2.61 0
2.62 0
2.63 0
2.64 0
2.65 0
2.66 0
2.67 0
2.68 0
2.69 0
2.7 0
2.71 0
2.72 0
2.73 0
2.74 0
2.75 1
2.76 4
2.77 7
2.78 9
2.79 13
2.8 16
2.81 18
2.82 20
2.83 23
2.84 26
2.85 29
2.86 31
2.87 34
2.88 20
2.89 20
2.9 20
2.91 20
2.92 14
2.93 12
2.94 10
2.95 0
2.96 0
2.97 0
2.98 0
2.99 0
3 0
3.01 0
3.02 0
3.03 0
3.04 0
3.05 0
3.06 0
3.07 0
3.08 0
3.09 0
3.1 2
3.11 5
3.12 8
3.13 12
3.14 16
3.15 18
3.16 21
3.17 24
3.18 27
3.19 29
3.2 32
3.21 33
3.22 20
3.23 20
3.24 20
3.25 20
3.26 15
3.27 16
3.28 5
3.29 0
3.3 0
3.31 0
3.32 0
3.33 0
3.34 0
3.35 0
3.36 0
3.37 0
3.38 0
3.39 0
3.4 0
3.41 0
3.42 0
3.43 1
3.44 4
3.45 6
3.46 9
3.47 12
3.48 13
3.49 18
3.5 21
3.51 24
3.52 26
3.53 29
3.54 31
3.55 30
3.56 20
3.57 20
3.58 20
3.59 20
3.6 7
3.61 0
3.62 0
3.63 0
3.64 0
3.65 0
3.66 0
3.67 0
3.68 0
3.69 0
3.7 0
3.71 0
3.72 0
3.73 0
3.74 0
3.75 0
3.76 4
3.77 7
3.78 11
3.79 14
3.8 16
3.81 20
3.82 22
3.83 26
3.84 27
3.85 31
3.86 33
3.87 22
3.88 20
3.89 20
3.9 21
3.91 20
3.92 7
3.93 1
3.94 0
3.95 0
3.96 0
3.97 0
3.98 0
3.99 0
4 0
4.01 0
4.02 0
4.03 0
4.04 0
4.05 0
4.06 0
4.07 0
4.08 0
4.09 0
4.1 0
4.11 4
4.12 7
4.13 8
4.14 15
4.15 18
4.16 19
4.17 22
4.18 27
4.19 28
4.2 29
4.21 32
4.22 32
4.23 21
4.24 21
4.25 21
4.26 22
4.27 16
4.28 0
4.29 0
4.3 0
4.31 0
4.32 0
4.33 0
4.34 0
4.35 0
4.36 0
4.37 0
4.38 0
4.39 0
4.4 0
4.41 0
4.42 0
4.43 2
4.44 4
4.45 8
4.46 11
4.47 14
4.48 17
4.49 20
4.5 24
4.51 25
4.52 29
4.53 32
4.54 35
4.55 20
4.56 21
4.57 20
4.58 20
4.59 9
4.6 6
4.61 1
4.62 0
4.63 0
4.64 0
4.65 0
4.66 0
4.67 0
4.68 0
4.69 0
4.7 0
4.71 0
4.72 0
4.73 0
4.74 0
4.75 0
4.76 3
4.77 6
4.78 9
4.79 13
4.8 15
4.81 18
4.82 21
4.83 26
4.84 28
4.85 31
4.86 33
4.87 20
4.88 20
4.89 20
4.9 20
4.91 12
4.92 11
4.93 6
4.94 1
4.95 0
4.96 0
4.97 0
4.98 0
4.99 0
5 0
5.01 0
5.02 0
5.03 0
5.04 0
5.05 0
5.06 0
5.07 0
5.08 0
5.09 0
5.1 0
5.11 3
5.12 6
5.13 9
5.14 13
5.15 16
5.16 19
5.17 22
5.18 27
5.19 29
5.2 32
5.21 34
5.22 20
5.23 20
5.24 20
5.25 20
5.26 19
5.27 10
5.28 11
5.29 10
5.3 7
5.31 0
5.32 0
5.33 0
5.34 0
5.35 0
5.36 0
5.37 0
5.38 0
5.39 0
5.4 0
5.41 0
5.42 0
5.43 0
5.44 0
5.45 0
5.46 2
5.47 7
5.48 10
5.49 13
5.5 18
5.51 21
5.52 24
5.53 26
5.54 29
5.55 32
5.56 35
5.57 20
5.58 20
5.59 20
5.6 20
5.61 12
5.62 0
5.63 0
5.64 0
5.65 0
5.66 0
5.67 0
5.68 0
5.69 0
5.7 0
5.71 0
5.72 0
5.73 0
5.74 0
5.75 0
5.76 0
5.77 0
5.78 0
5.79 0
5.8 0
5.81 2
5.82 6
5.83 9
5.84 13
5.85 16
5.86 19
5.87 21
5.88 23
5.89 28
5.9 31
5.91 33
5.92 36
5.93 21
5.94 21
5.95 21
5.96 21
5.97 18
5.98 17
5.99 11
6 9
6.01 0
6.02 0
6.03 0
6.04 0
6.05 0
6.06 0
6.07 0
6.08 0
6.09 0
6.1 0
6.11 0
6.12 0
6.13 0
6.14 0
6.15 0
6.16 3
6.17 6
6.18 9
6.19 12
6.2 15
6.21 18
6.22 21
6.23 25
6.24 27
6.25 29
6.26 31
6.27 35
6.28 20
6.29 21
6.3 20
6.31 20
6.32 9
6.33 7
6.34 0
6.35 0
6.36 0
6.37 0
6.38 0
6.39 0
6.4 0
6.41 0
6.42 0
6.43 0
6.44 0
6.45 0
6.46 0
6.47 0
6.48 0
6.49 2
6.5 4
6.51 7
6.52 11
6.53 15
6.54 17
6.55 20
6.56 23
6.57 25
6.58 28
6.59 30
6.6 32
6.61 20
6.62 20
6.63 20
6.64 20
6.65 20
6.66 16
6.67 9
6.68 2
6.69 0
6.7 0
6.71 0
6.72 0
6.73 0
6.74 0
6.75 0
6.76 0
6.77 0
6.78 0
6.79 0
6.8 0
6.81 0
6.82 0
6.83 0
6.84 0
6.85 0
6.86 3
6.87 7
6.88 9
6.89 12
6.9 13
6.91 15
6.92 17
6.93 20
6.94 24
6.95 27
6.96 29
6.97 32
6.98 30
6.99 20
7 20
7.01 20
7.02 20
7.03 19
7.04 9
7.05 0
7.06 0
7.07 0
7.08 0
7.09 0
7.1 0
7.11 0
7.12 0
7.13 0
7.14 0
7.15 0
7.16 0
7.17 0
7.18 0
7.19 0
7.2 0
7.21 0
7.22 0
7.23 0
7.24 3
7.25 5
7.26 9
7.27 12
7.28 15
7.29 17
7.3 20
7.31 24
7.32 27
7.33 29
7.34 32
7.35 37
7.36 20
7.37 20
7.38 20
7.39 21
7.4 20
7.41 20
7.42 12
7.43 11
7.44 0
7.45 0
7.46 0
7.47 0
7.48 0
7.49 0
7.5 0
7.51 0
7.52 0
7.53 0
7.54 0
7.55 0
7.56 0
7.57 0
7.58 1
7.59 4
7.6 6
7.61 8
7.62 11
7.63 14
7.64 16
7.65 18
7.66 21
7.67 24
7.68 25
7.69 29
7.7 31
7.71 33
7.72 20
7.73 20
7.74 20
7.75 20
7.76 19
7.77 19
7.78 15
7.79 3
7.8 0
7.81 0
7.82 0
7.83 0
7.84 0
7.85 0
7.86 0
7.87 0
7.88 0
7.89 0
7.9 0
7.91 0
7.92 0
7.93 0
7.94 0
7.95 0
7.96 0
7.97 0
7.98 0
7.99 4
8 6
8.01 9
8.02 13
8.03 16
8.04 19
8.05 20
8.06 22
8.07 25
8.08 27
8.09 31
8.1 33
8.11 20
8.12 20
8.13 20
8.14 20
8.15 15
8.16 14
8.17 6
8.18 0
8.19 0
8.2 0
8.21 0
8.22 0
8.23 0
8.24 0
8.25 0
8.26 0
8.27 0
8.28 0
8.29 0
8.3 0
8.31 0
8.32 0
8.33 0
8.34 2
8.35 4
8.36 9
8.37 11
8.38 14
8.39 17
8.4 20
8.41 23
8.42 25
8.43 28
8.44 29
8.45 32
8.46 32
8.47 21
8.48 21
8.49 21
8.5 21
8.51 18
8.52 10
8.53 7
8.54 0
8.55 0
8.56 0
8.57 0
8.58 0
8.59 0
8.6 0
8.61 0
8.62 0
8.63 0
8.64 0
8.65 0
8.66 0
8.67 0
8.68 4
8.69 7
8.7 9
8.71 14
8.72 19
8.73 21
8.74 22
8.75 26
8.76 29
8.77 31
8.78 25
8.79 19
8.8 19
8.81 19
8.82 19
8.83 10
8.84 7
8.85 4
8.86 0
8.87 0
8.88 0
8.89 0
8.9 0
8.91 0
8.92 0
8.93 0
8.94 0
8.95 0
8.96 0
8.97 0
8.98 0
8.99 0
9 0
9.01 1
9.02 4
9.03 9
9.04 11
9.05 15
9.06 17
9.07 20
9.08 22
9.09 26
9.1 30
9.11 32
9.12 34
9.13 20
9.14 20
9.15 20
9.16 20
9.17 19
9.18 11
9.19 9
9.2 6
9.21 0
9.22 0
9.23 0
9.24 0
9.25 0
9.26 0
9.27 0
9.28 0
9.29 0
9.3 0
9.31 0
9.32 0
9.33 0
9.34 0
9.35 0
9.36 0
9.37 2
9.38 6
9.39 8
9.4 12
9.41 15
9.42 17
9.43 21
9.44 24
9.45 26
9.46 28
9.47 32
9.48 35
9.49 20
9.5 20
9.51 20
9.52 20
9.53 7
9.54 3
9.55 2
9.56 0
9.57 0
9.58 0
9.59 0
9.6 0
9.61 0
9.62 0
9.63 0
9.64 0
9.65 0
9.66 0
9.67 0
9.68 0
9.69 0
9.7 0
9.71 0
9.72 1
9.73 4
9.74 6
9.75 9
9.76 13
9.77 15
9.78 18
9.79 20
9.8 24
9.81 26
9.82 28
9.83 31
9.84 34
9.85 20
9.86 20
9.87 20
9.88 21
9.89 15
9.9 12
9.91 12
9.92 6
9.93 0
9.94 0
9.95 0
9.96 0
9.97 0
9.98 0
9.99 0
10 0
10.01 0
10.02 0
10.03 0
10.04 0
10.05 0
10.06 0
10.07 0
10.08 0
10.09 4
10.1 8
10.11 10
10.12 13
10.13 17
10.14 20
10.15 23
10.16 26
10.17 29
10.18 31
10.19 34
10.2 20
10.21 20
10.22 20
10.23 20
10.24 18
10.25 3
10.26 0
10.27 0
10.28 0
10.29 0
10.3 0
10.31 0
10.32 0
10.33 0
10.34 0
10.35 0
10.36 0
10.37 0
10.38 0
10.39 0
10.4 0
10.41 0
10.42 0
10.43 1
10.44 5
10.45 8
10.46 10
10.47 13
10.48 14
10.49 17
10.5 20
10.51 23
10.52 25
10.53 28
10.54 30
10.55 32
10.56 20
10.57 20
10.58 20
10.59 20
10.6 14
10.61 12
10.62 2
10.63 0
10.64 0
10.65 0
10.66 0
10.67 0
10.68 0
10.69 0
10.7 0
10.71 0
10.72 0
10.73 0
10.74 0
10.75 0
10.76 0
10.77 0
10.78 0
10.79 0
10.8 0
10.81 0
10.82 2
10.83 5
10.84 9
10.85 12
10.86 15
10.87 18
10.88 19
10.89 22
10.9 25
10.91 29
10.92 31
10.93 34
10.94 20
10.95 20
10.96 20
10.97 20
10.98 9
10.99 7
11 5
11.01 1
11.02 0
11.03 0
11.04 0
11.05 0
11.06 0
11.07 0
11.08 0
11.09 0
11.1 0
11.11 0
11.12 0
11.13 0
11.14 0
11.15 0
11.16 0
11.17 0
11.18 0
11.19 1
11.2 6
11.21 9
11.22 12
11.23 14
11.24 17
11.25 21
11.26 24
11.27 26
11.28 28
11.29 31
11.3 34
11.31 20
11.32 20
11.33 20
11.34 20
11.35 17
11.36 16
11.37 14
11.38 2
11.39 0
11.4 0
11.41 0
11.42 0
11.43 0
11.44 0
11.45 0
11.46 0
11.47 0
11.48 0
11.49 0
11.5 0
11.51 0
11.52 0
11.53 0
11.54 0
11.55 0
11.56 0
11.57 4
11.58 6
11.59 11
11.6 14
11.61 17
11.62 20
11.63 23
11.64 24
11.65 26
11.66 31
11.67 33
11.68 20
11.69 20
11.7 21
11.71 20
11.72 15
11.73 8
11.74 4
11.75 0
11.76 0
11.77 0
11.78 0
11.79 0
11.8 0
11.81 0
11.82 0
11.83 0
11.84 0
11.85 0
11.86 0
11.87 0
11.88 0
11.89 0
11.9 3
11.91 7
11.92 12
11.93 15
11.94 18
11.95 21
11.96 24
11.97 26
11.98 29
11.99 31
12 34
12.01 20
12.02 21
12.03 20
12.04 20
12.05 12
12.06 8
12.07 0
12.08 0
12.09 0
12.1 0
12.11 0
12.12 0
12.13 0
12.14 0
12.15 0
12.16 0
12.17 0
12.18 0
12.19 0
12.2 0
12.21 0
12.22 1
12.23 5
12.24 7
12.25 9
12.26 13
12.27 16
12.28 20
12.29 23
12.3 26
12.31 29
12.32 32
12.33 35
12.34 20
12.35 20
12.36 20
12.37 20
12.38 12
12.39 6
12.4 6
12.41 6
12.42 0
12.43 0
12.44 0
12.45 0
12.46 0
12.47 0
12.48 0
12.49 0
12.5 0
12.51 0
12.52 0
12.53 0
12.54 0
12.55 0
12.56 2
12.57 6
12.58 8
12.59 11
12.6 15
12.61 17
12.62 20
12.63 21
12.64 24
12.65 27
12.66 30
12.67 33
12.68 19
12.69 19
12.7 19
12.71 19
12.72 9
12.73 0
12.74 0
12.75 0
12.76 0
12.77 0
12.78 0
12.79 0
12.8 0
12.81 0
12.82 0
12.83 0
12.84 0
12.85 0
12.86 0
12.87 0
12.88 0
12.89 0
12.9 0
12.91 0
12.92 2
12.93 5
12.94 8
12.95 9
12.96 11
12.97 15
12.98 17
12.99 19
13 22
13.01 25
13.02 27
13.03 29
13.04 30
13.05 33
13.06 20
13.07 20
13.08 20
13.09 20
13.1 8
13.11 0
13.12 0
13.13 0
13.14 0
13.15 0
13.16 0
13.17 0
13.18 0
13.19 0
13.2 0
13.21 0
13.22 0
13.23 0
13.24 0
13.25 0
13.26 0
13.27 0
13.28 0
13.29 0
13.3 0
13.31 1
13.32 3
13.33 5
13.34 10
13.35 13
13.36 16
13.37 18
13.38 22
13.39 25
13.4 27
13.41 31
13.42 34
13.43 22
13.44 20
13.45 20
13.46 20
13.47 15
13.48 7
13.49 1
13.5 0
13.51 0
13.52 0
13.53 0
13.54 0
13.55 0
13.56 0
13.57 0
13.58 0
13.59 0
13.6 0
13.61 0
13.62 0
13.63 0
13.64 0
13.65 0
13.66 0
13.67 0
13.68 2
13.69 5
13.7 8
13.71 12
13.72 15
13.73 17
13.74 19
13.75 24
13.76 27
13.77 29
13.78 31
13.79 35
13.8 20
13.81 20
13.82 20
13.83 20
13.84 12
13.85 4
13.86 0
13.87 0
13.88 0
13.89 0
13.9 0
13.91 0
13.92 0
13.93 0
13.94 0
13.95 0
13.96 0
13.97 0
13.98 0
13.99 0
14 0
14.01 0
14.02 0
14.03 1
14.04 6
14.05 7
14.06 10
14.07 13
14.08 16
14.09 19
14.1 22
14.11 25
14.12 26
14.13 29
14.14 34
14.15 20
14.16 20
14.17 20
14.18 20
14.19 20
14.2 16
14.21 13
14.22 5
14.23 0
14.24 0
14.25 0
14.26 0
14.27 0
14.28 0
14.29 0
14.3 0
14.31 0
14.32 0
14.33 0
14.34 0
14.35 0
14.36 0
14.37 0
14.38 0
14.39 0
14.4 0
14.41 3
14.42 6
14.43 8
14.44 11
14.45 13
14.46 15
14.47 17
14.48 21
14.49 26
14.5 27
14.51 29
14.52 29
14.53 26
14.54 20
14.55 20
14.56 20
14.57 20
14.58 15
14.59 9
14.6 10
14.61 2
14.62 0
14.63 0
14.64 0
14.65 0
14.66 0
14.67 0
14.68 0
14.69 0
14.7 0
14.71 0
14.72 0
14.73 0
14.74 0
14.75 0
14.76 0
14.77 0
14.78 4
14.79 6
14.8 9
14.81 12
14.82 16
14.83 18
14.84 22
14.85 24
14.86 25
14.87 28
14.88 32
14.89 35
14.9 20
14.91 20
14.92 20
14.93 21
14.94 11
14.95 12
14.96 7
14.97 0
14.98 0
14.99 0
15 0
15.01 0
15.02 0
15.03 0
15.04 0
15.05 0
15.06 0
15.07 0
15.08 0
15.09 0
15.1 0
15.11 0
15.12 0
15.13 4
15.14 8
15.15 11
15.16 14
15.17 19
15.18 21
15.19 24
15.2 26
15.21 29
15.22 31
15.23 34
15.24 20
15.25 20
15.26 20
15.27 20
15.28 15
15.29 8
15.3 0
15.31 0
15.32 0
15.33 0
15.34 0
15.35 0
15.36 0
15.37 0
15.38 0
15.39 0
15.4 0
15.41 0
15.42 0
15.43 4
15.44 5
15.45 9
15.46 12
15.47 16
15.48 18
15.49 21
15.5 25
15.51 27
15.52 30
15.53 32
15.54 30
15.55 20
15.56 20
15.57 20
15.58 20
15.59 12
15.6 13
15.61 1
15.62 0
15.63 0
15.64 0
15.65 0
15.66 0
15.67 0
15.68 0
15.69 0
15.7 0
15.71 0
15.72 0
15.73 2
15.74 6
15.75 8
15.76 11
15.77 15
15.78 18
15.79 21
15.8 24
15.81 27
15.82 30
15.83 32
15.84 35
15.85 20
15.86 20
15.87 20
15.88 20
15.89 14
15.9 9
15.91 6
15.92 1
15.93 0
15.94 0
15.95 0
15.96 0
15.97 0
15.98 0
15.99 0
16 0
16.01 0
16.02 0
16.03 0
16.04 0
16.05 0
16.06 0
16.07 0
16.08 0
16.09 0
16.1 0
16.11 2
16.12 6
16.13 10
16.14 12
16.15 15
16.16 19
16.17 22
16.18 23
16.19 26
16.2 28
16.21 31
16.22 33
16.23 21
16.24 20
16.25 20
16.26 20
16.27 14
16.28 6
16.29 0
16.3 0
16.31 0
16.32 0
16.33 0
16.34 0
16.35 0
16.36 0
16.37 0
16.38 0
16.39 0
16.4 0
16.41 0
16.42 0
16.43 0
16.44 3
16.45 6
16.46 10
16.47 12
16.48 15
16.49 16
16.5 20
16.51 22
16.52 25
16.53 28
16.54 30
16.55 32
16.56 20
16.57 21
16.58 20
16.59 20
16.6 20
16.61 13
16.62 9
16.63 3
16.64 0
16.65 0
16.66 0
16.67 0
16.68 0
16.69 0
16.7 0
16.71 0
16.72 0
16.73 0
16.74 0
16.75 0
16.76 0
16.77 0
16.78 0
16.79 0
16.8 0
16.81 0
16.82 5
16.83 7
16.84 10
16.85 14
16.86 18
16.87 20
16.88 24
16.89 28
16.9 30
16.91 32
16.92 36
16.93 20
16.94 20
16.95 20
16.96 20
16.97 16
16.98 7
16.99 0
17 0
17.01 0
17.02 0
17.03 0
17.04 0
17.05 0
17.06 0
17.07 0
17.08 0
17.09 0
17.1 0
17.11 0
17.12 0
17.13 0
17.14 0
17.15 0
17.16 0
17.17 0
17.18 1
17.19 6
17.2 8
17.21 11
17.22 13
17.23 15
17.24 17
17.25 20
17.26 24
17.27 26
17.28 28
17.29 31
17.3 34
17.31 20
17.32 20
17.33 20
17.34 20
17.35 11
17.36 10
17.37 0
17.38 0
17.39 0
17.4 0
17.41 0
17.42 0
17.43 0
17.44 0
17.45 0
17.46 0
17.47 0
17.48 0
17.49 0
17.5 0
17.51 0
17.52 0
17.53 0
17.54 0
17.55 1
17.56 5
17.57 8
17.58 11
17.59 14
17.6 17
17.61 19
17.62 21
17.63 24
17.64 25
17.65 27
17.66 29
17.67 32
17.68 19
17.69 19
17.7 19
17.71 19
17.72 7
17.73 5
17.74 0
17.75 0
17.76 0
17.77 0
17.78 0
17.79 0
17.8 0
17.81 0
17.82 0
17.83 0
17.84 0
17.85 0
17.86 0
17.87 0
17.88 0
17.89 0
17.9 0
17.91 0
17.92 0
17.93 2
17.94 5
17.95 9
17.96 11
17.97 13
17.98 16
17.99 18
18 23
18.01 26
18.02 29
18.03 29
18.04 31
18.05 22
18.06 20
18.07 20
18.08 21
18.09 18
18.1 11
18.11 4
18.12 0
18.13 0
18.14 0
18.15 0
18.16 0
18.17 0
18.18 0
18.19 0
18.2 0
18.21 0
18.22 0
18.23 0
18.24 0
18.25 0
18.26 0
18.27 0
18.28 4
18.29 8
18.3 10
18.31 14
18.32 17
18.33 18
18.34 20
18.35 24
18.36 28
18.37 30
18.38 33
18.39 21
18.4 20
18.41 20
18.42 20
18.43 20
18.44 15
18.45 4
18.46 0
18.47 0
18.48 0
18.49 0
18.5 0
18.51 0
18.52 0
18.53 0
18.54 0
18.55 0
18.56 0
18.57 0
18.58 0
18.59 0
18.6 0
18.61 0
18.62 1
18.63 5
18.64 7
18.65 10
18.66 13
18.67 15
18.68 16
18.69 20
18.7 24
18.71 25
18.72 28
18.73 30
18.74 34
18.75 20
18.76 20
18.77 20
18.78 21
18.79 10
18.8 4
18.81 0
18.82 0
18.83 0
18.84 0
18.85 0
18.86 0
18.87 0
18.88 0
18.89 0
18.9 0
18.91 0
18.92 0
18.93 0
18.94 0
18.95 0
18.96 1
18.97 5
18.98 8
18.99 12
19 14
19.01 17
19.02 20
19.03 23
19.04 25
19.05 29
19.06 31
19.07 35
19.08 21
19.09 20
19.1 21
19.11 20
19.12 11
19.13 10
19.14 4
19.15 0
19.16 0
19.17 0
19.18 0
19.19 0
19.2 0
19.21 0
19.22 0
19.23 0
19.24 0
19.25 0
19.26 0
19.27 0
19.28 0
19.29 1
19.3 4
19.31 7
19.32 10
19.33 14
19.34 17
19.35 21
19.36 23
19.37 27
19.38 28
19.39 32
19.4 34
19.41 20
19.42 20
19.43 20
19.44 20
19.45 11
19.46 7
19.47 9
19.48 5
19.49 0
19.5 0
19.51 0
19.52 0
19.53 0
19.54 0
19.55 0
19.56 0
19.57 0
19.58 0
19.59 0
19.6 0
19.61 0
19.62 0
19.63 0
19.64 0
19.65 0
19.66 0
19.67 3
19.68 5
19.69 8
19.7 11
19.71 13
19.72 17
19.73 20
19.74 24
19.75 26
19.76 30
19.77 31
19.78 35
19.79 20
19.8 20
19.81 20
19.82 21
19.83 16
19.84 10
19.85 8
19.86 1
19.87 0
19.88 0
19.89 0
19.9 0
19.91 0
19.92 0
19.93 0
19.94 0
19.95 0
19.96 0
19.97 0
19.98 0
19.99 0
20 0
20.01 0
20.02 0
20.03 0
20.04 2
20.05 6
20.06 10
20.07 12
20.08 14
20.09 17
20.1 19
20.11 23
20.12 25
20.13 27
20.14 30
20.15 31
20.16 22
20.17 21
20.18 21
20.19 20
20.2 16
20.21 10
20.22 0
20.23 0
20.24 0
20.25 0
20.26 0
20.27 0
20.28 0
20.29 0
20.3 0
20.31 0
20.32 0
20.33 0
20.34 0
20.35 0
20.36 0
20.37 0
20.38 0
20.39 0
20.4 3
20.41 6
20.42 9
20.43 13
20.44 16
20.45 19
20.46 22
20.47 25
20.48 30
20.49 31
20.5 35
20.51 20
20.52 20
20.53 20
20.54 20
20.55 15
20.56 15
20.57 12
20.58 1
20.59 0
20.6 0
20.61 0
20.62 0
20.63 0
20.64 0
20.65 0
20.66 0
20.67 0
20.68 0
20.69 0
20.7 0
20.71 0
20.72 0
20.73 0
20.74 0
20.75 0
20.76 0
20.77 0
20.78 3
20.79 5
20.8 7
20.81 10
20.82 14
20.83 15
20.84 18
20.85 21
20.86 23
20.87 24
20.88 27
20.89 30
20.9 32
20.91 20
20.92 20
20.93 20
20.94 20
20.95 16
20.96 7
20.97 0
20.98 0
20.99 0
21 0
21.01 0
21.02 0
21.03 0
21.04 0
21.05 0
21.06 0
21.07 0
21.08 0
21.09 0
21.1 0
21.11 0
21.12 0
21.13 0
21.14 0
21.15 2
21.16 5
21.17 7
21.18 9
21.19 11
21.2 13
21.21 16
21.22 18
21.23 21
21.24 24
21.25 26
21.26 28
21.27 31
21.28 30
21.29 20
21.3 20
21.31 20
21.32 20
21.33 6
21.34 2
21.35 0
21.36 0
21.37 0
21.38 0
21.39 0
21.4 0
21.41 0
21.42 0
21.43 0
21.44 0
21.45 0
21.46 0
21.47 0
21.48 0
21.49 0
21.5 0
21.51 0
21.52 0
21.53 0
21.54 1
21.55 3
21.56 7
21.57 9
21.58 12
21.59 14
21.6 18
21.61 24
21.62 25
21.63 29
21.64 31
21.65 33
21.66 24
21.67 20
21.68 20
21.69 20
21.7 18
21.71 13
21.72 5
21.73 0
21.74 0
21.75 0
21.76 0
21.77 0
21.78 0
21.79 0
21.8 0
21.81 0
21.82 0
21.83 0
21.84 0
21.85 0
21.86 0
21.87 0
21.88 0
21.89 4
21.9 8
21.91 12
21.92 15
21.93 17
21.94 20
21.95 21
21.96 25
21.97 29
21.98 32
21.99 34
22 20
22.01 20
22.02 20
22.03 20
22.04 15
22.05 10
22.06 1
22.07 0
22.08 0
22.09 0
22.1 0
22.11 0
22.12 0
22.13 0
22.14 0
22.15 0
22.16 0
22.17 0
22.18 0
22.19 0
22.2 0
22.21 0
22.22 0
22.23 0
22.24 0
22.25 2
22.26 6
22.27 9
22.28 11
22.29 14
22.3 17
22.31 19
22.32 21
22.33 25
22.34 28
22.35 30
22.36 33
22.37 22
22.38 20
22.39 20
22.4 20
22.41 21
22.42 13
22.43 3
22.44 0
22.45 0
22.46 0
22.47 0
22.48 0
22.49 0
22.5 0
22.51 0
22.52 0
22.53 0
22.54 0
22.55 0
22.56 0
22.57 0
22.58 0
22.59 0
22.6 0
22.61 0
22.62 3
22.63 6
22.64 10
22.65 12
22.66 16
22.67 19
22.68 21
22.69 24
22.7 27
22.71 29
22.72 31
22.73 34
22.74 20
22.75 20
22.76 20
22.77 20
22.78 10
22.79 4
22.8 0
22.81 0
22.82 0
22.83 0
22.84 0
22.85 0
22.86 0
22.87 0
22.88 0
22.89 0
22.9 0
22.91 0
22.92 0
22.93 0
22.94 0
22.95 0
22.96 0
22.97 0
22.98 0
22.99 4
23 7
23.01 10
23.02 11
23.03 15
23.04 18
23.05 20
23.06 23
23.07 26
23.08 29
23.09 31
23.1 33
23.11 21
23.12 21
23.13 21
23.14 21
23.15 16
23.16 4
23.17 0
23.18 0
23.19 0
23.2 0
23.21 0
23.22 0
23.23 0
23.24 0
23.25 0
23.26 0
23.27 0
23.28 0
23.29 0
23.3 0
23.31 0
23.32 0
23.33 0
23.34 0
23.35 0
23.36 2
23.37 5
23.38 9
23.39 10
23.4 15
23.41 18
23.42 20
23.43 23
23.44 25
23.45 29
23.46 31
23.47 33
23.48 21
23.49 20
23.5 20
23.51 20
23.52 12
23.53 0
23.54 0
23.55 0
23.56 0
23.57 0
23.58 0
23.59 0
23.6 0
23.61 0
23.62 0
23.63 0
23.64 0
23.65 0
23.66 0
23.67 0
23.68 0
23.69 0
23.7 2
23.71 6
23.72 9
23.73 12
23.74 14
23.75 18
23.76 18
23.77 20
23.78 23
23.79 26
23.8 28
23.81 29
23.82 32
23.83 20
23.84 20
23.85 20
23.86 20
23.87 8
23.88 4
23.89 0
23.9 0
23.91 0
23.92 0
23.93 0
23.94 0
23.95 0
23.96 0
23.97 0
23.98 0
23.99 0
24 0
24.01 0
24.02 0
24.03 0
24.04 1
24.05 4
24.06 8
24.07 12
24.08 15
24.09 17
24.1 19
24.11 22
24.12 24
24.13 25
24.14 29
24.15 32
24.16 22
24.17 20
24.18 20
24.19 20
24.2 15
24.21 11
24.22 5
24.23 0
24.24 0
24.25 0
24.26 0
24.27 0
24.28 0
24.29 0
24.3 0
24.31 0
24.32 0
24.33 0
24.34 0
24.35 0
24.36 0
24.37 0
24.38 0
24.39 0
24.4 0
24.41 2
24.42 7
24.43 9
24.44 11
24.45 13
24.46 16
24.47 19
24.48 22
24.49 25
24.5 28
24.51 31
24.52 34
24.53 20
24.54 20
24.55 21
24.56 20
24.57 11
24.58 3
24.59 1
24.6 3
24.61 0
24.62 0
24.63 0
24.64 0
24.65 0
24.66 0
24.67 0
24.68 0
24.69 0
24.7 0
24.71 0
24.72 2
24.73 5
24.74 8
24.75 11
24.76 15
24.77 17
24.78 20
24.79 23
24.8 26
24.81 29
24.82 30
24.83 34
24.84 20
24.85 20
24.86 20
24.87 20
24.88 16
24.89 13
24.9 7
24.91 8
24.92 0
24.93 0
24.94 0
24.95 0
24.96 0
24.97 0
24.98 0
24.99 0
25 0
25.01 0
25.02 0
25.03 0
25.04 0
25.05 0
25.06 0
25.07 0
25.08 0
25.09 3
25.1 6
25.11 9
25.12 12
25.13 15
25.14 18
25.15 21
25.16 24
25.17 26
25.18 31
25.19 33
25.2 35
25.21 20
25.22 20
25.23 20
25.24 20
25.25 17
25.26 6
25.27 3
25.28 0
25.29 0
25.3 0
25.31 0
25.32 0
25.33 0
25.34 0
25.35 0
25.36 0
25.37 0
25.38 0
25.39 0
25.4 0
25.41 0
25.42 0
25.43 0
25.44 2
25.45 3
25.46 7
25.47 10
25.48 14
25.49 16
25.5 18
25.51 21
25.52 23
25.53 27
25.54 30
25.55 33
25.56 22
25.57 20
25.58 20
25.59 20
25.6 18
25.61 11
25.62 10
25.63 8
25.64 0
25.65 0
25.66 0
25.67 0
25.68 0
25.69 0
25.7 0
25.71 0
25.72 0
25.73 0
25.74 0
25.75 0
25.76 0
25.77 0
25.78 0
25.79 3
25.8 6
25.81 10
25.82 13
25.83 16
25.84 19
25.85 22
25.86 25
25.87 28
25.88 30
25.89 33
25.9 28
25.91 21
25.92 20
25.93 20
25.94 20
25.95 0
25.96 0
25.97 0
25.98 0
25.99 0
26 0
26.01 0
26.02 0
26.03 0
26.04 0
26.05 0
26.06 0
26.07 0
26.08 0
26.09 0
26.1 0
26.11 0
26.12 0
26.13 3
26.14 6
26.15 11
26.16 13
26.17 15
26.18 20
26.19 22
26.2 25
26.21 28
26.22 32
26.23 35
26.24 23
26.25 21
26.26 21
26.27 21
26.28 18
26.29 15
26.3 0
26.31 0
26.32 0
26.33 0
26.34 0
26.35 0
26.36 0
26.37 0
26.38 0
26.39 0
26.4 0
26.41 0
26.42 0
26.43 0
26.44 0
26.45 0
26.46 0
26.47 3
26.48 6
26.49 9
26.5 13
26.51 16
26.52 19
26.53 24
26.54 26
26.55 29
26.56 31
26.57 35
26.58 20
26.59 20
26.6 20
26.61 20
26.62 11
26.63 8
26.64 5
26.65 0
26.66 0
26.67 0
26.68 0
26.69 0
26.7 0
26.71 0
26.72 0
26.73 0
26.74 0
26.75 0
26.76 0
26.77 0
26.78 0
26.79 0
26.8 4
26.81 8
26.82 11
26.83 15
26.84 18
26.85 20
26.86 24
26.87 28
26.88 30
26.89 32
26.9 34
26.91 20
26.92 20
26.93 20
26.94 20
26.95 17
26.96 13
26.97 0
26.98 0
26.99 0
27 0
27.01 0
27.02 0
27.03 0
27.04 0
27.05 0
27.06 0
27.07 0
27.08 0
27.09 0
27.1 0
27.11 0
27.12 0
27.13 1
27.14 4
27.15 9
27.16 11
27.17 14
27.18 18
27.19 21
27.2 25
27.21 27
27.22 31
27.23 34
27.24 36
27.25 21
27.26 21
27.27 21
27.28 21
27.29 12
27.3 0
27.31 0
27.32 0
27.33 0
27.34 0
27.35 0
27.36 0
27.37 0
27.38 0
27.39 0
27.4 0
27.41 0
27.42 0
27.43 0
27.44 0
27.45 0
27.46 0
27.47 0
27.48 0
27.49 3
27.5 7
27.51 11
27.52 15
27.53 16
27.54 20
27.55 22
27.56 25
27.57 26
27.58 29
27.59 32
27.6 30
27.61 20
27.62 20
27.63 20
27.64 20
27.65 14
27.66 5
27.67 0
27.68 0
27.69 0
27.7 0
27.71 0
27.72 0
27.73 0
27.74 0
27.75 0
27.76 0
27.77 0
27.78 0
27.79 0
27.8 0
27.81 0
27.82 0
27.83 2
27.84 6
27.85 10
27.86 12
27.87 16
27.88 18
27.89 20
27.9 23
27.91 26
27.92 29
27.93 31
27.94 34
27.95 21
27.96 20
27.97 20
27.98 21
27.99 13
28 4
28.01 0
28.02 0
28.03 0
28.04 0
28.05 0
28.06 0
28.07 0
28.08 0
28.09 0
28.1 0
28.11 0
28.12 0
28.13 0
28.14 0
28.15 0
28.16 0
28.17 0
28.18 0
28.19 0
28.2 2
28.21 7
28.22 9
28.23 13
28.24 16
28.25 19
28.26 21
28.27 23
28.28 27
28.29 29
28.3 32
28.31 34
28.32 21
28.33 21
28.34 21
28.35 21
28.36 12
28.37 12
28.38 6
28.39 1
28.4 0
28.41 0
28.42 0
28.43 0
28.44 0
28.45 0
28.46 0
28.47 0
28.48 0
28.49 0
28.5 0
28.51 0
28.52 0
28.53 0
28.54 0
28.55 0
28.56 2
28.57 5
28.58 9
28.59 14
28.6 15
28.61 18
28.62 23
28.63 24
28.64 26
28.65 30
28.66 35
28.67 19
28.68 19
28.69 19
28.7 19
28.71 10
28.72 8
28.73 10
28.74 9
28.75 0
28.76 0
28.77 0
28.78 0
28.79 0
28.8 0
28.81 0
28.82 0
28.83 0
28.84 0
28.85 0
28.86 1
28.87 4
28.88 8
28.89 11
28.9 15
28.91 18
28.92 22
28.93 25
28.94 28
28.95 31
28.96 34
28.97 20
28.98 20
28.99 21
29 20
29.01 20
29.02 17
29.03 10
29.04 9
29.05 0
29.06 0
29.07 0
29.08 0
29.09 0
29.1 0
29.11 0
29.12 0
29.13 0
29.14 0
29.15 0
29.16 0
29.17 0
29.18 0
29.19 0
29.2 0
29.21 3
29.22 7
29.23 8
29.24 11
29.25 14
29.26 17
29.27 20
29.28 22
29.29 25
29.3 27
29.31 30
29.32 32
29.33 19
29.34 19
29.35 19
29.36 19
29.37 14
29.38 8
29.39 2
29.4 0
29.41 0
29.42 0
29.43 0
29.44 0
29.45 0
29.46 0
29.47 0
29.48 0
29.49 0
29.5 0
29.51 0
29.52 0
29.53 0
29.54 0
29.55 0
29.56 2
29.57 5
29.58 8
29.59 10
29.6 15
29.61 17
29.62 20
29.63 22
29.64 25
29.65 27
29.66 30
29.67 32
29.68 25
29.69 20
29.7 20
29.71 20
29.72 19
29.73 15
29.74 12
29.75 2
29.76 0
29.77 0
29.78 0
29.79 0
29.8 0
29.81 0
29.82 0
29.83 0
29.84 0
29.85 0
29.86 0
29.87 0
29.88 0
29.89 0
29.9 0
29.91 0
29.92 1
29.93 4
29.94 8
29.95 11
29.96 14
29.97 18
29.98 20
29.99 22
30 26
30.01 30
30.02 31
30.03 32
30.04 20
30.05 20
30.06 20
30.07 20
30.08 20
30.09 5
30.1 0
30.11 0
30.12 0
30.13 0
30.14 0
30.15 0
30.16 0
30.17 0
30.18 0
30.19 0
30.2 0
30.21 0
30.22 0
30.23 0
30.24 0
30.25 0
30.26 1
30.27 4
30.28 7
30.29 9
30.3 12
30.31 15
30.32 18
30.33 20
30.34 21
30.35 24
30.36 27
30.37 30
30.38 31
30.39 20
30.4 20
30.41 20
30.42 20
30.43 18
30.44 13
30.45 8
30.46 7
30.47 0
30.48 0
30.49 0
30.5 0
30.51 0
30.52 0
30.53 0
30.54 0
30.55 0
30.56 0
30.57 0
30.58 0
30.59 0
30.6 0
30.61 0
30.62 0
30.63 0
30.64 0
30.65 2
30.66 6
30.67 9
30.68 11
30.69 14
30.7 17
30.71 20
30.72 22
30.73 24
30.74 26
30.75 29
30.76 30
30.77 20
30.78 19
30.79 19
30.8 19
30.81 18
30.82 19
30.83 11
30.84 4
30.85 0
30.86 0
30.87 0
30.88 0
30.89 0
30.9 0
30.91 0
30.92 0
30.93 0
30.94 0
30.95 0
30.96 0
30.97 0
30.98 0
30.99 0
31 0
31.01 3
31.02 6
31.03 9
31.04 11
31.05 15
31.06 17
31.07 20
31.08 23
31.09 26
31.1 28
31.11 31
31.12 32
31.13 20
31.14 20
31.15 20
31.16 20
31.17 17
31.18 7
31.19 0
31.2 0
31.21 0
31.22 0
31.23 0
31.24 0
31.25 0
31.26 0
31.27 0
31.28 0
31.29 0
31.3 0
31.31 0
31.32 3
31.33 6
31.34 8
31.35 14
31.36 16
31.37 19
31.38 21
31.39 26
31.4 28
31.41 30
31.42 34
31.43 19
31.44 19
31.45 19
31.46 19
31.47 16
31.48 12
31.49 9
31.5 0
31.51 0
31.52 0
31.53 0
31.54 0
31.55 0
31.56 0
31.57 0
31.58 0
31.59 0
31.6 0
31.61 0
31.62 0
31.63 0
31.64 0
31.65 0
31.66 0
31.67 0
31.68 1
31.69 4
31.7 7
31.71 11
31.72 14
31.73 17
31.74 20
31.75 24
31.76 25
31.77 27
31.78 30
31.79 33
31.8 20
31.81 20
31.82 20
31.83 20
31.84 11
31.85 8
31.86 7
31.87 0
31.88 0
31.89 0
31.9 0
31.91 0
31.92 0
31.93 0
31.94 0
31.95 0
31.96 0
31.97 0
31.98 0
31.99 0
32 0
32.01 0
32.02 0
32.03 0
32.04 0
32.05 2
32.06 5
32.07 7
32.08 9
32.09 13
32.1 16
32.11 19
32.12 21
32.13 25
32.14 28
32.15 30
32.16 32
32.17 25
32.18 20
32.19 20
32.2 20
32.21 19
32.22 9
32.23 7
32.24 3
32.25 0
32.26 0
32.27 0
32.28 0
32.29 0
32.3 0
32.31 0
32.32 0
32.33 0
32.34 0
32.35 0
32.36 0
32.37 0
32.38 0
32.39 3
32.4 5
32.41 8
32.42 11
32.43 16
32.44 18
32.45 20
32.46 24
32.47 26
32.48 27
32.49 30
32.5 35
32.51 21
32.52 20
32.53 21
32.54 20
32.55 11
32.56 7
32.57 6
32.58 1
32.59 0
32.6 0
32.61 0
32.62 0
32.63 0
32.64 0
32.65 0
32.66 0
32.67 0
32.68 0
32.69 0
32.7 0
32.71 0
32.72 0
32.73 1
32.74 4
32.75 7
32.76 10
32.77 13
32.78 15
32.79 19
32.8 21
32.81 26
32.82 28
32.83 31
32.84 33
32.85 28
32.86 21
32.87 21
32.88 21
32.89 21
32.9 12
32.91 3
32.92 0
32.93 0
32.94 0
32.95 0
32.96 0
32.97 0
32.98 0
32.99 0
33 0
33.01 0
33.02 0
33.03 0
33.04 0
33.05 0
33.06 0
33.07 0
33.08 0
33.09 0
33.1 4
33.11 7
33.12 11
33.13 13
33.14 16
33.15 20
33.16 22
33.17 25
33.18 28
33.19 30
33.2 32
33.21 28
33.22 20
33.23 20
33.24 20
33.25 20
33.26 2
33.27 0
33.28 0
33.29 0
33.3 0
33.31 0
33.32 0
33.33 0
33.34 0
33.35 0
33.36 0
33.37 0
33.38 0
33.39 0
33.4 0
33.41 0
33.42 0
33.43 2
33.44 5
33.45 8
33.46 11
33.47 14
33.48 18
33.49 21
33.5 24
33.51 26
33.52 28
33.53 32
33.54 34
33.55 20
33.56 20
33.57 20
33.58 20
33.59 20
33.6 17
33.61 9
33.62 0
33.63 0
33.64 0
33.65 0
33.66 0
33.67 0
33.68 0
33.69 0
33.7 0
33.71 0
33.72 0
33.73 0
33.74 0
33.75 0
33.76 0
33.77 0
33.78 0
33.79 0
33.8 3
33.81 7
33.82 10
33.83 12
33.84 14
33.85 18
33.86 19
33.87 22
33.88 25
33.89 27
33.9 29
33.91 31
33.92 23
33.93 20
33.94 20
33.95 20
33.96 17
33.97 11
33.98 2
33.99 4
34 0
34.01 0
34.02 0
34.03 0
34.04 0
34.05 0
34.06 0
34.07 0
34.08 0
34.09 0
34.1 0
34.11 0
34.12 0
34.13 0
34.14 1
34.15 3
34.16 6
34.17 10
34.18 12
34.19 15
34.2 18
34.21 21
34.22 24
34.23 27
34.24 29
34.25 33
34.26 24
34.27 20
34.28 21
34.29 20
34.3 18
34.31 15
34.32 10
34.33 7
34.34 0
34.35 0
34.36 0
34.37 0
34.38 0
34.39 0
34.4 0
34.41 0
34.42 0
34.43 0
34.44 0
34.45 0
34.46 0
34.47 0
34.48 0
34.49 0
34.5 0
34.51 0
34.52 0
34.53 0
34.54 3
34.55 5
34.56 7
34.57 9
34.58 12
34.59 14
34.6 17
34.61 19
34.62 21
34.63 24
34.64 26
34.65 29
34.66 31
34.67 26
34.68 20
34.69 20
34.7 20
34.71 20
34.72 10
34.73 4
34.74 1
34.75 0
34.76 0
34.77 0
34.78 0
34.79 0
34.8 0
34.81 0
34.82 0
34.83 0
34.84 0
34.85 0
34.86 0
34.87 0
34.88 0
34.89 0
34.9 0
34.91 0
34.92 3
34.93 6
34.94 9
34.95 12
34.96 15
34.97 17
34.98 20
34.99 23
35 26
35.01 26
35.02 29
35.03 32
35.04 19
35.05 19
35.06 20
35.07 19
35.08 11
35.09 0
35.1 0
35.11 0
35.12 0
35.13 0
35.14 0
35.15 0
35.16 0
35.17 0
35.18 0
35.19 0
35.2 0
35.21 0
35.22 0
35.23 0
35.24 0
35.25 0
35.26 4
35.27 7
35.28 9
35.29 14
35.3 17
35.31 20
35.32 22
35.33 26
35.34 28
35.35 31
35.36 33
35.37 20
35.38 20
35.39 20
35.4 20
35.41 15
35.42 7
35.43 0
35.44 0
35.45 0
35.46 0
35.47 0
35.48 0
35.49 0
35.5 0
35.51 0
35.52 0
35.53 0
35.54 0
35.55 0
35.56 0
35.57 0
35.58 0
35.59 0
35.6 4
35.61 9
35.62 11
35.63 14
35.64 18
35.65 21
35.66 23
35.67 26
35.68 30
35.69 32
35.7 34
35.71 20
35.72 20
35.73 20
35.74 20
35.75 12
35.76 3
35.77 0
35.78 0
35.79 0
35.8 0
35.81 0
35.82 0
35.83 0
35.84 0
35.85 0
35.86 0
35.87 0
35.88 0
35.89 0
35.9 0
35.91 0
35.92 2
35.93 6
35.94 9
35.95 12
35.96 16
35.97 17
35.98 21
35.99 23
36 26
36.01 28
36.02 30
36.03 34
36.04 20
36.05 20
36.06 20
36.07 20
36.08 18
36.09 18
36.1 7
36.11 0
36.12 0
36.13 0
36.14 0
36.15 0
36.16 0
36.17 0
36.18 0
36.19 0
36.2 0
36.21 0
36.22 0
36.23 0
36.24 0
36.25 0
36.26 0
36.27 0
36.28 0
36.29 0
36.3 0
36.31 3
36.32 7
36.33 8
36.34 11
36.35 15
36.36 18
36.37 20
36.38 22
36.39 25
36.4 28
36.41 30
36.42 32
36.43 20
36.44 20
36.45 20
36.46 20
36.47 11
36.48 7
36.49 0
36.5 0
36.51 0
36.52 0
36.53 0
36.54 0
36.55 0
36.56 0
36.57 0
36.58 0
36.59 0
36.6 0
36.61 0
36.62 0
36.63 0
36.64 0
36.65 0
36.66 0
36.67 0
36.68 0
36.69 4
36.7 7
36.71 10
36.72 13
36.73 15
36.74 19
36.75 22
36.76 25
36.77 27
36.78 32
36.79 34
36.8 29
36.81 22
36.82 21
36.83 21
36.84 21
36.85 17
36.86 14
36.87 15
36.88 1
36.89 0
36.9 0
36.91 0
36.92 0
36.93 0
36.94 0
36.95 0
36.96 0
36.97 0
36.98 0
36.99 0
37 0
37.01 0
37.02 0
37.03 0
37.04 0
37.05 0
37.06 0
37.07 3
37.08 6
37.09 8
37.1 11
37.11 13
37.12 15
37.13 18
37.14 20
37.15 22
37.16 26
37.17 29
37.18 30
37.19 33
37.2 20
37.21 20
37.22 20
37.23 20
37.24 7
37.25 0
37.26 0
37.27 0
37.28 0
37.29 0
37.3 0
37.31 0
37.32 0
37.33 0
37.34 0
37.35 0
37.36 0
37.37 0
37.38 0
37.39 0
37.4 0
37.41 0
37.42 0
37.43 0
37.44 0
37.45 0
37.46 2
37.47 6
37.48 9
37.49 11
37.5 16
37.51 19
37.52 22
37.53 27
37.54 29
37.55 32
37.56 33
37.57 26
37.58 20
37.59 21
37.6 20
37.61 20
37.62 20
37.63 14
37.64 3
37.65 0
37.66 0
37.67 0
37.68 0
37.69 0
37.7 0
37.71 0
37.72 0
37.73 0
37.74 0
37.75 0
37.76 0
37.77 0
37.78 0
37.79 2
37.8 5
37.81 8
37.82 11
37.83 14
37.84 16
37.85 17
37.86 21
37.87 24
37.88 26
37.89 30
37.9 33
37.91 19
37.92 19
37.93 19
37.94 19
37.95 19
37.96 8
37.97 3
37.98 0
37.99 0
38 0
38.01 0
38.02 0
38.03 0
38.04 0
38.05 0
38.06 0
38.07 0
38.08 0
38.09 0
38.1 0
38.11 0
38.12 3
38.13 7
38.14 9
38.15 12
38.16 15
38.17 18
38.18 20
38.19 24
38.2 26
38.21 28
38.22 30
38.23 30
38.24 19
38.25 19
38.26 19
38.27 19
38.28 7
38.29 2
38.3 0
38.31 0
38.32 0
38.33 0
38.34 0
38.35 0
38.36 0
38.37 0
38.38 0
38.39 0
38.4 0
38.41 0
38.42 0
38.43 0
38.44 0
38.45 0
38.46 0
38.47 5
38.48 8
38.49 11
38.5 15
38.51 19
38.52 21
38.53 25
38.54 28
38.55 31
38.56 33
38.57 27
38.58 20
38.59 20
38.6 20
38.61 20
38.62 12
38.63 2
38.64 0
38.65 0
38.66 0
38.67 0
38.68 0
38.69 0
38.7 0
38.71 0
38.72 0
38.73 0
38.74 0
38.75 0
38.76 0
38.77 0
38.78 0
38.79 3
38.8 5
38.81 9
38.82 12
38.83 15
38.84 18
38.85 21
38.86 24
38.87 25
38.88 27
38.89 29
38.9 32
38.91 19
38.92 19
38.93 19
38.94 19
38.95 4
38.96 0
38.97 0
38.98 0
38.99 0
39 0
39.01 0
39.02 0
39.03 0
39.04 0
39.05 0
39.06 0
39.07 0
39.08 0
39.09 0
39.1 0
39.11 0
39.12 0
39.13 0
39.14 0
39.15 3
39.16 5
39.17 8
39.18 11
39.19 14
39.2 17
39.21 20
39.22 23
39.23 25
39.24 28
39.25 30
39.26 33
39.27 26
39.28 20
39.29 20
39.3 20
39.31 20
39.32 2
39.33 3
39.34 0
39.35 0
39.36 0
39.37 0
39.38 0
39.39 0
39.4 0
39.41 0
39.42 0
39.43 0
39.44 0
39.45 0
39.46 0
39.47 0
39.48 0
39.49 0
39.5 0
39.51 0
39.52 3
39.53 5
39.54 9
39.55 11
39.56 13
39.57 16
39.58 20
39.59 21
39.6 23
39.61 27
39.62 29
39.63 32
39.64 25
39.65 20
39.66 20
39.67 20
39.68 20
39.69 12
39.7 3
39.71 2
39.72 0
39.73 0
39.74 0
39.75 0
39.76 0
39.77 0
39.78 0
39.79 0
39.8 0
39.81 0
39.82 0
39.83 0
39.84 0
39.85 0
39.86 0
39.87 0
39.88 0
39.89 0
39.9 0
39.91 2
39.92 5
39.93 7
39.94 11
39.95 14
39.96 17
39.97 20
39.98 25
39.99 27
40 30
40.01 34
40.02 37
40.03 20
40.04 20
40.05 20
40.06 20
40.07 11
40.08 10
40.09 8
40.1 5
40.11 0
40.12 0
40.13 0
40.14 0
40.15 0
40.16 0
40.17 0
40.18 0
40.19 0
40.2 0
40.21 0
40.22 0
40.23 0
40.24 3
40.25 6
40.26 9
40.27 12
40.28 14
40.29 16
40.3 18
40.31 21
40.32 23
40.33 25
40.34 28
40.35 31
40.36 32
40.37 20
40.38 20
40.39 20
40.4 20
40.41 11
40.42 14
40.43 4
40.44 0
40.45 0
40.46 0
40.47 0
40.48 0
40.49 0
40.5 0
40.51 0
40.52 0
40.53 0
40.54 0
40.55 0
40.56 0
40.57 0
40.58 0
40.59 0
40.6 0
40.61 0
40.62 0
40.63 2
40.64 6
40.65 9
40.66 12
40.67 13
40.68 16
40.69 20
40.7 22
40.71 24
40.72 26
40.73 29
40.74 32
40.75 31
40.76 20
40.77 20
40.78 20
40.79 20
40.8 16
40.81 11
40.82 0
40.83 0
40.84 0
40.85 0
40.86 0
40.87 0
40.88 0
40.89 0
40.9 0
40.91 0
40.92 0
40.93 0
40.94 0
40.95 0
40.96 2
40.97 6
40.98 10
40.99 12
41 16
41.01 19
41.02 22
41.03 25
41.04 28
41.05 30
41.06 33
41.07 35
41.08 21
41.09 22
41.1 21
41.11 21
41.12 17
41.13 9
41.14 1
41.15 0
41.16 0
41.17 0
41.18 0
41.19 0
41.2 0
41.21 0
41.22 0
41.23 0
41.24 0
41.25 0
41.26 0
41.27 0
41.28 0
41.29 0
41.3 0
41.31 0
41.32 0
41.33 0
41.34 3
41.35 5
41.36 10
41.37 12
41.38 15
41.39 18
41.4 22
41.41 25
41.42 27
41.43 30
41.44 32
41.45 33
41.46 20
41.47 20
41.48 20
41.49 20
41.5 1
41.51 0
41.52 0
41.53 0
41.54 0
41.55 0
41.56 0
41.57 0
41.58 0
41.59 0
41.6 0
41.61 0
41.62 0
41.63 0
41.64 0
41.65 0
41.66 0
41.67 0
41.68 0
41.69 0
41.7 1
41.71 5
41.72 7
41.73 10
41.74 13
41.75 16
41.76 19
41.77 22
41.78 26
41.79 26
41.8 29
41.81 31
41.82 35
41.83 20
41.84 20
41.85 20
41.86 20
41.87 10
41.88 3
41.89 0
41.9 0
41.91 0
41.92 0
41.93 0
41.94 0
41.95 0
41.96 0
41.97 0
41.98 0
41.99 0
42 0
42.01 0
42.02 0
42.03 0
42.04 0
42.05 0
42.06 3
42.07 6
42.08 8
42.09 12
42.1 15
42.11 18
42.12 21
42.13 24
42.14 27
42.15 31
42.16 33
42.17 27
42.18 20
42.19 20
42.2 20
42.21 20
42.22 0
42.23 0
42.24 0
42.25 0
42.26 0
42.27 0
42.28 0
42.29 0
42.3 0
42.31 0
42.32 0
42.33 0
42.34 0
42.35 0
42.36 1
42.37 5
42.38 8
42.39 10
42.4 14
42.41 17
42.42 21
42.43 23
42.44 25
42.45 28
42.46 30
42.47 31
42.48 22
42.49 20
42.5 20
42.51 21
42.52 16
42.53 12
42.54 2
42.55 0
42.56 0
42.57 0
42.58 0
42.59 0
42.6 0
42.61 0
42.62 0
42.63 0
42.64 0
42.65 0
42.66 0
42.67 0
42.68 0
42.69 0
42.7 0
42.71 0
42.72 0
42.73 1
42.74 5
42.75 8
42.76 11
42.77 14
42.78 18
42.79 22
42.8 23
42.81 26
42.82 29
42.83 33
42.84 36
42.85 20
42.86 20
42.87 20
42.88 20
42.89 6
42.9 0
42.91 0
42.92 0
42.93 0
42.94 0
42.95 0
42.96 0
42.97 0
42.98 0
42.99 0
43 0
43.01 0
43.02 3
43.03 7
43.04 9
43.05 12
43.06 15
43.07 18
43.08 21
43.09 24
43.1 26
43.11 29
43.12 31
43.13 28
43.14 20
43.15 20
43.16 20
43.17 20
43.18 11
43.19 0
43.2 0
43.21 0
43.22 0
43.23 0
43.24 0
43.25 0
43.26 0
43.27 0
43.28 0
43.29 0
43.3 0
43.31 0
43.32 0
43.33 0
43.34 0
43.35 0
43.36 4
43.37 6
43.38 9
43.39 13
43.4 16
43.41 20
43.42 22
43.43 26
43.44 29
43.45 30
43.46 33
43.47 20
43.48 21
43.49 20
43.5 20
43.51 12
43.52 11
43.53 1
43.54 2
43.55 0
43.56 0
43.57 0
43.58 0
43.59 0
43.6 0
43.61 0
43.62 0
43.63 0
43.64 0
43.65 0
43.66 0
43.67 0
43.68 0
43.69 0
43.7 0
43.71 0
43.72 2
43.73 7
43.74 9
43.75 13
43.76 17
43.77 20
43.78 22
43.79 25
43.8 28
43.81 31
43.82 34
43.83 20
43.84 20
43.85 20
43.86 20
43.87 17
43.88 8
43.89 6
43.9 0
43.91 0
43.92 0
43.93 0
43.94 0
43.95 0
43.96 0
43.97 0
43.98 0
43.99 0
44 0
44.01 0
44.02 0
44.03 0
44.04 0
44.05 0
44.06 4
44.07 6
44.08 10
44.09 13
44.1 15
44.11 19
44.12 21
44.13 23
44.14 25
44.15 29
44.16 32
44.17 34
44.18 20
44.19 21
44.2 20
44.21 20
44.22 13
44.23 9
44.24 0
44.25 0
44.26 0
44.27 0
44.28 0
44.29 0
44.3 0
44.31 0
44.32 0
44.33 0
44.34 0
44.35 0
44.36 0
44.37 0
44.38 0
44.39 0
44.4 0
44.41 0
44.42 3
44.43 7
44.44 12
44.45 13
44.46 15
44.47 19
44.48 21
44.49 25
44.5 27
44.51 31
44.52 34
44.53 20
44.54 21
44.55 20
44.56 20
44.57 20
44.58 11
44.59 4
44.6 0
44.61 0
44.62 0
44.63 0
44.64 0
44.65 0
44.66 0
44.67 0
44.68 0
44.69 0
44.7 0
44.71 0
44.72 0
44.73 0
44.74 0
44.75 0
44.76 0
44.77 1
44.78 5
44.79 7
44.8 10
44.81 13
44.82 16
44.83 19
44.84 22
44.85 25
44.86 28
44.87 29
44.88 32
44.89 23
44.9 20
44.91 20
44.92 20
44.93 20
44.94 16
44.95 10
44.96 0
44.97 0
44.98 0
44.99 0
45 0
45.01 0
45.02 0
45.03 0
45.04 0
45.05 0
45.06 0
45.07 0
45.08 0
45.09 0
45.1 0
45.11 0
45.12 0
45.13 0
45.14 2
45.15 5
45.16 7
45.17 11
45.18 14
45.19 15
45.2 18
45.21 22
45.22 23
45.23 24
45.24 27
45.25 31
45.26 33
45.27 20
45.28 20
45.29 20
45.3 20
45.31 12
45.32 0
45.33 0
45.34 0
45.35 0
45.36 0
45.37 0
45.38 0
45.39 0
45.4 0
45.41 0
45.42 0
45.43 0
45.44 0
45.45 0
45.46 0
45.47 0
45.48 0
45.49 0
45.5 2
45.51 3
45.52 6
45.53 10
45.54 13
45.55 16
45.56 18
45.57 22
45.58 25
45.59 28
45.6 30
45.61 35
45.62 23
45.63 20
45.64 20
45.65 20
45.66 17
45.67 5
45.68 6
45.69 0
45.7 0
45.71 0
45.72 0
45.73 0
45.74 0
45.75 0
45.76 0
45.77 0
45.78 0
45.79 0
45.8 0
45.81 0
45.82 0
45.83 0
45.84 0
45.85 0
45.86 0
45.87 0
45.88 0
45.89 3
45.9 6
45.91 7
45.92 10
45.93 13
45.94 17
45.95 19
45.96 23
45.97 27
45.98 29
45.99 32
46 37
46.01 21
46.02 21
46.03 21
46.04 21
46.05 17
46.06 7
46.07 6
46.08 0
46.09 0
46.1 0
46.11 0
46.12 0
46.13 0
46.14 0
46.15 0
46.16 0
46.17 0
46.18 0
46.19 0
46.2 0
46.21 0
46.22 0
46.23 0
46.24 0
46.25 0
46.26 3
46.27 7
46.28 9
46.29 12
46.3 15
46.31 17
46.32 18
46.33 20
46.34 23
46.35 27
46.36 27
46.37 29
46.38 33
46.39 20
46.4 20
46.41 20
46.42 20
46.43 11
46.44 5
46.45 5
46.46 0
46.47 0
46.48 0
46.49 0
46.5 0
46.51 0
46.52 0
46.53 0
46.54 0
46.55 0
46.56 0
46.57 0
46.58 0
46.59 0
46.6 0
46.61 1
46.62 3
46.63 7
46.64 10
46.65 13
46.66 15
46.67 18
46.68 20
46.69 23
46.7 26
46.71 29
46.72 30
46.73 31
46.74 20
46.75 20
46.76 20
46.77 20
46.78 14
46.79 16
46.8 15
46.81 3
46.82 0
46.83 0
46.84 0
46.85 0
46.86 0
46.87 0
46.88 0
46.89 0
46.9 0
46.91 0
46.92 0
46.93 0
46.94 0
46.95 0
46.96 0
46.97 0
46.98 0
46.99 2
47 6
47.01 10
47.02 12
47.03 15
47.04 17
47.05 20
47.06 22
47.07 26
47.08 29
47.09 33
47.1 35
47.11 21
47.12 20
47.13 20
47.14 20
47.15 15
47.16 6
47.17 0
47.18 0
47.19 0
47.2 0
47.21 0
47.22 0
47.23 0
47.24 0
47.25 0
47.26 0
47.27 0
47.28 0
47.29 0
47.3 0
47.31 0
47.32 0
47.33 0
47.34 0
47.35 0
47.36 3
47.37 6
47.38 9
47.39 11
47.4 15
47.41 17
47.42 20
47.43 23
47.44 25
47.45 26
47.46 28
47.47 30
47.48 31
47.49 20
47.5 20
47.51 20
47.52 20
47.53 19
47.54 16
47.55 15
47.56 4
47.57 0
47.58 0
47.59 0
47.6 0
47.61 0
47.62 0
47.63 0
47.64 0
47.65 0
47.66 0
47.67 0
47.68 0
47.69 0
47.7 0
47.71 0
47.72 0
47.73 0
47.74 0
47.75 1
47.76 3
47.77 6
47.78 8
47.79 11
47.8 14
47.81 17
47.82 19
47.83 22
47.84 25
47.85 27
47.86 29
47.87 32
47.88 26
47.89 20
47.9 20
47.91 20
47.92 20
47.93 15
47.94 12
47.95 13
47.96 0
47.97 0
47.98 0
47.99 0
48 0
48.01 0
48.02 0
48.03 0
48.04 0
48.05 0
48.06 0
48.07 0
48.08 0
48.09 0
48.1 0
48.11 0
48.12 2
48.13 6
48.14 10
48.15 12
48.16 17
48.17 20
48.18 24
48.19 26
48.2 31
48.21 34
48.22 36
48.23 20
48.24 20
48.25 20
48.26 20
48.27 14
48.28 4
48.29 0
48.3 0
48.31 0
48.32 0
48.33 0
48.34 0
48.35 0
48.36 0
48.37 0
48.38 0
48.39 0
48.4 0
48.41 0
48.42 0
48.43 0
48.44 0
48.45 0
48.46 2
48.47 7
48.48 10
48.49 13
48.5 17
48.51 20
48.52 22
48.53 24
48.54 25
48.55 28
48.56 32
48.57 34
48.58 20
48.59 20
48.6 21
48.61 20
48.62 11
48.63 7
48.64 0
48.65 0
48.66 0
48.67 0
48.68 0
48.69 0
48.7 0
48.71 0
48.72 0
48.73 0
48.74 0
48.75 0
48.76 0
48.77 0
48.78 0
48.79 0
48.8 2
48.81 5
48.82 9
48.83 12
48.84 14
48.85 18
48.86 21
48.87 23
48.88 26
48.89 28
48.9 31
48.91 34
48.92 20
48.93 20
48.94 20
48.95 20
48.96 8
48.97 10
48.98 9
48.99 0
49 0
49.01 0
49.02 0
49.03 0
49.04 0
49.05 0
49.06 0
49.07 0
49.08 0
49.09 0
49.1 0
49.11 0
49.12 2
49.13 4
49.14 6
49.15 8
49.16 11
49.17 14
49.18 17
49.19 19
49.2 23
49.21 25
49.22 28
49.23 30
49.24 33
49.25 19
49.26 19
49.27 19
49.28 19
49.29 10
49.3 0
49.31 0
49.32 0
49.33 0
49.34 0
49.35 0
49.36 0
49.37 0
49.38 0
49.39 0
49.4 0
49.41 0
49.42 0
49.43 0
49.44 0
49.45 0
49.46 1
49.47 2
49.48 4
49.49 9
49.5 11
49.51 13
49.52 16
49.53 21
49.54 22
49.55 24
49.56 27
49.57 32
49.58 34
49.59 20
49.6 20
49.61 20
49.62 20
49.63 20
49.64 21
49.65 16
49.66 0
49.67 0
49.68 0
49.69 0
49.7 0
49.71 0
49.72 0
49.73 0
49.74 0
49.75 0
49.76 0
49.77 0
49.78 0
49.79 0
49.8 0
49.81 0
49.82 0
49.83 4
49.84 8
49.85 11
49.86 13
49.87 18
49.88 22
49.89 24
49.9 27
49.91 29
49.92 33
49.93 34
49.94 20
49.95 20
49.96 20
49.97 20
49.98 17
49.99 13
50 6
50.01 0
50.02 0
50.03 0
50.04 0
50.05 0
50.06 0
50.07 0
50.08 0
50.09 0
50.1 0
50.11 0
50.12 0
50.13 0
50.14 0
50.15 0
50.16 4
50.17 7
50.18 10
50.19 13
50.2 15
50.21 17
50.22 21
50.23 24
50.24 27
50.25 30
50.26 32
50.27 31
50.28 20
50.29 20
50.3 20
50.31 20
50.32 13
50.33 9
50.34 5
50.35 0
50.36 0
50.37 0
50.38 0
50.39 0
50.4 0
50.41 0
50.42 0
50.43 0
50.44 0
50.45 0
50.46 0
50.47 0
50.48 0
50.49 0
50.5 0
50.51 0
50.52 1
50.53 4
50.54 6
50.55 8
50.56 11
50.57 14
50.58 17
50.59 20
50.6 23
50.61 25
50.62 27
50.63 29
50.64 32
50.65 25
50.66 20
50.67 20
50.68 20
50.69 19
50.7 11
50.71 0
50.72 0
50.73 0
50.74 0
50.75 0
50.76 0
50.77 0
50.78 0
50.79 0
50.8 0
50.81 0
50.82 0
50.83 0
50.84 0
50.85 0
50.86 0
50.87 0
50.88 0
50.89 0
50.9 0
50.91 3
50.92 6
50.93 8
50.94 12
50.95 15
50.96 18
50.97 21
50.98 23
50.99 24
51 27
51.01 32
51.02 35
51.03 22
51.04 21
51.05 21
51.06 21
51.07 16
51.08 6
51.09 0
51.1 0
51.11 0
51.12 0
51.13 0
51.14 0
51.15 0
51.16 0
51.17 0
51.18 0
51.19 0
51.2 0
51.21 0
51.22 0
51.23 0
51.24 0
51.25 0
51.26 0
51.27 0
51.28 2
51.29 5
51.3 8
51.31 11
51.32 15
51.33 17
51.34 20
51.35 24
51.36 26
51.37 29
51.38 33
51.39 36
51.4 21
51.41 20
51.42 20
51.43 20
51.44 15
51.45 4
51.46 0
51.47 0
51.48 0
51.49 0
51.5 0
51.51 0
51.52 0
51.53 0
51.54 0
51.55 0
51.56 0
51.57 0
51.58 0
51.59 0
51.6 0
51.61 0
51.62 3
51.63 6
51.64 10
51.65 12
51.66 15
51.67 17
51.68 20
51.69 23
51.7 26
51.71 29
51.72 31
51.73 33
51.74 20
51.75 20
51.76 20
51.77 20
51.78 11
51.79 5
51.8 0
51.81 0
51.82 0
51.83 0
51.84 0
51.85 0
51.86 0
51.87 0
51.88 0
51.89 0
51.9 0
51.91 0
51.92 0
51.93 0
51.94 0
51.95 0
51.96 2
51.97 4
51.98 8
51.99 12
52 13
52.01 16
52.02 20
52.03 23
52.04 25
52.05 28
52.06 30
52.07 33
52.08 20
52.09 20
52.1 20
52.11 19
52.12 12
52.13 14
52.14 9
52.15 5
52.16 0
52.17 0
52.18 0
52.19 0
52.2 0
52.21 0
52.22 0
52.23 0
52.24 0
52.25 0
52.26 0
52.27 0
52.28 0
52.29 0
52.3 0
52.31 0
52.32 0
52.33 1
52.34 6
52.35 9
52.36 11
52.37 13
52.38 17
52.39 21
52.4 22
52.41 26
52.42 28
52.43 33
52.44 33
52.45 20
52.46 20
52.47 20
52.48 20
52.49 14
52.5 6
52.51 1
52.52 0
52.53 0
52.54 0
52.55 0
52.56 0
52.57 0
52.58 0
52.59 0
52.6 0
52.61 0
52.62 0
52.63 0
52.64 0
52.65 0
52.66 0
52.67 0
52.68 0
52.69 2
52.7 5
52.71 8
52.72 10
52.73 13
52.74 17
52.75 19
52.76 22
52.77 26
52.78 28
52.79 30
52.8 32
52.81 24
52.82 20
52.83 20
52.84 20
52.85 18
52.86 2
52.87 0
52.88 0
52.89 0
52.9 0
52.91 0
52.92 0
52.93 0
52.94 0
52.95 0
52.96 0
52.97 0
52.98 0
52.99 0
53 0
53.01 0
53.02 0
53.03 4
53.04 7
53.05 9
53.06 12
53.07 15
53.08 18
53.09 19
53.1 23
53.11 25
53.12 27
53.13 30
53.14 34
53.15 21
53.16 21
53.17 21
53.18 22
53.19 15
53.2 14
53.21 7
53.22 5
53.23 0
53.24 0
53.25 0
53.26 0
53.27 0
53.28 0
53.29 0
53.3 0
53.31 0
53.32 0
53.33 0
53.34 0
53.35 0
53.36 0
53.37 0
53.38 0
53.39 0
53.4 4
53.41 7
53.42 10
53.43 13
53.44 16
53.45 18
53.46 20
53.47 23
53.48 26
53.49 29
53.5 31
53.51 34
53.52 20
53.53 20
53.54 20
53.55 20
53.56 11
53.57 12
53.58 10
53.59 1
53.6 0
53.61 0
53.62 0
53.63 0
53.64 0
53.65 0
53.66 0
53.67 0
53.68 0
53.69 0
53.7 0
53.71 0
53.72 0
53.73 0
53.74 0
53.75 0
53.76 0
53.77 0
53.78 4
53.79 7
53.8 10
53.81 12
53.82 16
53.83 18
53.84 21
53.85 24
53.86 26
53.87 29
53.88 32
53.89 34
53.9 20
53.91 20
53.92 20
53.93 20
53.94 12
53.95 10
53.96 0
53.97 0
53.98 0
53.99 0
54 0
54.01 0
54.02 0
54.03 0
54.04 0
54.05 0
54.06 0
54.07 0
54.08 0
54.09 0
54.1 0
54.11 0
54.12 0
54.13 3
54.14 5
54.15 8
54.16 12
54.17 15
54.18 19
54.19 21
54.2 24
54.21 26
54.22 30
54.23 33
54.24 35
54.25 20
54.26 20
54.27 20
54.28 20
54.29 12
54.3 1
54.31 3
54.32 0
54.33 0
54.34 0
54.35 0
54.36 0
54.37 0
54.38 0
54.39 0
54.4 0
54.41 0
54.42 0
54.43 0
54.44 0
54.45 0
54.46 0
54.47 0
54.48 0
54.49 2
54.5 7
54.51 10
54.52 14
54.53 15
54.54 17
54.55 21
54.56 23
54.57 28
54.58 30
54.59 33
54.6 26
54.61 20
54.62 20
54.63 20
54.64 20
54.65 10
54.66 9
54.67 3
54.68 0
54.69 0
54.7 0
54.71 0
54.72 0
54.73 0
54.74 0
54.75 0
54.76 0
54.77 0
54.78 0
54.79 0
54.8 0
54.81 0
54.82 0
54.83 0
54.84 2
54.85 6
54.86 8
54.87 12
54.88 15
54.89 18
54.9 21
54.91 24
54.92 27
54.93 29
54.94 33
54.95 34
54.96 20
54.97 20
54.98 20
54.99 20
55 20
55.01 16
55.02 0
55.03 0
55.04 0
55.05 0
55.06 0
55.07 0
55.08 0
55.09 0
55.1 0
55.11 0
55.12 0
55.13 0
55.14 0
55.15 0
55.16 0
55.17 0
55.18 0
55.19 0
55.2 2
55.21 6
55.22 9
55.23 11
55.24 14
55.25 17
55.26 20
55.27 22
55.28 24
55.29 27
55.3 30
55.31 32
55.32 20
55.33 20
55.34 20
55.35 20
55.36 15
55.37 4
55.38 0
55.39 0
55.4 0
55.41 0
55.42 0
55.43 0
55.44 0
55.45 0
55.46 0
55.47 0
55.48 0
55.49 0
55.5 0
55.51 0
55.52 0
55.53 1
55.54 4
55.55 7
55.56 10
55.57 14
55.58 18
55.59 19
55.6 23
55.61 27
55.62 30
55.63 31
55.64 35
55.65 20
55.66 20
55.67 20
55.68 20
55.69 3
55.7 0
55.71 0
55.72 0
55.73 0
55.74 0
55.75 0
55.76 0
55.77 0
55.78 0
55.79 0
55.8 0
55.81 0
55.82 0
55.83 0
55.84 0
55.85 0
55.86 0
55.87 0
55.88 0
55.89 1
55.9 3
55.91 7
55.92 9
55.93 12
55.94 13
55.95 16
55.96 19
55.97 22
55.98 25
55.99 27
56 30
56.01 33
56.02 20
56.03 20
56.04 20
56.05 20
56.06 16
56.07 9
56.08 1
56.09 0
56.1 0
56.11 0
56.12 0
56.13 0
56.14 0
56.15 0
56.16 0
56.17 0
56.18 0
56.19 0
56.2 0
56.21 0
56.22 0
56.23 3
56.24 7
56.25 9
56.26 12
56.27 16
56.28 18
56.29 20
56.3 23
56.31 26
56.32 28
56.33 30
56.34 32
56.35 20
56.36 20
56.37 20
56.38 20
56.39 9
56.4 5
56.41 0
56.42 0
56.43 0
56.44 0
56.45 0
56.46 0
56.47 0
56.48 0
56.49 0
56.5 0
56.51 0
56.52 0
56.53 0
56.54 0
56.55 0
56.56 0
56.57 0
56.58 0
56.59 1
56.6 3
56.61 6
56.62 9
56.63 12
56.64 14
56.65 17
56.66 20
56.67 21
56.68 25
56.69 29
56.7 31
56.71 32
56.72 20
56.73 20
56.74 20
56.75 20
56.76 12
56.77 6
56.78 5
56.79 4
56.8 0
56.81 0
56.82 0
56.83 0
56.84 0
56.85 0
56.86 0
56.87 0
56.88 0
56.89 0
56.9 0
56.91 0
56.92 0
56.93 0
56.94 0
56.95 0
56.96 1
56.97 3
56.98 6
56.99 8
57 11
57.01 13
57.02 14
57.03 19
57.04 21
57.05 24
57.06 26
57.07 29
57.08 31
57.09 33
57.1 20
57.11 20
57.12 20
57.13 20
57.14 16
57.15 10
57.16 0
57.17 0
57.18 0
57.19 0
57.2 0
57.21 0
57.22 0
57.23 0
57.24 0
57.25 0
57.26 0
57.27 0
57.28 0
57.29 0
57.3 0
57.31 0
57.32 0
57.33 2
57.34 6
57.35 8
57.36 10
57.37 14
57.38 17
57.39 19
57.4 21
57.41 23
57.42 26
57.43 27
57.44 31
57.45 34
57.46 20
57.47 20
57.48 20
57.49 20
57.5 13
57.51 7
57.52 0
57.53 0
57.54 0
57.55 0
57.56 0
57.57 0
57.58 0
57.59 0
57.6 0
57.61 0
57.62 0
57.63 0
57.64 0
57.65 0
57.66 0
57.67 0
57.68 0
57.69 2
57.7 4
57.71 7
57.72 12
57.73 14
57.74 17
57.75 19
57.76 24
57.77 26
57.78 29
57.79 31
57.8 35
57.81 20
57.82 21
57.83 21
57.84 20
57.85 11
57.86 8
57.87 1
57.88 0
57.89 0
57.9 0
57.91 0
57.92 0
57.93 0
57.94 0
57.95 0
57.96 0
57.97 0
57.98 0
57.99 0
58 0
58.01 0
58.02 4
58.03 7
58.04 11
58.05 15
58.06 18
58.07 20
58.08 25
58.09 28
58.1 30
58.11 33
58.12 29
58.13 20
58.14 20
58.15 21
58.16 20
58.17 11
58.18 9
58.19 5
58.2 0
58.21 0
58.22 0
58.23 0
58.24 0
58.25 0
58.26 0
58.27 0
58.28 0
58.29 0
58.3 0
58.31 0
58.32 0
58.33 0
58.34 0
58.35 0
58.36 0
58.37 0
58.38 0
58.39 0
58.4 0
58.41 0
58.42 0
58.43 0
58.44 0
58.45 0
58.46 0
58.47 0
58.48 0
58.49 0
58.5 0
58.51 0
58.52 0
58.53 0
58.54 0
58.55 0
58.56 0
58.57 0
58.58 0
58.59 0
58.6 0
58.61 0
58.62 0
58.63 0
58.64 0
58.65 0
58.66 0
58.67 0
58.68 0
58.69 0
58.7 0
58.71 0
58.72 0
58.73 0
58.74 0
58.75 0
58.76 0
58.77 0
58.78 0
58.79 0
58.8 0
58.81 0
58.82 0
58.83 0
58.84 0
58.85 0
58.86 0
58.87 0
58.88 0
58.89 0
58.9 0
58.91 0
58.92 0
58.93 0
58.94 0
58.95 0
58.96 0
58.97 0
58.98 0
58.99 0
59 0
59.01 0
59.02 0
59.03 0
59.04 0
59.05 0
59.06 0
59.07 0
59.08 0
59.09 0
59.1 0
59.11 0
59.12 0
59.13 0
59.14 0
59.15 0
59.16 0
59.17 0
59.18 0
59.19 0
59.2 0
59.21 0
59.22 0
59.23 0
59.24 0
59.25 0
59.26 0
59.27 0
59.28 0
59.29 0
59.3 0
59.31 0
59.32 0
59.33 0
59.34 0
59.35 0
59.36 0
59.37 0
59.38 0
59.39 0
59.4 0
59.41 0
59.42 0
59.43 0
59.44 0
59.45 0
59.46 0
59.47 0
59.48 0
59.49 0
59.5 0
59.51 0
59.52 0
59.53 0
59.54 0
59.55 0
59.56 0
59.57 0
59.58 0
59.59 0
59.6 0
59.61 0
59.62 0
59.63 0
59.64 0
59.65 0
59.66 0
59.67 0
59.68 0
59.69 0
59.7 0
59.71 0
59.72 0
59.73 0
59.74 0
59.75 0
59.76 0
59.77 0
59.78 0
59.79 0
59.8 0
59.81 0
59.82 0
59.83 0
59.84 0
59.85 0
59.86 0
59.87 0
59.88 0
59.89 0
59.9 0
59.91 0
59.92 0
59.93 0
59.94 0
59.95 0
59.96 0
59.97 0
59.98 0
59.99 0
60 0
60.01 0
60.02 0
60.03 0
60.04 0
60.05 0
60.06 0
60.07 0
60.08 0
60.09 0
60.1 0
60.11 0
60.12 0
60.13 0
60.14 0
60.15 0
60.16 0
60.17 0
60.18 0
60.19 0
60.2 0
60.21 0
60.22 0
60.23 0
60.24 0
60.25 0
60.26 0
60.27 0
60.28 0
60.29 0
60.3 0
60.31 0
60.32 0
60.33 0
60.34 0
60.35 0
60.36 0
60.37 0
60.38 0
60.39 0
60.4 0
60.41 0
60.42 0
60.43 0
60.44 0
60.45 0
60.46 0
60.47 0
60.48 0
60.49 0
60.5 0
60.51 0
60.52 0
60.53 0
60.54 0
60.55 0
60.56 0
60.57 0
60.58 0
60.59 0
60.6 0
60.61 0
60.62 0
60.63 0
60.64 0
60.65 0
60.66 0
60.67 0
60.68 0
60.69 0
60.7 0
60.71 0
60.72 0
60.73 0
60.74 0
60.75 0
60.76 0
60.77 0
60.78 0
60.79 0
60.8 0
60.81 0
60.82 0
60.83 0
60.84 0
60.85 0
60.86 0
60.87 0
60.88 0
60.89 0
60.9 0
60.91 0
60.92 0
60.93 0
60.94 0
60.95 0
60.96 0
60.97 0
60.98 0
60.99 0
61 0
61.01 0
61.02 0
61.03 0
61.04 0
61.05 0
61.06 0
61.07 0
61.08 0
61.09 0
61.1 0
61.11 0
61.12 0
61.13 0
61.14 0
61.15 0
61.16 0
61.17 0
61.18 0
61.19 0
61.2 0
61.21 0
61.22 0
61.23 0
61.24 0
61.25 0
61.26 0
61.27 0
61.28 0
61.29 0
61.3 0
61.31 0
61.32 0
61.33 0
61.34 0
61.35 0
61.36 0
61.37 0
61.38 0
61.39 0
61.4 0
61.41 0
61.42 0
61.43 0
61.44 0
61.45 0
61.46 0
61.47 0
61.48 0
61.49 0
61.5 0
61.51 0
61.52 0
61.53 0
61.54 0
61.55 0
61.56 0
61.57 0
61.58 0
61.59 0
61.6 0
61.61 0
61.62 0
61.63 0
61.64 0
61.65 0
61.66 0
61.67 0
61.68 0
61.69 0
61.7 0
61.71 0
61.72 0
61.73 0
61.74 0
61.75 0
61.76 0
61.77 0
61.78 0
61.79 0
61.8 0
61.81 0
61.82 0
61.83 0
61.84 0
61.85 0
61.86 0
61.87 0
61.88 0
61.89 0
61.9 0
61.91 0
61.92 0
61.93 0
61.94 0
61.95 0
61.96 0
61.97 0
61.98 0
61.99 0
62 0
62.01 0
62.02 0
62.03 0
62.04 0
62.05 0
62.06 0
62.07 0
62.08 0
62.09 0
62.1 0
62.11 0
62.12 0
62.13 0
62.14 0
62.15 0
62.16 0
62.17 0
62.18 0
62.19 0
62.2 0
62.21 0
62.22 0
62.23 0
62.24 0
62.25 0
62.26 0
62.27 0
62.28 0
62.29 0
62.3 0
62.31 0
62.32 0
62.33 0
62.34 0
62.35 0
62.36 0
62.37 0
62.38 0
62.39 0
62.4 0
62.41 0
62.42 0
62.43 0
62.44 0
62.45 0
62.46 0
62.47 0
62.48 0
62.49 0
62.5 0
62.51 0
62.52 0
62.53 0
62.54 0
62.55 0
62.56 0
62.57 0
62.58 0
62.59 0
62.6 0
62.61 0
62.62 0
62.63 0
62.64 0
62.65 0
62.66 0
62.67 0
62.68 0
62.69 0
62.7 0
62.71 0
62.72 0
62.73 0
62.74 0
62.75 0
62.76 0
62.77 0
62.78 0
62.79 0
62.8 0
62.81 0
62.82 0
62.83 0
62.84 0
62.85 0
62.86 0
62.87 0
62.88 0
62.89 0
62.9 0
62.91 0
62.92 0
62.93 0
62.94 0
62.95 0
62.96 0
62.97 0
62.98 0
62.99 0
