0 0
0.01 0
0.02 0
0.03 0
0.04 0
0.05 0
0.06 0
0.07 0
0.08 0
0.09 0
0.1 0
0.11 0
0.12 0
0.13 0
0.14 0
0.15 0
0.16 0
0.17 0
0.18 0
0.19 0
0.2 0
0.21 0
0.22 0
0.23 0
0.24 5
0.25 45
0.26 84
0.27 55
0.28 32
0.29 32
0.3 32
0.31 32
0.32 27
0.33 0
0.34 0
0.35 0
0.36 9
0.37 8
0.38 3
0.39 2
0.4 0
0.41 0
0.42 0
0.43 0
0.44 0
0.45 0
0.46 0
0.47 0
0.48 0
0.49 0
0.5 0
0.51 0
0.52 0
0.53 0
0.54 0
0.55 0
0.56 0
0.57 0
0.58 0
0.59 0
0.6 0
0.61 0
0.62 0
0.63 0
0.64 0
0.65 0
0.66 0
0.67 0
0.68 0
0.69 0
0.7 0
0.71 0
0.72 0
0.73 0
0.74 0
0.75 0
0.76 0
0.77 0
0.78 0
0.79 0
0.8 0
0.81 0
0.82 0
0.83 0
0.84 0
0.85 0
0.86 0
0.87 0
0.88 0
0.89 0
0.9 0
0.91 0
0.92 0
0.93 0
0.94 0
0.95 0
0.96 0
0.97 0
0.98 0
0.99 0
1 0
1.01 0
1.02 0
1.03 0
1.04 0
1.05 0
1.06 0
1.07 0
1.08 0
1.09 0
1.1 0
1.11 0
1.12 0
1.13 0
1.14 0
1.15 0
1.16 0
1.17 0
1.18 0
1.19 0
1.2 0
1.21 0
1.22 0
1.23 0
1.24 0
1.25 0
1.26 0
1.27 0
1.28 0
1.29 0
1.3 0
1.31 0
1.32 0
1.33 0
1.34 0
1.35 0
1.36 0
1.37 0
1.38 0
1.39 0
1.4 0
1.41 0
1.42 0
1.43 0
1.44 0
1.45 0
1.46 0
1.47 0
1.48 0
1.49 0
1.5 0
1.51 0
1.52 0
1.53 0
1.54 0
1.55 0
1.56 0
1.57 0
1.58 0
1.59 0
1.6 0
1.61 0
1.62 0
1.63 0
1.64 0
1.65 0
1.66 0
1.67 0
1.68 0
1.69 0
1.7 0
1.71 0
1.72 0
1.73 0
1.74 1
1.75 2
1.76 3
1.77 5
1.78 6
1.79 7
1.8 7
1.81 9
1.82 11
1.83 11
1.84 13
1.85 14
1.86 15
1.87 15
1.88 16
1.89 18
1.9 18
1.91 19
1.92 20
1.93 21
1.94 22
1.95 24
1.96 24
1.97 18
1.98 19
1.99 19
2 18
2.01 7
2.02 1
2.03 0
2.04 0
2.05 0
2.06 0
2.07 0
2.08 0
2.09 0
2.1 0
2.11 0
2.12 0
2.13 0
2.14 0
2.15 0
2.16 0
2.17 0
2.18 0
2.19 0
2.2 0
2.21 0
2.22 0
2.23 0
2.24 0
2.25 0
2.26 0
2.27 0
2.28 0
2.29 0
2.3 0
2.31 0
2.32 0
2.33 0
2.34 0
2.35 0
2.36 0
2.37 0
2.38 0
2.39 0
2.4 0
2.41 0
2.42 0
2.43 0
2.44 0
2.45 2
2.46 3
2.47 3
2.48 6
2.49 6
2.5 7
2.51 8
2.52 9
2.53 11
2.54 11
2.55 13
2.56 14
2.57 15
2.58 16
2.59 17
2.6 18
2.61 19
2.62 19
2.63 20
2.64 22
2.65 23
2.66 23
2.67 24
2.68 19
2.69 18
2.7 19
2.71 18
2.72 12
2.73 0
2.74 0
2.75 0
2.76 0
2.77 0
2.78 0
2.79 0
2.8 0
2.81 0
2.82 0
2.83 0
2.84 0
2.85 0
2.86 0
2.87 0
2.88 0
2.89 0
2.9 0
2.91 0
2.92 0
2.93 0
2.94 0
2.95 0
2.96 0
2.97 0
2.98 0
2.99 0
3 0
3.01 0
3.02 1
3.03 2
3.04 3
3.05 5
3.06 6
3.07 7
3.08 8
3.09 9
3.1 11
3.11 11
3.12 13
3.13 14
3.14 15
3.15 15
3.16 16
3.17 17
3.18 19
3.19 19
3.2 20
3.21 22
3.22 23
3.23 23
3.24 25
3.25 18
3.26 18
3.27 18
3.28 19
3.29 7
3.3 0
3.31 0
3.32 0
3.33 0
3.34 0
3.35 0
3.36 0
3.37 0
3.38 0
3.39 0
3.4 0
3.41 0
3.42 0
3.43 0
3.44 0
3.45 0
3.46 0
3.47 0
3.48 0
3.49 0
3.5 0
3.51 0
3.52 0
3.53 0
3.54 0
3.55 0
3.56 0
3.57 0
3.58 0
3.59 0
3.6 0
3.61 0
3.62 0
3.63 1
3.64 3
3.65 4
3.66 5
3.67 6
3.68 7
3.69 8
3.7 10
3.71 10
3.72 12
3.73 13
3.74 14
3.75 15
3.76 16
3.77 17
3.78 18
3.79 19
3.8 20
3.81 22
3.82 22
3.83 24
3.84 25
3.85 18
3.86 19
3.87 19
3.88 19
3.89 18
3.9 16
3.91 0
3.92 0
3.93 0
3.94 0
3.95 0
3.96 0
3.97 0
3.98 0
3.99 0
4 0
4.01 0
4.02 0
4.03 0
4.04 0
4.05 0
4.06 0
4.07 0
4.08 0
4.09 0
4.1 0
4.11 0
4.12 0
4.13 0
4.14 0
4.15 0
4.16 0
4.17 0
4.18 0
4.19 0
4.2 0
4.21 0
4.22 0
4.23 0
4.24 0
4.25 0
4.26 0
4.27 0
4.28 0
4.29 0
4.3 0
4.31 0
4.32 0
4.33 0
4.34 0
4.35 2
4.36 3
4.37 3
4.38 5
4.39 6
4.4 7
4.41 9
4.42 11
4.43 11
4.44 11
4.45 13
4.46 14
4.47 14
4.48 15
4.49 17
4.5 18
4.51 18
4.52 20
4.53 21
4.54 22
4.55 22
4.56 24
4.57 25
4.58 18
4.59 18
4.6 18
4.61 18
4.62 4
4.63 4
4.64 0
4.65 0
4.66 0
4.67 0
4.68 0
4.69 0
4.7 0
4.71 0
4.72 0
4.73 0
4.74 0
4.75 0
4.76 0
4.77 0
4.78 0
4.79 0
4.8 0
4.81 0
4.82 0
4.83 0
4.84 0
4.85 0
4.86 0
4.87 0
4.88 0
4.89 0
4.9 1
4.91 2
4.92 2
4.93 3
4.94 5
4.95 6
4.96 7
4.97 8
4.98 9
4.99 10
5 11
5.01 12
5.02 13
5.03 15
5.04 16
5.05 17
5.06 17
5.07 19
5.08 20
5.09 21
5.1 22
5.11 23
5.12 24
5.13 25
5.14 18
5.15 18
5.16 18
5.17 19
5.18 9
5.19 6
5.2 0
5.21 0
5.22 0
5.23 0
5.24 0
5.25 0
5.26 0
5.27 0
5.28 0
5.29 0
5.3 0
5.31 0
5.32 0
5.33 0
5.34 0
5.35 0
5.36 0
5.37 0
5.38 0
5.39 0
5.4 0
5.41 0
5.42 0
5.43 0
5.44 0
5.45 0
5.46 0
5.47 0
5.48 0
5.49 0
5.5 0
5.51 0
5.52 0
5.53 0
5.54 0
5.55 0
5.56 0
5.57 0
5.58 0
5.59 0
5.6 0
5.61 0
5.62 0
5.63 0
5.64 0
5.65 0
5.66 0
5.67 1
5.68 2
5.69 3
5.7 4
5.71 5
5.72 5
5.73 7
5.74 7
5.75 8
5.76 9
5.77 10
5.78 11
5.79 11
5.8 13
5.81 13
5.82 14
5.83 15
5.84 16
5.85 16
5.86 16
5.87 18
5.88 19
5.89 19
5.9 19
5.91 20
5.92 21
5.93 22
5.94 17
5.95 18
5.96 17
5.97 17
5.98 9
5.99 8
6 0
6.01 0
6.02 0
6.03 0
6.04 0
6.05 0
6.06 0
6.07 0
6.08 0
6.09 0
6.1 0
6.11 0
6.12 0
6.13 0
6.14 0
6.15 0
6.16 0
6.17 0
6.18 0
6.19 0
6.2 0
6.21 0
6.22 0
6.23 0
6.24 0
6.25 0
6.26 0
6.27 0
6.28 0
6.29 0
6.3 0
6.31 0
6.32 0
6.33 0
6.34 0
6.35 0
6.36 0
6.37 0
6.38 0
6.39 0
6.4 0
6.41 0
6.42 0
6.43 0
6.44 2
6.45 3
6.46 3
6.47 5
6.48 6
6.49 7
6.5 8
6.51 10
6.52 11
6.53 11
6.54 13
6.55 14
6.56 15
6.57 16
6.58 18
6.59 19
6.6 20
6.61 20
6.62 22
6.63 23
6.64 23
6.65 25
6.66 18
6.67 18
6.68 18
6.69 18
6.7 17
6.71 9
6.72 9
6.73 0
6.74 0
6.75 0
6.76 0
6.77 0
6.78 0
6.79 0
6.8 0
6.81 0
6.82 0
6.83 0
6.84 0
6.85 0
6.86 0
6.87 0
6.88 0
6.89 0
6.9 0
6.91 0
6.92 1
6.93 3
6.94 3
6.95 5
6.96 6
6.97 7
6.98 8
6.99 10
7 11
7.01 11
7.02 13
7.03 14
7.04 15
7.05 16
7.06 17
7.07 18
7.08 19
7.09 21
7.1 21
7.11 22
7.12 23
7.13 25
7.14 18
7.15 18
7.16 18
7.17 18
7.18 11
7.19 0
7.2 0
7.21 0
7.22 0
7.23 0
7.24 0
7.25 0
7.26 0
7.27 0
7.28 0
7.29 0
7.3 0
7.31 0
7.32 0
7.33 0
7.34 0
7.35 0
7.36 0
7.37 0
7.38 0
7.39 0
7.4 0
7.41 0
7.42 0
7.43 0
7.44 0
7.45 0
7.46 0
7.47 0
7.48 0
7.49 0
7.5 0
7.51 1
7.52 3
7.53 3
7.54 4
7.55 5
7.56 6
7.57 8
7.58 9
7.59 10
7.6 11
7.61 12
7.62 13
7.63 14
7.64 15
7.65 16
7.66 18
7.67 19
7.68 19
7.69 21
7.7 22
7.71 23
7.72 24
7.73 25
7.74 18
7.75 18
7.76 19
7.77 18
7.78 13
7.79 11
7.8 7
7.81 0
7.82 0
7.83 0
7.84 0
7.85 0
7.86 0
7.87 0
7.88 0
7.89 0
7.9 0
7.91 0
7.92 0
7.93 0
7.94 0
7.95 0
7.96 0
7.97 0
7.98 0
7.99 0
8 0
8.01 0
8.02 0
8.03 0
8.04 0
8.05 0
8.06 0
8.07 0
8.08 0
8.09 0
8.1 0
8.11 0
8.12 0
8.13 1
8.14 2
8.15 4
8.16 5
8.17 6
8.18 7
8.19 8
8.2 10
8.21 11
8.22 12
8.23 13
8.24 14
8.25 15
8.26 16
8.27 17
8.28 18
8.29 19
8.3 20
8.31 22
8.32 22
8.33 23
8.34 23
8.35 19
8.36 18
8.37 18
8.38 19
8.39 12
8.4 0
8.41 0
8.42 0
8.43 0
8.44 0
8.45 0
8.46 0
8.47 0
8.48 0
8.49 0
8.5 0
8.51 0
8.52 0
8.53 0
8.54 0
8.55 0
8.56 0
8.57 0
8.58 0
8.59 0
8.6 0
8.61 0
8.62 0
8.63 0
8.64 0
8.65 0
8.66 0
8.67 0
8.68 0
8.69 0
8.7 0
8.71 0
8.72 0
8.73 1
8.74 2
8.75 3
8.76 5
8.77 6
8.78 7
8.79 9
8.8 10
8.81 10
8.82 11
8.83 13
8.84 14
8.85 15
8.86 15
8.87 17
8.88 18
8.89 19
8.9 21
8.91 22
8.92 22
8.93 23
8.94 25
8.95 18
8.96 18
8.97 18
8.98 18
8.99 16
9 17
9.01 10
9.02 0
9.03 0
9.04 0
9.05 0
9.06 0
9.07 0
9.08 0
9.09 0
9.1 0
9.11 0
9.12 0
9.13 0
9.14 0
9.15 0
9.16 0
9.17 0
9.18 0
9.19 0
9.2 1
9.21 3
9.22 3
9.23 4
9.24 6
9.25 7
9.26 8
9.27 10
9.28 11
9.29 11
9.3 13
9.31 14
9.32 16
9.33 16
9.34 17
9.35 19
9.36 19
9.37 20
9.38 22
9.39 23
9.4 23
9.41 24
9.42 18
9.43 19
9.44 18
9.45 18
9.46 18
9.47 14
9.48 14
9.49 6
9.5 0
9.51 0
9.52 0
9.53 0
9.54 0
9.55 0
9.56 0
9.57 0
9.58 0
9.59 0
9.6 0
9.61 0
9.62 0
9.63 0
9.64 0
9.65 0
9.66 0
9.67 0
9.68 0
9.69 0
9.7 0
9.71 0
9.72 0
9.73 0
9.74 0
9.75 0
9.76 0
9.77 0
9.78 0
9.79 0
9.8 0
9.81 0
9.82 1
9.83 1
9.84 3
9.85 4
9.86 5
9.87 6
9.88 7
9.89 9
9.9 10
9.91 10
9.92 12
9.93 13
9.94 13
9.95 13
9.96 16
9.97 16
9.98 17
9.99 18
10 20
10.01 20
10.02 21
10.03 22
10.04 24
10.05 24
10.06 18
10.07 18
10.08 18
10.09 18
10.1 7
10.11 0
10.12 0
10.13 0
10.14 0
10.15 0
10.16 0
10.17 0
10.18 0
10.19 0
10.2 0
10.21 0
10.22 0
10.23 0
10.24 0
10.25 0
10.26 0
10.27 0
10.28 0
10.29 0
10.3 0
10.31 0
10.32 0
10.33 0
10.34 0
10.35 0
10.36 0
10.37 0
10.38 0
10.39 0
10.4 0
10.41 0
10.42 0
10.43 0
10.44 0
10.45 0
10.46 0
10.47 0
10.48 0
10.49 0
10.5 0
10.51 0
10.52 0
10.53 0
10.54 0
10.55 0
10.56 0
10.57 0
10.58 0
10.59 0
10.6 0
10.61 1
10.62 2
10.63 3
10.64 3
10.65 5
10.66 6
10.67 6
10.68 7
10.69 8
10.7 9
10.71 9
10.72 11
10.73 12
10.74 13
10.75 12
10.76 14
10.77 15
10.78 15
10.79 16
10.8 16
10.81 18
10.82 18
10.83 19
10.84 20
10.85 21
10.86 21
10.87 22
10.88 19
10.89 18
10.9 18
10.91 18
10.92 14
10.93 0
10.94 0
10.95 0
10.96 0
10.97 0
10.98 0
10.99 0
11 0
11.01 0
11.02 0
11.03 0
11.04 0
11.05 0
11.06 0
11.07 0
11.08 0
11.09 0
11.1 0
11.11 0
11.12 0
11.13 0
11.14 0
11.15 0
11.16 0
11.17 0
11.18 0
11.19 0
11.2 0
11.21 0
11.22 0
11.23 1
11.24 2
11.25 4
11.26 5
11.27 6
11.28 7
11.29 8
11.3 9
11.31 10
11.32 11
11.33 12
11.34 13
11.35 14
11.36 15
11.37 16
11.38 18
11.39 19
11.4 19
11.41 20
11.42 22
11.43 23
11.44 23
11.45 24
11.46 18
11.47 18
11.48 18
11.49 18
11.5 16
11.51 9
11.52 0
11.53 0
11.54 0
11.55 0
11.56 0
11.57 0
11.58 0
11.59 0
11.6 0
11.61 0
11.62 0
11.63 0
11.64 0
11.65 0
11.66 0
11.67 0
11.68 0
11.69 0
11.7 0
11.71 0
11.72 0
11.73 0
11.74 0
11.75 0
11.76 0
11.77 0
11.78 0
11.79 0
11.8 0
11.81 0
11.82 0
11.83 0
11.84 0
11.85 0
11.86 0
11.87 0
11.88 0
11.89 0
11.9 1
11.91 2
11.92 3
11.93 3
11.94 4
11.95 6
11.96 7
11.97 8
11.98 10
11.99 11
12 12
12.01 13
12.02 14
12.03 15
12.04 16
12.05 18
12.06 19
12.07 19
12.08 20
12.09 21
12.1 23
12.11 23
12.12 23
12.13 18
12.14 18
12.15 18
12.16 19
12.17 11
12.18 0
12.19 0
12.2 0
12.21 0
12.22 0
12.23 0
12.24 0
12.25 0
12.26 0
12.27 0
12.28 0
12.29 0
12.3 0
12.31 0
12.32 0
12.33 0
12.34 0
12.35 0
12.36 0
12.37 0
12.38 0
12.39 0
12.4 0
12.41 0
12.42 0
12.43 0
12.44 0
12.45 0
12.46 0
12.47 0
12.48 0
12.49 2
12.5 2
12.51 3
12.52 4
12.53 5
12.54 7
12.55 8
12.56 9
12.57 10
12.58 11
12.59 13
12.6 13
12.61 15
12.62 15
12.63 17
12.64 17
12.65 19
12.66 20
12.67 21
12.68 22
12.69 23
12.7 24
12.71 25
12.72 18
12.73 18
12.74 18
12.75 18
12.76 6
12.77 0
12.78 0
12.79 0
12.8 0
12.81 0
12.82 0
12.83 0
12.84 0
12.85 0
12.86 0
12.87 0
12.88 0
12.89 0
12.9 0
12.91 0
12.92 0
12.93 0
12.94 0
12.95 0
12.96 0
12.97 0
12.98 0
12.99 0
13 0
13.01 0
13.02 0
13.03 0
13.04 0
13.05 0
13.06 0
13.07 0
13.08 0
13.09 0
13.1 0
13.11 0
13.12 0
13.13 0
13.14 1
13.15 2
13.16 4
13.17 5
13.18 6
13.19 7
13.2 8
13.21 9
13.22 10
13.23 12
13.24 13
13.25 14
13.26 14
13.27 17
13.28 17
13.29 18
13.3 19
13.31 20
13.32 21
13.33 22
13.34 24
13.35 24
13.36 21
13.37 18
13.38 19
13.39 18
13.4 14
13.41 6
13.42 0
13.43 0
13.44 0
13.45 0
13.46 0
13.47 0
13.48 0
13.49 0
13.5 0
13.51 0
13.52 0
13.53 0
13.54 0
13.55 0
13.56 0
13.57 0
13.58 0
13.59 0
13.6 0
13.61 0
13.62 0
13.63 0
13.64 0
13.65 0
13.66 0
13.67 0
13.68 0
13.69 0
13.7 0
13.71 0
13.72 0
13.73 0
13.74 2
13.75 3
13.76 3
13.77 5
13.78 6
13.79 7
13.8 8
13.81 10
13.82 11
13.83 11
13.84 13
13.85 14
13.86 15
13.87 16
13.88 18
13.89 18
13.9 19
13.91 20
13.92 22
13.93 23
13.94 23
13.95 25
13.96 18
13.97 19
13.98 18
13.99 19
14 18
14.01 17
14.02 16
14.03 0
14.04 0
14.05 0
14.06 0
14.07 0
14.08 0
14.09 0
14.1 0
14.11 0
14.12 0
14.13 0
14.14 0
14.15 0
14.16 0
14.17 0
14.18 0
14.19 0
14.2 0
14.21 0
14.22 0
14.23 0
14.24 0
14.25 0
14.26 0
14.27 0
14.28 0
14.29 0
14.3 0
14.31 0
14.32 0
14.33 0
14.34 1
14.35 2
14.36 3
14.37 4
14.38 6
14.39 6
14.4 7
14.41 9
14.42 10
14.43 11
14.44 12
14.45 14
14.46 14
14.47 15
14.48 17
14.49 18
14.5 19
14.51 20
14.52 21
14.53 22
14.54 23
14.55 24
14.56 25
14.57 18
14.58 18
14.59 18
14.6 18
14.61 11
14.62 5
14.63 0
14.64 0
14.65 0
14.66 0
14.67 0
14.68 0
14.69 0
14.7 0
14.71 0
14.72 0
14.73 0
14.74 0
14.75 0
14.76 0
14.77 0
14.78 0
14.79 0
14.8 0
14.81 0
14.82 0
14.83 0
14.84 0
14.85 0
14.86 0
14.87 0
14.88 0
14.89 0
14.9 0
14.91 0
14.92 0
14.93 0
14.94 0
14.95 0
14.96 0
14.97 0
14.98 0
14.99 0
15 0
15.01 0
15.02 0
15.03 0
15.04 0
15.05 1
15.06 2
15.07 4
15.08 5
15.09 6
15.1 7
15.11 9
15.12 9
15.13 10
15.14 12
15.15 13
15.16 14
15.17 15
15.18 16
15.19 17
15.2 18
15.21 19
15.22 21
15.23 21
15.24 22
15.25 24
15.26 25
15.27 19
15.28 19
15.29 19
15.3 18
15.31 11
15.32 12
15.33 0
15.34 0
15.35 0
15.36 0
15.37 0
15.38 0
15.39 0
15.4 0
15.41 0
15.42 0
15.43 0
15.44 0
15.45 0
15.46 0
15.47 0
15.48 0
15.49 0
15.5 0
15.51 0
15.52 0
15.53 0
15.54 0
15.55 0
15.56 0
15.57 0
15.58 0
15.59 0
15.6 0
15.61 0
15.62 0
15.63 0
15.64 1
15.65 2
15.66 2
15.67 4
15.68 5
15.69 6
15.7 7
15.71 9
15.72 10
15.73 11
15.74 12
15.75 13
15.76 14
15.77 15
15.78 17
15.79 18
15.8 19
15.81 19
15.82 20
15.83 21
15.84 22
15.85 22
15.86 23
15.87 22
15.88 19
15.89 18
15.9 18
15.91 14
15.92 2
15.93 0
15.94 0
15.95 0
15.96 0
15.97 0
15.98 0
15.99 0
16 0
16.01 0
16.02 0
16.03 0
16.04 0
16.05 0
16.06 0
16.07 0
16.08 0
16.09 0
16.1 0
16.11 0
16.12 0
16.13 0
16.14 0
16.15 0
16.16 0
16.17 0
16.18 0
16.19 0
16.2 0
16.21 0
16.22 0
16.23 0
16.24 0
16.25 0
16.26 0
16.27 0
16.28 0
16.29 0
16.3 0
16.31 0
16.32 0
16.33 0
16.34 0
16.35 0
16.36 2
16.37 2
16.38 4
16.39 5
16.4 6
16.41 7
16.42 8
16.43 10
16.44 10
16.45 11
16.46 12
16.47 14
16.48 14
16.49 15
16.5 17
16.51 18
16.52 18
16.53 20
16.54 21
16.55 22
16.56 23
16.57 24
16.58 27
16.59 18
16.6 18
16.61 18
16.62 19
16.63 11
16.64 7
16.65 0
16.66 0
16.67 0
16.68 0
16.69 0
16.7 0
16.71 0
16.72 0
16.73 0
16.74 0
16.75 0
16.76 0
16.77 0
16.78 0
16.79 0
16.8 0
16.81 0
16.82 0
16.83 0
16.84 0
16.85 0
16.86 0
16.87 0
16.88 0
16.89 0
16.9 0
16.91 0
16.92 0
16.93 1
16.94 3
16.95 3
16.96 5
16.97 6
16.98 7
16.99 8
17 9
17.01 11
17.02 12
17.03 13
17.04 14
17.05 15
17.06 16
17.07 17
17.08 18
17.09 19
17.1 20
17.11 21
17.12 22
17.13 22
17.14 23
17.15 25
17.16 18
17.17 18
17.18 19
17.19 17
17.2 5
17.21 6
17.22 5
17.23 0
17.24 0
17.25 0
17.26 0
17.27 0
17.28 0
17.29 0
17.3 0
17.31 0
17.32 0
17.33 0
17.34 0
17.35 0
17.36 0
17.37 0
17.38 0
17.39 0
17.4 0
17.41 0
17.42 0
17.43 0
17.44 0
17.45 0
17.46 0
17.47 0
17.48 0
17.49 0
17.5 0
17.51 0
17.52 0
17.53 0
17.54 1
17.55 3
17.56 3
17.57 5
17.58 6
17.59 7
17.6 8
17.61 9
17.62 11
17.63 11
17.64 13
17.65 13
17.66 14
17.67 14
17.68 17
17.69 18
17.7 18
17.71 18
17.72 19
17.73 20
17.74 22
17.75 23
17.76 23
17.77 20
17.78 19
17.79 18
17.8 18
17.81 19
17.82 7
17.83 0
17.84 0
17.85 0
17.86 0
17.87 0
17.88 0
17.89 0
17.9 0
17.91 0
17.92 0
17.93 0
17.94 0
17.95 0
17.96 0
17.97 0
17.98 0
17.99 0
18 0
18.01 0
18.02 0
18.03 0
18.04 0
18.05 0
18.06 0
18.07 0
18.08 0
18.09 0
18.1 0
18.11 0
18.12 0
18.13 0
18.14 0
18.15 0
18.16 0
18.17 0
18.18 0
18.19 0
18.2 0
18.21 0
18.22 0
18.23 0
18.24 0
18.25 2
18.26 3
18.27 3
18.28 5
18.29 6
18.3 7
18.31 8
18.32 10
18.33 12
18.34 12
18.35 13
18.36 14
18.37 15
18.38 16
18.39 18
18.4 19
18.41 19
18.42 21
18.43 22
18.44 23
18.45 23
18.46 24
18.47 18
18.48 18
18.49 18
18.5 18
18.51 18
18.52 11
18.53 0
18.54 0
18.55 0
18.56 0
18.57 0
18.58 0
18.59 0
18.6 0
18.61 0
18.62 0
18.63 0
18.64 0
18.65 0
18.66 0
18.67 0
18.68 0
18.69 0
18.7 0
18.71 0
18.72 0
18.73 0
18.74 0
18.75 0
18.76 0
18.77 0
18.78 0
18.79 0
18.8 0
18.81 0
18.82 0
18.83 0
18.84 0
18.85 0
18.86 0
18.87 0
18.88 0
18.89 0
18.9 0
18.91 0
18.92 0
18.93 0
18.94 0
18.95 1
18.96 2
18.97 3
18.98 5
18.99 6
19 7
19.01 8
19.02 10
19.03 11
19.04 11
19.05 13
19.06 14
19.07 15
19.08 16
19.09 17
19.1 18
19.11 20
19.12 20
19.13 22
19.14 23
19.15 23
19.16 24
19.17 19
19.18 19
19.19 18
19.2 18
19.21 15
19.22 0
19.23 0
19.24 0
19.25 0
19.26 0
19.27 0
19.28 0
19.29 0
19.3 0
19.31 0
19.32 0
19.33 0
19.34 0
19.35 0
19.36 0
19.37 0
19.38 0
19.39 0
19.4 0
19.41 0
19.42 0
19.43 0
19.44 0
19.45 0
19.46 0
19.47 0
19.48 0
19.49 0
19.5 0
19.51 0
19.52 0
19.53 0
19.54 0
19.55 0
19.56 0
19.57 0
19.58 0
19.59 0
19.6 0
19.61 0
19.62 0
19.63 0
19.64 1
19.65 3
19.66 3
19.67 5
19.68 6
19.69 7
19.7 8
19.71 9
19.72 10
19.73 11
19.74 12
19.75 13
19.76 15
19.77 15
19.78 17
19.79 18
19.8 19
19.81 20
19.82 21
19.83 22
19.84 23
19.85 24
19.86 24
19.87 19
19.88 18
19.89 19
19.9 18
19.91 10
19.92 2
19.93 0
19.94 0
19.95 0
19.96 0
19.97 0
19.98 0
19.99 0
20 0
20.01 0
20.02 0
20.03 0
20.04 0
20.05 0
20.06 0
20.07 0
20.08 0
20.09 0
20.1 0
20.11 0
20.12 0
20.13 0
20.14 0
20.15 0
20.16 0
20.17 0
20.18 0
20.19 0
20.2 0
20.21 0
20.22 1
20.23 2
20.24 3
20.25 3
20.26 4
20.27 5
20.28 7
20.29 8
20.3 9
20.31 10
20.32 11
20.33 12
20.34 13
20.35 15
20.36 16
20.37 17
20.38 18
20.39 19
20.4 20
20.41 21
20.42 22
20.43 23
20.44 24
20.45 25
20.46 18
20.47 18
20.48 18
20.49 18
20.5 9
20.51 6
20.52 0
20.53 0
20.54 0
20.55 0
20.56 0
20.57 0
20.58 0
20.59 0
20.6 0
20.61 0
20.62 0
20.63 0
20.64 0
20.65 0
20.66 0
20.67 0
20.68 0
20.69 0
20.7 0
20.71 0
20.72 0
20.73 0
20.74 0
20.75 0
20.76 0
20.77 0
20.78 0
20.79 0
20.8 0
20.81 0
20.82 0
20.83 0
20.84 0
20.85 0
20.86 0
20.87 0
20.88 0
20.89 0
20.9 0
20.91 0
20.92 0
20.93 0
20.94 1
20.95 2
20.96 4
20.97 5
20.98 6
20.99 7
21 8
21.01 10
21.02 10
21.03 12
21.04 13
21.05 14
21.06 15
21.07 16
21.08 17
21.09 18
21.1 20
21.11 20
21.12 22
21.13 22
21.14 24
21.15 24
21.16 18
21.17 18
21.18 19
21.19 19
21.2 12
21.21 12
21.22 0
21.23 0
21.24 0
21.25 0
21.26 0
21.27 0
21.28 0
21.29 0
21.3 0
21.31 0
21.32 0
21.33 0
21.34 0
21.35 0
21.36 0
21.37 0
21.38 0
21.39 0
21.4 0
21.41 0
21.42 0
21.43 0
21.44 0
21.45 0
21.46 0
21.47 0
21.48 0
21.49 0
21.5 0
21.51 0
21.52 0
21.53 1
21.54 2
21.55 3
21.56 5
21.57 6
21.58 7
21.59 8
21.6 10
21.61 11
21.62 11
21.63 12
21.64 14
21.65 14
21.66 15
21.67 15
21.68 16
21.69 19
21.7 19
21.71 20
21.72 21
21.73 23
21.74 23
21.75 24
21.76 19
21.77 18
21.78 18
21.79 18
21.8 10
21.81 1
21.82 0
21.83 0
21.84 0
21.85 0
21.86 0
21.87 0
21.88 0
21.89 0
21.9 0
21.91 0
21.92 0
21.93 0
21.94 0
21.95 0
21.96 0
21.97 0
21.98 0
21.99 0
22 0
22.01 0
22.02 0
22.03 0
22.04 0
22.05 0
22.06 0
22.07 0
22.08 0
22.09 0
22.1 0
22.11 0
22.12 0
22.13 0
22.14 0
22.15 0
22.16 0
22.17 0
22.18 0
22.19 0
22.2 0
22.21 0
22.22 0
22.23 0
22.24 0
22.25 2
22.26 3
22.27 4
22.28 5
22.29 6
22.3 7
22.31 8
22.32 9
22.33 11
22.34 12
22.35 13
22.36 14
22.37 15
22.38 16
22.39 17
22.4 19
22.41 20
22.42 21
22.43 21
22.44 23
22.45 24
22.46 24
22.47 19
22.48 18
22.49 18
22.5 19
22.51 8
22.52 0
22.53 0
22.54 0
22.55 0
22.56 0
22.57 0
22.58 0
22.59 0
22.6 0
22.61 0
22.62 0
22.63 0
22.64 0
22.65 0
22.66 0
22.67 0
22.68 0
22.69 0
22.7 0
22.71 0
22.72 0
22.73 0
22.74 0
22.75 0
22.76 0
22.77 0
22.78 0
22.79 0
22.8 0
22.81 0
22.82 0
22.83 0
22.84 0
22.85 0
22.86 0
22.87 0
22.88 0
22.89 0
22.9 0
22.91 0
22.92 0
22.93 0
22.94 0
22.95 2
22.96 3
22.97 3
22.98 4
22.99 6
23 7
23.01 8
23.02 9
23.03 10
23.04 11
23.05 12
23.06 13
23.07 15
23.08 15
23.09 16
23.1 18
23.11 19
23.12 19
23.13 20
23.14 22
23.15 23
23.16 23
23.17 25
23.18 18
23.19 18
23.2 19
23.21 19
23.22 7
23.23 0
23.24 0
23.25 0
23.26 0
23.27 0
23.28 0
23.29 0
23.3 0
23.31 0
23.32 0
23.33 0
23.34 0
23.35 0
23.36 0
23.37 0
23.38 0
23.39 0
23.4 0
23.41 0
23.42 0
23.43 0
23.44 0
23.45 0
23.46 0
23.47 0
23.48 0
23.49 0
23.5 0
23.51 0
23.52 0
23.53 0
23.54 0
23.55 0
23.56 0
23.57 0
23.58 0
23.59 0
23.6 0
23.61 0
23.62 0
23.63 0
23.64 0
23.65 0
23.66 1
23.67 1
23.68 2
23.69 3
23.7 5
23.71 5
23.72 7
23.73 9
23.74 9
23.75 10
23.76 12
23.77 13
23.78 13
23.79 15
23.8 17
23.81 17
23.82 18
23.83 19
23.84 21
23.85 21
23.86 22
23.87 23
23.88 25
23.89 18
23.9 18
23.91 19
23.92 18
23.93 11
23.94 0
23.95 0
23.96 0
23.97 0
23.98 0
23.99 0
24 0
24.01 0
24.02 0
24.03 0
24.04 0
24.05 0
24.06 0
24.07 0
24.08 0
24.09 0
24.1 0
24.11 0
24.12 0
24.13 0
24.14 0
24.15 0
24.16 0
24.17 0
24.18 0
24.19 0
24.2 0
24.21 0
24.22 0
24.23 0
24.24 0
24.25 0
24.26 1
24.27 2
24.28 4
24.29 5
24.3 6
24.31 7
24.32 8
24.33 9
24.34 11
24.35 12
24.36 13
24.37 13
24.38 14
24.39 16
24.4 17
24.41 17
24.42 18
24.43 20
24.44 20
24.45 21
24.46 22
24.47 23
24.48 24
24.49 18
24.5 18
24.51 18
24.52 18
24.53 4
24.54 0
24.55 0
24.56 0
24.57 0
24.58 0
24.59 0
24.6 0
24.61 0
24.62 0
24.63 0
24.64 0
24.65 0
24.66 0
24.67 0
24.68 0
24.69 0
24.7 0
24.71 0
24.72 0
24.73 0
24.74 0
24.75 0
24.76 0
24.77 0
24.78 0
24.79 0
24.8 0
24.81 0
24.82 0
24.83 0
24.84 0
24.85 0
24.86 0
24.87 0
24.88 0
24.89 0
24.9 0
24.91 0
24.92 0
24.93 0
24.94 0
24.95 0
24.96 2
24.97 2
24.98 3
24.99 5
25 6
25.01 6
25.02 6
25.03 9
25.04 10
25.05 10
25.06 12
25.07 14
25.08 14
25.09 14
25.1 17
25.11 18
25.12 18
25.13 19
25.14 21
25.15 22
25.16 22
25.17 24
25.18 25
25.19 18
25.2 18
25.21 18
25.22 19
25.23 18
25.24 18
25.25 13
25.26 0
25.27 0
25.28 0
25.29 0
25.3 0
25.31 0
25.32 0
25.33 0
25.34 0
25.35 0
25.36 0
25.37 0
25.38 0
25.39 0
25.4 0
25.41 0
25.42 0
25.43 0
25.44 0
25.45 0
25.46 0
25.47 0
25.48 0
25.49 0
25.5 0
25.51 0
25.52 0
25.53 0
25.54 0
25.55 0
25.56 0
25.57 0
25.58 0
25.59 0
25.6 0
25.61 0
25.62 0
25.63 0
25.64 1
25.65 2
25.66 3
25.67 5
25.68 6
25.69 7
25.7 7
25.71 8
25.72 9
25.73 12
25.74 12
25.75 13
25.76 14
25.77 15
25.78 15
25.79 17
25.8 19
25.81 19
25.82 19
25.83 21
25.84 23
25.85 23
25.86 23
25.87 18
25.88 18
25.89 18
25.9 18
25.91 12
25.92 1
25.93 1
25.94 0
25.95 0
25.96 0
25.97 0
25.98 0
25.99 0
26 0
26.01 0
26.02 0
26.03 0
26.04 0
26.05 0
26.06 0
26.07 0
26.08 0
26.09 0
26.1 0
26.11 0
26.12 0
26.13 0
26.14 0
26.15 0
26.16 0
26.17 1
26.18 2
26.19 4
26.2 5
26.21 5
26.22 7
26.23 8
26.24 9
26.25 10
26.26 12
26.27 13
26.28 13
26.29 14
26.3 15
26.31 16
26.32 18
26.33 18
26.34 18
26.35 20
26.36 22
26.37 22
26.38 22
26.39 24
26.4 18
26.41 18
26.42 18
26.43 18
26.44 9
26.45 9
26.46 10
26.47 0
26.48 0
26.49 0
26.5 0
26.51 0
26.52 0
26.53 0
26.54 0
26.55 0
26.56 0
26.57 0
26.58 0
26.59 0
26.6 0
26.61 0
26.62 0
26.63 0
26.64 0
26.65 0
26.66 0
26.67 0
26.68 0
26.69 0
26.7 0
26.71 0
26.72 0
26.73 0
26.74 0
26.75 0
26.76 0
26.77 0
26.78 0
26.79 0
26.8 0
26.81 1
26.82 2
26.83 3
26.84 5
26.85 6
26.86 7
26.87 8
26.88 9
26.89 10
26.9 11
26.91 13
26.92 14
26.93 15
26.94 16
26.95 17
26.96 18
26.97 19
26.98 20
26.99 21
27 22
27.01 23
27.02 23
27.03 23
27.04 19
27.05 18
27.06 18
27.07 18
27.08 16
27.09 1
27.1 0
27.11 0
27.12 0
27.13 0
27.14 0
27.15 0
27.16 0
27.17 0
27.18 0
27.19 0
27.2 0
27.21 0
27.22 0
27.23 0
27.24 0
27.25 0
27.26 0
27.27 0
27.28 0
27.29 0
27.3 0
27.31 0
27.32 0
27.33 0
27.34 0
27.35 0
27.36 0
27.37 0
27.38 0
27.39 0
27.4 0
27.41 0
27.42 0
27.43 0
27.44 0
27.45 0
27.46 0
27.47 0
27.48 0
27.49 0
27.5 0
27.51 0
27.52 1
27.53 3
27.54 4
27.55 5
27.56 7
27.57 8
27.58 9
27.59 10
27.6 11
27.61 12
27.62 13
27.63 15
27.64 16
27.65 17
27.66 17
27.67 19
27.68 20
27.69 21
27.7 21
27.71 22
27.72 23
27.73 25
27.74 18
27.75 18
27.76 18
27.77 18
27.78 19
27.79 2
27.8 0
27.81 0
27.82 0
27.83 0
27.84 0
27.85 0
27.86 0
27.87 0
27.88 0
27.89 0
27.9 0
27.91 0
27.92 0
27.93 0
27.94 0
27.95 0
27.96 0
27.97 0
27.98 0
27.99 0
28 0
28.01 0
28.02 0
28.03 0
28.04 0
28.05 0
28.06 0
28.07 0
28.08 0
28.09 0
28.1 0
28.11 0
28.12 0
28.13 0
28.14 0
28.15 0
28.16 0
28.17 0
28.18 0
28.19 0
28.2 0
28.21 0
28.22 0
28.23 1
28.24 2
28.25 3
28.26 6
28.27 6
28.28 7
28.29 9
28.3 9
28.31 11
28.32 12
28.33 13
28.34 14
28.35 15
28.36 17
28.37 17
28.38 18
28.39 19
28.4 20
28.41 22
28.42 23
28.43 23
28.44 24
28.45 19
28.46 19
28.47 18
28.48 18
28.49 10
28.5 9
28.51 0
28.52 0
28.53 0
28.54 0
28.55 0
28.56 0
28.57 0
28.58 0
28.59 0
28.6 0
28.61 0
28.62 0
28.63 0
28.64 0
28.65 0
28.66 0
28.67 0
28.68 0
28.69 0
28.7 0
28.71 0
28.72 0
28.73 0
28.74 0
28.75 0
28.76 0
28.77 0
28.78 0
28.79 0
28.8 0
28.81 0
28.82 0
28.83 0
28.84 1
28.85 3
28.86 4
28.87 5
28.88 6
28.89 7
28.9 9
28.91 10
28.92 11
28.93 12
28.94 13
28.95 14
28.96 15
28.97 16
28.98 17
28.99 19
29 20
29.01 21
29.02 22
29.03 23
29.04 24
29.05 25
29.06 18
29.07 18
29.08 18
29.09 18
29.1 4
29.11 0
29.12 0
29.13 0
29.14 0
29.15 0
29.16 0
29.17 0
29.18 0
29.19 0
29.2 0
29.21 0
29.22 0
29.23 0
29.24 0
29.25 0
29.26 0
29.27 0
29.28 0
29.29 0
29.3 0
29.31 0
29.32 0
29.33 0
29.34 0
29.35 0
29.36 0
29.37 0
29.38 0
29.39 0
29.4 0
29.41 0
29.42 0
29.43 0
29.44 2
29.45 2
29.46 3
29.47 5
29.48 5
29.49 6
29.5 7
29.51 8
29.52 8
29.53 11
29.54 12
29.55 12
29.56 14
29.57 15
29.58 16
29.59 16
29.6 19
29.61 19
29.62 20
29.63 20
29.64 22
29.65 22
29.66 24
29.67 24
29.68 18
29.69 19
29.7 18
29.71 19
29.72 7
29.73 8
29.74 0
29.75 0
29.76 0
29.77 0
29.78 0
29.79 0
29.8 0
29.81 0
29.82 0
29.83 0
29.84 0
29.85 0
29.86 0
29.87 0
29.88 0
29.89 0
29.9 0
29.91 0
29.92 0
29.93 0
29.94 0
29.95 0
29.96 0
29.97 0
29.98 0
29.99 0
30 0
30.01 0
30.02 0
30.03 0
30.04 0
30.05 0
30.06 0
30.07 0
30.08 0
30.09 0
30.1 0
30.11 0
30.12 0
30.13 0
30.14 0
30.15 1
30.16 1
30.17 1
30.18 3
30.19 4
30.2 5
30.21 6
30.22 8
30.23 9
30.24 9
30.25 11
30.26 12
30.27 13
30.28 14
30.29 16
30.3 17
30.31 17
30.32 19
30.33 20
30.34 21
30.35 21
30.36 22
30.37 23
30.38 24
30.39 18
30.4 19
30.41 18
30.42 18
30.43 7
30.44 0
30.45 0
30.46 0
30.47 0
30.48 0
30.49 0
30.5 0
30.51 0
30.52 0
30.53 0
30.54 0
30.55 0
30.56 0
30.57 0
30.58 0
30.59 0
30.6 0
30.61 0
30.62 0
30.63 0
30.64 0
30.65 0
30.66 0
30.67 0
30.68 0
30.69 0
30.7 0
30.71 0
30.72 0
30.73 0
30.74 0
30.75 0
30.76 0
30.77 1
30.78 2
30.79 5
30.8 5
30.81 6
30.82 6
30.83 9
30.84 9
30.85 10
30.86 11
30.87 13
30.88 14
30.89 14
30.9 16
30.91 17
30.92 17
30.93 18
30.94 20
30.95 21
30.96 21
30.97 22
30.98 25
30.99 25
31 18
31.01 18
31.02 18
31.03 18
31.04 18
31.05 4
31.06 0
31.07 0
31.08 0
31.09 0
31.1 0
31.11 0
31.12 0
31.13 0
31.14 0
31.15 0
31.16 0
31.17 0
31.18 0
31.19 0
31.2 0
31.21 0
31.22 0
31.23 0
31.24 0
31.25 0
31.26 0
31.27 0
31.28 0
31.29 0
31.3 0
31.31 0
31.32 0
31.33 0
31.34 0
31.35 0
31.36 1
31.37 2
31.38 3
31.39 5
31.4 5
31.41 7
31.42 8
31.43 9
31.44 10
31.45 11
31.46 13
31.47 13
31.48 15
31.49 16
31.5 17
31.51 18
31.52 18
31.53 19
31.54 21
31.55 22
31.56 22
31.57 23
31.58 25
31.59 18
31.6 18
31.61 19
31.62 18
31.63 7
31.64 7
31.65 9
31.66 0
31.67 0
31.68 0
31.69 0
31.7 0
31.71 0
31.72 0
31.73 0
31.74 0
31.75 0
31.76 0
31.77 0
31.78 0
31.79 0
31.8 0
31.81 0
31.82 0
31.83 0
31.84 0
31.85 0
31.86 0
31.87 0
31.88 0
31.89 0
31.9 0
31.91 0
31.92 0
31.93 0
31.94 0
31.95 0
31.96 0
31.97 0
31.98 0
31.99 0
32 0
32.01 0
32.02 0
32.03 0
32.04 0
32.05 0
32.06 0
32.07 0
32.08 1
32.09 4
32.1 4
32.11 5
32.12 7
32.13 8
32.14 8
32.15 9
32.16 12
32.17 12
32.18 13
32.19 14
32.2 16
32.21 16
32.22 17
32.23 18
32.24 19
32.25 19
32.26 21
32.27 22
32.28 23
32.29 23
32.3 19
32.31 19
32.32 19
32.33 18
32.34 15
32.35 9
32.36 0
32.37 0
32.38 0
32.39 0
32.4 0
32.41 0
32.42 0
32.43 0
32.44 0
32.45 0
32.46 0
32.47 0
32.48 0
32.49 0
32.5 0
32.51 0
32.52 0
32.53 0
32.54 0
32.55 0
32.56 0
32.57 0
32.58 0
32.59 0
32.6 0
32.61 0
32.62 0
32.63 0
32.64 0
32.65 0
32.66 0
32.67 0
32.68 0
32.69 0
32.7 0
32.71 0
32.72 0
32.73 0
32.74 0
32.75 0
32.76 0
32.77 0
32.78 1
32.79 2
32.8 4
32.81 5
32.82 5
32.83 8
32.84 9
32.85 9
32.86 10
32.87 12
32.88 13
32.89 13
32.9 15
32.91 15
32.92 17
32.93 17
32.94 18
32.95 19
32.96 21
32.97 21
32.98 22
32.99 23
33 25
33.01 18
33.02 18
33.03 19
33.04 18
33.05 11
33.06 6
33.07 0
33.08 0
33.09 0
33.1 0
33.11 0
33.12 0
33.13 0
33.14 0
33.15 0
33.16 0
33.17 0
33.18 0
33.19 0
33.2 0
33.21 0
33.22 0
33.23 0
33.24 0
33.25 0
33.26 0
33.27 0
33.28 0
33.29 0
33.3 0
33.31 0
33.32 0
33.33 0
33.34 0
33.35 0
33.36 0
33.37 0
33.38 0
33.39 0
33.4 0
33.41 0
33.42 0
33.43 0
33.44 0
33.45 0
33.46 0
33.47 0
33.48 0
33.49 2
33.5 3
33.51 4
33.52 4
33.53 6
33.54 7
33.55 8
33.56 9
33.57 10
33.58 11
33.59 12
33.6 14
33.61 15
33.62 16
33.63 17
33.64 18
33.65 19
33.66 20
33.67 21
33.68 22
33.69 23
33.7 23
33.71 24
33.72 19
33.73 18
33.74 18
33.75 18
33.76 11
33.77 0
33.78 0
33.79 0
33.8 0
33.81 0
33.82 0
33.83 0
33.84 0
33.85 0
33.86 0
33.87 0
33.88 0
33.89 0
33.9 0
33.91 0
33.92 0
33.93 0
33.94 0
33.95 0
33.96 0
33.97 0
33.98 0
33.99 0
34 0
34.01 0
34.02 0
34.03 0
34.04 0
34.05 0
34.06 0
34.07 0
34.08 0
34.09 1
34.1 3
34.11 3
34.12 5
34.13 7
34.14 7
34.15 7
34.16 8
34.17 10
34.18 11
34.19 12
34.2 14
34.21 15
34.22 15
34.23 15
34.24 17
34.25 18
34.26 19
34.27 19
34.28 21
34.29 23
34.3 23
34.31 24
34.32 19
34.33 18
34.34 18
34.35 19
34.36 12
34.37 5
34.38 0
34.39 0
34.4 0
34.41 0
34.42 0
34.43 0
34.44 0
34.45 0
34.46 0
34.47 0
34.48 0
34.49 0
34.5 0
34.51 0
34.52 0
34.53 0
34.54 0
34.55 0
34.56 0
34.57 0
34.58 0
34.59 0
34.6 0
34.61 0
34.62 0
34.63 0
34.64 1
34.65 2
34.66 4
34.67 5
34.68 6
34.69 7
34.7 8
34.71 9
34.72 11
34.73 12
34.74 13
34.75 13
34.76 14
34.77 15
34.78 17
34.79 17
34.8 18
34.81 19
34.82 21
34.83 22
34.84 23
34.85 23
34.86 25
34.87 18
34.88 18
34.89 18
34.9 19
34.91 12
34.92 8
34.93 0
34.94 0
34.95 0
34.96 0
34.97 0
34.98 0
34.99 0
35 0
35.01 0
35.02 0
35.03 0
35.04 0
35.05 0
35.06 0
35.07 0
35.08 0
35.09 0
35.1 0
35.11 0
35.12 0
35.13 0
35.14 0
35.15 0
35.16 0
35.17 0
35.18 0
35.19 0
35.2 0
35.21 0
35.22 0
35.23 0
35.24 0
35.25 0
35.26 0
35.27 1
35.28 2
35.29 3
35.3 4
35.31 6
35.32 7
35.33 8
35.34 9
35.35 10
35.36 12
35.37 12
35.38 14
35.39 15
35.4 15
35.41 16
35.42 17
35.43 19
35.44 19
35.45 20
35.46 21
35.47 23
35.48 23
35.49 24
35.5 18
35.51 18
35.52 18
35.53 18
35.54 4
35.55 0
35.56 0
35.57 1
35.58 0
35.59 0
35.6 0
35.61 0
35.62 0
35.63 0
35.64 0
35.65 0
35.66 0
35.67 0
35.68 0
35.69 0
35.7 0
35.71 0
35.72 0
35.73 0
35.74 0
35.75 0
35.76 0
35.77 0
35.78 0
35.79 0
35.8 0
35.81 0
35.82 1
35.83 1
35.84 3
35.85 5
35.86 5
35.87 5
35.88 6
35.89 8
35.9 9
35.91 10
35.92 10
35.93 11
35.94 12
35.95 14
35.96 15
35.97 16
35.98 17
35.99 18
36 19
36.01 20
36.02 21
36.03 22
36.04 24
36.05 24
36.06 18
36.07 18
36.08 18
36.09 18
36.1 12
36.11 0
36.12 0
36.13 0
36.14 0
36.15 0
36.16 0
36.17 0
36.18 0
36.19 0
36.2 0
36.21 0
36.22 0
36.23 0
36.24 0
36.25 0
36.26 0
36.27 0
36.28 0
36.29 0
36.3 0
36.31 0
36.32 0
36.33 0
36.34 0
36.35 0
36.36 0
36.37 0
36.38 0
36.39 0
36.4 0
36.41 0
36.42 0
36.43 0
36.44 0
36.45 2
36.46 2
36.47 3
36.48 4
36.49 5
36.5 5
36.51 7
36.52 8
36.53 9
36.54 10
36.55 11
36.56 12
36.57 13
36.58 15
36.59 16
36.6 17
36.61 17
36.62 19
36.63 20
36.64 21
36.65 22
36.66 23
36.67 24
36.68 25
36.69 19
36.7 18
36.71 18
36.72 17
36.73 0
36.74 0
36.75 0
36.76 0
36.77 0
36.78 0
36.79 0
36.8 0
36.81 0
36.82 0
36.83 0
36.84 0
36.85 0
36.86 0
36.87 0
36.88 0
36.89 0
36.9 0
36.91 0
36.92 0
36.93 0
36.94 0
36.95 0
36.96 0
36.97 0
36.98 0
36.99 0
37 0
37.01 0
37.02 0
37.03 0
37.04 0
37.05 0
37.06 0
37.07 0
37.08 0
37.09 0
37.1 0
37.11 0
37.12 0
37.13 0
37.14 0
37.15 0
37.16 1
37.17 3
37.18 4
37.19 4
37.2 5
37.21 6
37.22 7
37.23 9
37.24 10
37.25 10
37.26 11
37.27 13
37.28 14
37.29 15
37.3 16
37.31 17
37.32 18
37.33 19
37.34 20
37.35 21
37.36 22
37.37 23
37.38 24
37.39 19
37.4 18
37.41 18
37.42 18
37.43 13
37.44 14
37.45 0
37.46 0
37.47 0
37.48 0
37.49 0
37.5 0
37.51 0
37.52 0
37.53 0
37.54 0
37.55 0
37.56 0
37.57 0
37.58 0
37.59 0
37.6 0
37.61 0
37.62 0
37.63 0
37.64 0
37.65 0
37.66 0
37.67 0
37.68 0
37.69 0
37.7 0
37.71 0
37.72 0
37.73 0
37.74 0
37.75 0
37.76 0
37.77 0
37.78 0
37.79 0
37.8 0
37.81 0
37.82 0
37.83 0
37.84 0
37.85 0
37.86 0
37.87 1
37.88 2
37.89 4
37.9 5
37.91 6
37.92 7
37.93 9
37.94 10
37.95 10
37.96 12
37.97 13
37.98 13
37.99 14
38 16
38.01 17
38.02 17
38.03 19
38.04 21
38.05 21
38.06 21
38.07 22
38.08 24
38.09 25
38.1 19
38.11 18
38.12 18
38.13 18
38.14 2
38.15 0
38.16 0
38.17 0
38.18 0
38.19 0
38.2 0
38.21 0
38.22 0
38.23 0
38.24 0
38.25 0
38.26 0
38.27 0
38.28 0
38.29 0
38.3 0
38.31 0
38.32 0
38.33 0
38.34 0
38.35 0
38.36 0
38.37 0
38.38 0
38.39 0
38.4 0
38.41 0
38.42 0
38.43 0
38.44 0
38.45 0
38.46 1
38.47 3
38.48 3
38.49 4
38.5 5
38.51 7
38.52 8
38.53 8
38.54 11
38.55 11
38.56 12
38.57 14
38.58 15
38.59 16
38.6 16
38.61 17
38.62 19
38.63 20
38.64 21
38.65 22
38.66 23
38.67 24
38.68 25
38.69 18
38.7 18
38.71 18
38.72 18
38.73 12
38.74 0
38.75 0
38.76 0
38.77 0
38.78 0
38.79 0
38.8 0
38.81 0
38.82 0
38.83 0
38.84 0
38.85 0
38.86 0
38.87 0
38.88 0
38.89 0
38.9 0
38.91 0
38.92 0
38.93 0
38.94 0
38.95 0
38.96 0
38.97 0
38.98 0
38.99 0
39 0
39.01 0
39.02 0
39.03 0
39.04 0
39.05 0
39.06 0
39.07 2
39.08 3
39.09 3
39.1 5
39.11 6
39.12 7
39.13 8
39.14 10
39.15 11
39.16 11
39.17 13
39.18 14
39.19 15
39.2 16
39.21 18
39.22 18
39.23 19
39.24 21
39.25 22
39.26 23
39.27 23
39.28 25
39.29 18
39.3 19
39.31 18
39.32 18
39.33 18
39.34 19
39.35 20
39.36 0
39.37 0
39.38 0
39.39 0
39.4 0
39.41 0
39.42 0
39.43 0
39.44 0
39.45 0
39.46 0
39.47 0
39.48 0
39.49 0
39.5 0
39.51 0
39.52 0
39.53 0
39.54 0
39.55 0
39.56 0
39.57 0
39.58 0
39.59 0
39.6 0
39.61 0
39.62 0
39.63 0
39.64 0
39.65 0
39.66 0
39.67 0
39.68 0
39.69 1
39.7 2
39.71 3
39.72 5
39.73 6
39.74 6
39.75 8
39.76 9
39.77 10
39.78 11
39.79 13
39.8 14
39.81 14
39.82 16
39.83 17
39.84 18
39.85 19
39.86 20
39.87 21
39.88 22
39.89 23
39.9 23
39.91 24
39.92 18
39.93 18
39.94 19
39.95 18
39.96 14
39.97 6
39.98 4
39.99 0
40 0
40.01 0
40.02 0
40.03 0
40.04 0
40.05 0
40.06 0
40.07 0
40.08 0
40.09 0
40.1 0
40.11 0
40.12 3
40.13 5
40.14 4
40.15 6
40.16 6
40.17 7
40.18 8
40.19 10
40.2 11
40.21 12
40.22 13
40.23 14
40.24 15
40.25 16
40.26 17
40.27 18
40.28 19
40.29 20
40.3 21
40.31 23
40.32 24
40.33 18
40.34 18
40.35 18
40.36 18
40.37 11
40.38 0
40.39 0
40.4 0
40.41 0
40.42 0
40.43 0
40.44 0
40.45 0
40.46 0
40.47 0
40.48 0
40.49 0
40.5 0
40.51 0
40.52 0
40.53 0
40.54 0
40.55 0
40.56 0
40.57 0
40.58 0
40.59 0
40.6 0
40.61 0
40.62 0
40.63 0
40.64 0
40.65 0
40.66 0
40.67 0
40.68 0
40.69 0
40.7 0
40.71 0
40.72 0
40.73 0
40.74 1
40.75 1
40.76 3
40.77 4
40.78 5
40.79 7
40.8 7
40.81 8
40.82 9
40.83 11
40.84 12
40.85 13
40.86 14
40.87 15
40.88 16
40.89 17
40.9 18
40.91 20
40.92 21
40.93 21
40.94 22
40.95 24
40.96 25
40.97 18
40.98 18
40.99 19
41 18
41.01 7
41.02 0
41.03 0
41.04 0
41.05 0
41.06 0
41.07 0
41.08 0
41.09 0
41.1 0
41.11 0
41.12 0
41.13 0
41.14 0
41.15 0
41.16 0
41.17 0
41.18 0
41.19 0
41.2 0
41.21 0
41.22 0
41.23 0
41.24 0
41.25 0
41.26 0
41.27 0
41.28 0
41.29 0
41.3 0
41.31 0
41.32 0
41.33 0
41.34 0
41.35 0
41.36 0
41.37 0
41.38 0
41.39 0
41.4 0
41.41 0
41.42 0
41.43 0
41.44 0
41.45 1
41.46 3
41.47 3
41.48 5
41.49 5
41.5 6
41.51 7
41.52 9
41.53 10
41.54 10
41.55 13
41.56 13
41.57 14
41.58 15
41.59 16
41.6 18
41.61 18
41.62 20
41.63 21
41.64 22
41.65 22
41.66 24
41.67 25
41.68 18
41.69 19
41.7 18
41.71 18
41.72 6
41.73 6
41.74 0
41.75 0
41.76 0
41.77 0
41.78 0
41.79 0
41.8 0
41.81 0
41.82 0
41.83 0
41.84 0
41.85 0
41.86 0
41.87 0
41.88 0
41.89 0
41.9 0
41.91 0
41.92 0
41.93 0
41.94 0
41.95 0
41.96 0
41.97 0
41.98 0
41.99 0
42 0
42.01 0
42.02 0
42.03 0
42.04 0
42.05 0
42.06 1
42.07 2
42.08 3
42.09 5
42.1 6
42.11 7
42.12 9
42.13 9
42.14 10
42.15 11
42.16 12
42.17 13
42.18 15
42.19 16
42.2 16
42.21 18
42.22 19
42.23 20
42.24 20
42.25 22
42.26 23
42.27 24
42.28 25
42.29 19
42.3 18
42.31 18
42.32 19
42.33 0
42.34 0
42.35 0
42.36 0
42.37 0
42.38 0
42.39 0
42.4 0
42.41 0
42.42 0
42.43 0
42.44 0
42.45 0
42.46 0
42.47 0
42.48 0
42.49 0
42.5 0
42.51 0
42.52 0
42.53 0
42.54 0
42.55 0
42.56 0
42.57 0
42.58 0
42.59 0
42.6 0
42.61 0
42.62 0
42.63 0
42.64 0
42.65 0
42.66 0
42.67 0
42.68 0
42.69 0
42.7 0
42.71 0
42.72 0
42.73 0
42.74 0
42.75 0
42.76 1
42.77 2
42.78 4
42.79 4
42.8 6
42.81 8
42.82 8
42.83 9
42.84 9
42.85 11
42.86 12
42.87 13
42.88 14
42.89 15
42.9 16
42.91 17
42.92 18
42.93 19
42.94 21
42.95 21
42.96 23
42.97 23
42.98 25
42.99 18
43 19
43.01 19
43.02 18
43.03 19
43.04 17
43.05 0
43.06 0
43.07 0
43.08 0
43.09 0
43.1 0
43.11 0
43.12 0
43.13 0
43.14 0
43.15 0
43.16 0
43.17 0
43.18 0
43.19 0
43.2 0
43.21 0
43.22 0
43.23 0
43.24 0
43.25 0
43.26 0
43.27 0
43.28 0
43.29 0
43.3 0
43.31 0
43.32 0
43.33 0
43.34 0
43.35 0
43.36 0
43.37 0
43.38 0
43.39 0
43.4 0
43.41 0
43.42 0
43.43 0
43.44 0
43.45 0
43.46 0
43.47 0
43.48 2
43.49 3
43.5 3
43.51 5
43.52 7
43.53 7
43.54 8
43.55 10
43.56 10
43.57 11
43.58 12
43.59 14
43.6 15
43.61 15
43.62 16
43.63 19
43.64 19
43.65 20
43.66 21
43.67 22
43.68 23
43.69 24
43.7 25
43.71 18
43.72 18
43.73 18
43.74 18
43.75 6
43.76 0
43.77 0
43.78 0
43.79 0
43.8 0
43.81 0
43.82 0
43.83 0
43.84 0
43.85 0
43.86 0
43.87 0
43.88 0
43.89 0
43.9 0
43.91 0
43.92 0
43.93 0
43.94 0
43.95 0
43.96 0
43.97 0
43.98 0
43.99 0
44 0
44.01 0
44.02 0
44.03 0
44.04 0
44.05 0
44.06 0
44.07 0
44.08 0
44.09 0
44.1 0
44.11 0
44.12 0
44.13 0
44.14 0
44.15 0
44.16 0
44.17 0
44.18 0
44.19 1
44.2 3
44.21 4
44.22 5
44.23 5
44.24 6
44.25 7
44.26 9
44.27 10
44.28 11
44.29 13
44.3 14
44.31 14
44.32 15
44.33 17
44.34 18
44.35 19
44.36 20
44.37 21
44.38 22
44.39 23
44.4 24
44.41 26
44.42 18
44.43 18
44.44 18
44.45 18
44.46 4
44.47 0
44.48 0
44.49 0
44.5 0
44.51 0
44.52 0
44.53 0
44.54 0
44.55 0
44.56 0
44.57 0
44.58 0
44.59 0
44.6 0
44.61 0
44.62 0
44.63 0
44.64 0
44.65 0
44.66 0
44.67 0
44.68 0
44.69 0
44.7 0
44.71 0
44.72 0
44.73 0
44.74 0
44.75 0
44.76 0
44.77 0
44.78 1
44.79 2
44.8 3
44.81 5
44.82 5
44.83 6
44.84 7
44.85 9
44.86 10
44.87 11
44.88 12
44.89 13
44.9 14
44.91 15
44.92 17
44.93 18
44.94 19
44.95 20
44.96 21
44.97 22
44.98 23
44.99 24
45 25
45.01 18
45.02 18
45.03 18
45.04 18
45.05 8
45.06 4
45.07 0
45.08 0
45.09 0
45.1 0
45.11 0
45.12 0
45.13 0
45.14 0
45.15 0
45.16 0
45.17 0
45.18 0
45.19 0
45.2 0
45.21 0
45.22 0
45.23 0
45.24 0
45.25 0
45.26 0
45.27 0
45.28 0
45.29 0
45.3 0
45.31 0
45.32 0
45.33 0
45.34 0
45.35 0
45.36 0
45.37 0
45.38 0
45.39 1
45.4 1
45.41 4
45.42 5
45.43 5
45.44 6
45.45 7
45.46 8
45.47 9
45.48 11
45.49 12
45.5 13
45.51 14
45.52 15
45.53 16
45.54 17
45.55 18
45.56 18
45.57 21
45.58 21
45.59 22
45.6 23
45.61 25
45.62 18
45.63 18
45.64 18
45.65 18
45.66 14
45.67 7
45.68 0
45.69 0
45.7 0
45.71 0
45.72 0
45.73 0
45.74 0
45.75 0
45.76 0
45.77 0
45.78 0
45.79 0
45.8 0
45.81 0
45.82 0
45.83 0
45.84 0
45.85 0
45.86 0
45.87 0
45.88 0
45.89 0
45.9 0
45.91 0
45.92 0
45.93 0
45.94 0
45.95 0
45.96 0
45.97 0
45.98 0
45.99 0
46 0
46.01 0
46.02 3
46.03 3
46.04 4
46.05 6
46.06 7
46.07 8
46.08 9
46.09 11
46.1 11
46.11 12
46.12 14
46.13 15
46.14 16
46.15 17
46.16 19
46.17 19
46.18 20
46.19 21
46.2 23
46.21 23
46.22 24
46.23 24
46.24 19
46.25 18
46.26 18
46.27 17
46.28 0
46.29 0
46.3 0
46.31 0
46.32 0
46.33 0
46.34 0
46.35 0
46.36 0
46.37 0
46.38 0
46.39 0
46.4 0
46.41 0
46.42 0
46.43 0
46.44 0
46.45 0
46.46 0
46.47 0
46.48 0
46.49 0
46.5 0
46.51 0
46.52 0
46.53 0
46.54 0
46.55 0
46.56 0
46.57 0
46.58 0
46.59 2
46.6 3
46.61 4
46.62 6
46.63 6
46.64 7
46.65 8
46.66 10
46.67 11
46.68 12
46.69 14
46.7 14
46.71 15
46.72 16
46.73 18
46.74 19
46.75 19
46.76 21
46.77 22
46.78 23
46.79 24
46.8 25
46.81 18
46.82 18
46.83 19
46.84 18
46.85 16
46.86 12
46.87 12
46.88 1
46.89 0
46.9 0
46.91 0
46.92 0
46.93 0
46.94 0
46.95 0
46.96 0
46.97 0
46.98 0
46.99 0
47 0
47.01 0
47.02 0
47.03 0
47.04 0
47.05 0
47.06 0
47.07 0
47.08 0
47.09 0
47.1 0
47.11 0
47.12 0
47.13 0
47.14 0
47.15 0
47.16 0
47.17 0
47.18 0
47.19 0
47.2 0
47.21 2
47.22 4
47.23 4
47.24 6
47.25 6
47.26 7
47.27 8
47.28 10
47.29 11
47.3 11
47.31 13
47.32 14
47.33 15
47.34 16
47.35 18
47.36 18
47.37 19
47.38 19
47.39 21
47.4 22
47.41 23
47.42 23
47.43 20
47.44 19
47.45 18
47.46 19
47.47 14
47.48 0
47.49 0
47.5 0
47.51 0
47.52 0
47.53 0
47.54 0
47.55 0
47.56 0
47.57 0
47.58 0
47.59 0
47.6 0
47.61 0
47.62 0
47.63 0
47.64 0
47.65 0
47.66 0
47.67 0
47.68 0
47.69 0
47.7 0
47.71 0
47.72 0
47.73 0
47.74 0
47.75 0
47.76 0
47.77 1
47.78 3
47.79 4
47.8 5
47.81 6
47.82 7
47.83 8
47.84 10
47.85 11
47.86 12
47.87 13
47.88 14
47.89 15
47.9 16
47.91 16
47.92 18
47.93 18
47.94 20
47.95 21
47.96 22
47.97 23
47.98 24
47.99 23
48 18
48.01 19
48.02 18
48.03 15
48.04 0
48.05 0
48.06 0
48.07 0
48.08 0
48.09 0
48.1 0
48.11 0
48.12 0
48.13 0
48.14 0
48.15 0
48.16 0
48.17 0
48.18 0
48.19 0
48.2 0
48.21 0
48.22 0
48.23 0
48.24 0
48.25 0
48.26 0
48.27 0
48.28 0
48.29 0
48.3 0
48.31 0
48.32 0
48.33 0
48.34 0
48.35 0
48.36 0
48.37 0
48.38 0
48.39 2
48.4 3
48.41 3
48.42 5
48.43 6
48.44 7
48.45 7
48.46 9
48.47 10
48.48 11
48.49 12
48.5 14
48.51 15
48.52 15
48.53 17
48.54 18
48.55 19
48.56 20
48.57 21
48.58 22
48.59 23
48.6 24
48.61 25
48.62 18
48.63 18
48.64 18
48.65 18
48.66 6
48.67 1
48.68 0
48.69 0
48.7 0
48.71 0
48.72 0
48.73 0
48.74 0
48.75 0
48.76 0
48.77 0
48.78 0
48.79 0
48.8 0
48.81 0
48.82 0
48.83 0
48.84 0
48.85 0
48.86 0
48.87 0
48.88 0
48.89 0
48.9 0
48.91 0
48.92 0
48.93 0
48.94 0
48.95 0
48.96 0
48.97 0
48.98 0
48.99 0
49 1
49.01 2
49.02 3
49.03 5
49.04 6
49.05 7
49.06 8
49.07 9
49.08 10
49.09 12
49.1 13
49.11 14
49.12 15
49.13 16
49.14 16
49.15 17
49.16 18
49.17 20
49.18 20
49.19 21
49.2 23
49.21 24
49.22 24
49.23 19
49.24 19
49.25 18
49.26 19
49.27 16
49.28 2
49.29 0
49.3 0
49.31 0
49.32 0
49.33 0
49.34 0
49.35 0
49.36 0
49.37 0
49.38 0
49.39 0
49.4 0
49.41 0
49.42 0
49.43 0
49.44 0
49.45 0
49.46 0
49.47 0
49.48 0
49.49 0
49.5 0
49.51 0
49.52 0
49.53 0
49.54 0
49.55 0
49.56 0
49.57 0
49.58 1
49.59 2
49.6 3
49.61 4
49.62 4
49.63 6
49.64 7
49.65 8
49.66 10
49.67 11
49.68 12
49.69 13
49.7 14
49.71 14
49.72 16
49.73 17
49.74 17
49.75 19
49.76 20
49.77 21
49.78 21
49.79 23
49.8 24
49.81 22
49.82 18
49.83 18
49.84 18
49.85 15
49.86 9
49.87 0
49.88 0
49.89 0
49.9 0
49.91 0
49.92 0
49.93 0
49.94 0
49.95 0
49.96 0
49.97 0
49.98 0
49.99 0
50 0
50.01 0
50.02 0
50.03 0
50.04 0
50.05 0
50.06 0
50.07 0
50.08 0
50.09 0
50.1 0
50.11 0
50.12 0
50.13 0
50.14 0
50.15 0
50.16 0
50.17 0
50.18 1
50.19 2
50.2 2
50.21 4
50.22 5
50.23 6
50.24 7
50.25 10
50.26 10
50.27 10
50.28 12
50.29 13
50.3 14
50.31 15
50.32 17
50.33 17
50.34 17
50.35 18
50.36 20
50.37 21
50.38 21
50.39 22
50.4 24
50.41 25
50.42 18
50.43 18
50.44 18
50.45 18
50.46 0
50.47 0
50.48 0
50.49 0
50.5 0
50.51 0
50.52 0
50.53 0
50.54 0
50.55 0
50.56 0
50.57 0
50.58 0
50.59 0
50.6 0
50.61 0
50.62 0
50.63 0
50.64 0
50.65 0
50.66 0
50.67 0
50.68 0
50.69 0
50.7 0
50.71 0
50.72 0
50.73 0
50.74 0
50.75 0
50.76 0
50.77 0
50.78 0
50.79 0
50.8 0
50.81 0
50.82 0
50.83 0
50.84 0
50.85 0
50.86 0
50.87 0
50.88 0
50.89 0
50.9 2
50.91 3
50.92 3
50.93 5
50.94 6
50.95 7
50.96 8
50.97 10
50.98 11
50.99 11
51 13
51.01 14
51.02 15
51.03 17
51.04 18
51.05 18
51.06 19
51.07 20
51.08 22
51.09 23
51.1 23
51.11 24
51.12 18
51.13 18
51.14 18
51.15 19
51.16 16
51.17 11
51.18 9
51.19 0
51.2 0
51.21 0
51.22 0
51.23 0
51.24 0
51.25 0
51.26 0
51.27 0
51.28 0
51.29 0
51.3 0
51.31 0
51.32 0
51.33 0
51.34 0
51.35 0
51.36 0
51.37 0
51.38 0
51.39 0
51.4 0
51.41 0
51.42 0
51.43 0
51.44 0
51.45 0
51.46 0
51.47 0
51.48 0
51.49 1
51.5 1
51.51 3
51.52 4
51.53 5
51.54 6
51.55 7
51.56 8
51.57 9
51.58 10
51.59 12
51.6 13
51.61 14
51.62 15
51.63 16
51.64 17
51.65 18
51.66 19
51.67 20
51.68 21
51.69 22
51.7 23
51.71 25
51.72 18
51.73 18
51.74 19
51.75 19
51.76 12
51.77 0
51.78 0
51.79 0
51.8 0
51.81 0
51.82 0
51.83 0
51.84 0
51.85 0
51.86 0
51.87 0
51.88 0
51.89 0
51.9 0
51.91 0
51.92 0
51.93 0
51.94 0
51.95 0
51.96 0
51.97 0
51.98 0
51.99 0
52 0
52.01 0
52.02 0
52.03 0
52.04 0
52.05 0
52.06 0
52.07 0
52.08 0
52.09 0
52.1 0
52.11 0
52.12 0
52.13 0
52.14 0
52.15 0
52.16 0
52.17 0
52.18 0
52.19 0
52.2 1
52.21 2
52.22 3
52.23 3
52.24 5
52.25 6
52.26 7
52.27 9
52.28 10
52.29 11
52.3 11
52.31 13
52.32 14
52.33 15
52.34 16
52.35 18
52.36 18
52.37 19
52.38 21
52.39 22
52.4 23
52.41 23
52.42 25
52.43 18
52.44 19
52.45 18
52.46 18
52.47 14
52.48 13
52.49 14
52.5 0
52.51 0
52.52 0
52.53 0
52.54 0
52.55 0
52.56 0
52.57 0
52.58 0
52.59 0
52.6 0
52.61 0
52.62 0
52.63 0
52.64 0
52.65 0
52.66 0
52.67 0
52.68 0
52.69 0
52.7 0
52.71 0
52.72 0
52.73 0
52.74 0
52.75 0
52.76 0
52.77 0
52.78 2
52.79 2
52.8 3
52.81 4
52.82 6
52.83 7
52.84 8
52.85 9
52.86 10
52.87 11
52.88 12
52.89 14
52.9 15
52.91 16
52.92 17
52.93 18
52.94 19
52.95 20
52.96 21
52.97 22
52.98 23
52.99 24
53 22
53.01 18
53.02 18
53.03 18
53.04 18
53.05 19
53.06 1
53.07 0
53.08 0
53.09 0
53.1 0
53.11 0
53.12 0
53.13 0
53.14 0
53.15 0
53.16 0
53.17 0
53.18 0
53.19 0
53.2 0
53.21 0
53.22 0
53.23 0
53.24 0
53.25 0
53.26 0
53.27 1
53.28 1
53.29 4
53.3 4
53.31 5
53.32 7
53.33 8
53.34 9
53.35 10
53.36 12
53.37 13
53.38 13
53.39 14
53.4 16
53.41 17
53.42 17
53.43 19
53.44 20
53.45 21
53.46 22
53.47 23
53.48 23
53.49 19
53.5 18
53.51 18
53.52 18
53.53 18
53.54 3
53.55 0
53.56 0
53.57 0
53.58 0
53.59 0
53.6 0
53.61 0
53.62 0
53.63 0
53.64 0
53.65 0
53.66 0
53.67 0
53.68 0
53.69 0
53.7 0
53.71 0
53.72 0
53.73 0
53.74 0
53.75 0
53.76 0
53.77 0
53.78 0
53.79 0
53.8 0
53.81 0
53.82 0
53.83 0
53.84 0
53.85 0
53.86 0
53.87 0
53.88 0
53.89 0
53.9 0
53.91 0
53.92 0
53.93 0
53.94 0
53.95 0
53.96 0
53.97 0
53.98 2
53.99 2
54 4
54.01 5
54.02 6
54.03 8
54.04 8
54.05 10
54.06 10
54.07 11
54.08 11
54.09 14
54.1 15
54.11 15
54.12 17
54.13 18
54.14 19
54.15 19
54.16 21
54.17 21
54.18 22
54.19 23
54.2 25
54.21 19
54.22 18
54.23 18
54.24 18
54.25 15
54.26 11
54.27 4
54.28 0
54.29 0
54.3 0
54.31 0
54.32 0
54.33 0
54.34 0
54.35 0
54.36 0
54.37 0
54.38 0
54.39 0
54.4 0
54.41 0
54.42 0
54.43 0
54.44 0
54.45 0
54.46 0
54.47 0
54.48 0
54.49 0
54.5 0
54.51 0
54.52 0
54.53 0
54.54 0
54.55 0
54.56 0
54.57 2
54.58 4
54.59 4
54.6 6
54.61 7
54.62 8
54.63 8
54.64 10
54.65 12
54.66 12
54.67 14
54.68 14
54.69 16
54.7 16
54.71 17
54.72 19
54.73 19
54.74 20
54.75 21
54.76 22
54.77 24
54.78 24
54.79 18
54.8 18
54.81 19
54.82 18
54.83 5
54.84 0
54.85 0
54.86 0
54.87 0
54.88 0
54.89 0
54.9 0
54.91 0
54.92 0
54.93 0
54.94 0
54.95 0
54.96 0
54.97 0
54.98 0
54.99 0
55 0
55.01 0
55.02 0
55.03 0
55.04 0
55.05 0
55.06 0
55.07 0
55.08 0
55.09 0
55.1 0
55.11 0
55.12 0
55.13 0
55.14 0
55.15 0
55.16 0
55.17 0
55.18 0
55.19 0
55.2 0
55.21 0
55.22 0
55.23 0
55.24 0
55.25 0
55.26 0
55.27 0
55.28 1
55.29 3
55.3 4
55.31 6
55.32 5
55.33 7
55.34 9
55.35 9
55.36 10
55.37 12
55.38 13
55.39 13
55.4 15
55.41 16
55.42 17
55.43 18
55.44 19
55.45 21
55.46 21
55.47 22
55.48 24
55.49 25
55.5 18
55.51 19
55.52 19
55.53 18
55.54 7
55.55 0
55.56 0
55.57 0
55.58 0
55.59 0
55.6 0
55.61 0
55.62 0
55.63 0
55.64 0
55.65 0
55.66 0
55.67 0
55.68 0
55.69 0
55.7 0
55.71 0
55.72 0
55.73 0
55.74 0
55.75 0
55.76 0
55.77 0
55.78 0
55.79 0
55.8 0
55.81 0
55.82 0
55.83 1
55.84 1
55.85 2
55.86 4
55.87 5
55.88 6
55.89 7
55.9 9
55.91 9
55.92 11
55.93 12
55.94 13
55.95 14
55.96 15
55.97 17
55.98 17
55.99 18
56 20
56.01 21
56.02 22
56.03 22
56.04 23
56.05 25
56.06 19
56.07 18
56.08 18
56.09 19
56.1 6
56.11 0
56.12 0
56.13 0
56.14 0
56.15 0
56.16 0
56.17 0
56.18 0
56.19 0
56.2 0
56.21 0
56.22 0
56.23 0
56.24 0
56.25 0
56.26 0
56.27 0
56.28 0
56.29 0
56.3 0
56.31 0
56.32 0
56.33 0
56.34 0
56.35 0
56.36 0
56.37 0
56.38 0
56.39 0
56.4 0
56.41 0
56.42 0
56.43 0
56.44 0
56.45 1
56.46 3
56.47 4
56.48 5
56.49 6
56.5 7
56.51 8
56.52 9
56.53 11
56.54 12
56.55 13
56.56 14
56.57 15
56.58 16
56.59 17
56.6 18
56.61 19
56.62 21
56.63 21
56.64 23
56.65 24
56.66 25
56.67 19
56.68 18
56.69 19
56.7 18
56.71 9
56.72 0
56.73 0
56.74 0
56.75 0
56.76 0
56.77 0
56.78 0
56.79 0
56.8 0
56.81 0
56.82 0
56.83 0
56.84 0
56.85 0
56.86 0
56.87 0
56.88 0
56.89 0
56.9 0
56.91 0
56.92 0
56.93 0
56.94 0
56.95 0
56.96 0
56.97 0
56.98 0
56.99 0
57 0
57.01 0
57.02 0
57.03 0
57.04 0
57.05 0
57.06 0
57.07 0
57.08 0
57.09 0
57.1 0
57.11 0
57.12 0
57.13 0
57.14 0
57.15 2
57.16 3
57.17 4
57.18 5
57.19 6
57.2 7
57.21 8
57.22 10
57.23 11
57.24 12
57.25 13
57.26 14
57.27 15
57.28 16
57.29 17
57.3 17
57.31 20
57.32 20
57.33 21
57.34 23
57.35 24
57.36 24
57.37 18
57.38 19
57.39 18
57.4 18
57.41 10
57.42 0
57.43 0
57.44 0
57.45 0
57.46 0
57.47 0
57.48 0
57.49 0
57.5 0
57.51 0
57.52 0
57.53 0
57.54 0
57.55 0
57.56 0
57.57 0
57.58 0
57.59 0
57.6 0
57.61 0
57.62 0
57.63 0
57.64 0
57.65 0
57.66 0
57.67 0
57.68 0
57.69 0
57.7 0
57.71 0
57.72 0
57.73 0
57.74 0
57.75 0
57.76 0
57.77 0
57.78 0
57.79 0
57.8 0
57.81 0
57.82 0
57.83 0
57.84 2
57.85 2
57.86 2
57.87 5
57.88 5
57.89 6
57.9 8
57.91 9
57.92 10
57.93 11
57.94 13
57.95 13
57.96 14
57.97 15
57.98 16
57.99 17
58 18
58.01 19
58.02 20
58.03 21
58.04 22
58.05 23
58.06 24
58.07 18
58.08 17
58.09 0
58.1 0
58.11 0
58.12 0
58.13 0
58.14 0
58.15 0
58.16 0
58.17 0
58.18 0
58.19 0
58.2 0
58.21 0
58.22 0
58.23 0
58.24 0
58.25 0
58.26 0
58.27 0
58.28 0
58.29 0
58.3 0
58.31 0
58.32 0
58.33 0
58.34 0
58.35 0
58.36 0
58.37 0
58.38 0
58.39 0
58.4 0
58.41 0
58.42 0
58.43 0
58.44 0
58.45 0
58.46 0
58.47 0
58.48 0
58.49 0
58.5 0
58.51 0
58.52 0
58.53 0
58.54 0
58.55 0
58.56 0
58.57 0
58.58 0
58.59 0
58.6 0
58.61 0
58.62 0
58.63 0
58.64 0
58.65 0
58.66 0
58.67 0
58.68 0
58.69 0
58.7 0
58.71 0
58.72 0
58.73 0
58.74 0
58.75 0
58.76 0
58.77 0
58.78 0
58.79 0
58.8 0
58.81 0
58.82 0
58.83 0
58.84 0
58.85 0
58.86 0
58.87 0
58.88 0
58.89 0
58.9 0
58.91 0
58.92 0
58.93 0
58.94 0
58.95 0
58.96 0
58.97 0
58.98 0
58.99 0
59 0
59.01 0
59.02 0
59.03 0
59.04 0
59.05 0
59.06 0
59.07 0
59.08 0
59.09 0
59.1 0
59.11 0
59.12 0
59.13 0
59.14 0
59.15 0
59.16 0
59.17 0
59.18 0
59.19 0
59.2 0
59.21 0
59.22 0
59.23 0
59.24 0
59.25 0
59.26 0
59.27 0
59.28 0
59.29 0
59.3 0
59.31 0
59.32 0
59.33 0
59.34 0
59.35 0
59.36 0
59.37 0
59.38 0
59.39 0
59.4 0
59.41 0
59.42 0
59.43 0
59.44 0
59.45 0
59.46 0
59.47 0
59.48 0
59.49 0
59.5 0
59.51 0
59.52 0
59.53 0
59.54 0
59.55 0
59.56 0
59.57 0
59.58 0
59.59 0
59.6 0
59.61 0
59.62 0
59.63 0
59.64 0
59.65 0
59.66 0
59.67 0
59.68 0
59.69 0
59.7 0
59.71 0
59.72 0
59.73 0
59.74 0
59.75 0
59.76 0
59.77 0
59.78 0
59.79 0
59.8 0
59.81 0
59.82 0
59.83 0
59.84 0
59.85 0
59.86 0
59.87 0
59.88 0
59.89 0
59.9 0
59.91 0
59.92 0
59.93 0
59.94 0
59.95 0
59.96 0
59.97 0
59.98 0
59.99 0
60 0
60.01 0
60.02 0
60.03 0
60.04 0
60.05 0
60.06 0
60.07 0
60.08 0
60.09 0
60.1 0
60.11 0
60.12 0
60.13 0
60.14 0
60.15 0
60.16 0
60.17 0
60.18 0
60.19 0
60.2 0
60.21 0
60.22 0
60.23 0
60.24 0
60.25 0
60.26 0
60.27 0
60.28 0
60.29 0
60.3 0
60.31 0
60.32 0
60.33 0
60.34 0
60.35 0
60.36 0
60.37 0
60.38 0
60.39 0
60.4 0
60.41 0
60.42 0
60.43 0
60.44 0
60.45 0
60.46 0
60.47 0
60.48 0
60.49 0
60.5 0
60.51 0
60.52 0
60.53 0
60.54 0
60.55 0
60.56 0
60.57 0
60.58 0
60.59 0
60.6 0
60.61 0
60.62 0
60.63 0
60.64 0
60.65 0
60.66 0
60.67 0
60.68 0
60.69 0
60.7 0
60.71 0
60.72 0
60.73 0
60.74 0
60.75 0
60.76 0
60.77 0
60.78 0
60.79 0
60.8 0
60.81 0
60.82 0
60.83 0
60.84 0
60.85 0
60.86 0
60.87 0
60.88 0
60.89 0
60.9 0
60.91 0
60.92 0
60.93 0
60.94 0
60.95 0
60.96 0
60.97 0
60.98 0
60.99 0
61 0
61.01 0
61.02 0
61.03 0
61.04 0
61.05 0
61.06 0
61.07 0
61.08 0
61.09 0
61.1 0
61.11 0
61.12 0
61.13 0
61.14 0
61.15 0
61.16 0
61.17 0
61.18 0
61.19 0
61.2 0
61.21 0
61.22 0
61.23 0
61.24 0
61.25 0
61.26 0
61.27 0
61.28 0
61.29 0
61.3 0
61.31 0
61.32 0
61.33 0
61.34 0
61.35 0
61.36 0
61.37 0
61.38 0
61.39 0
61.4 0
61.41 0
61.42 0
61.43 0
61.44 0
61.45 0
61.46 0
61.47 0
61.48 0
61.49 0
61.5 0
61.51 0
61.52 0
61.53 0
61.54 0
61.55 0
61.56 0
61.57 0
61.58 0
61.59 0
61.6 0
61.61 0
61.62 0
61.63 0
61.64 0
61.65 0
61.66 0
61.67 0
61.68 0
61.69 0
61.7 0
61.71 0
61.72 0
61.73 0
61.74 0
61.75 0
61.76 0
61.77 0
61.78 0
61.79 0
61.8 0
61.81 0
61.82 0
61.83 0
61.84 0
61.85 0
61.86 0
61.87 0
61.88 0
61.89 0
61.9 0
61.91 0
61.92 0
61.93 0
61.94 0
61.95 0
61.96 0
61.97 0
61.98 0
61.99 0
62 0
62.01 0
62.02 0
62.03 0
62.04 0
62.05 0
62.06 0
62.07 0
62.08 0
62.09 0
62.1 0
62.11 0
62.12 0
62.13 0
62.14 0
62.15 0
62.16 0
62.17 0
62.18 0
62.19 0
62.2 0
62.21 0
62.22 0
62.23 0
62.24 0
62.25 0
62.26 0
62.27 0
62.28 0
62.29 0
62.3 0
62.31 0
62.32 0
62.33 0
62.34 0
62.35 0
62.36 0
62.37 0
62.38 0
62.39 0
62.4 0
62.41 0
62.42 0
62.43 0
62.44 0
62.45 0
62.46 0
62.47 0
62.48 0
62.49 0
62.5 0
62.51 0
62.52 0
62.53 0
62.54 0
62.55 0
62.56 0
62.57 0
62.58 0
62.59 0
62.6 0
62.61 0
62.62 0
62.63 0
62.64 0
62.65 0
62.66 0
62.67 0
62.68 0
62.69 0
62.7 0
62.71 0
62.72 0
62.73 0
62.74 0
62.75 0
62.76 0
62.77 0
62.78 0
62.79 0
62.8 0
62.81 0
62.82 0
62.83 0
62.84 0
62.85 0
62.86 0
62.87 0
62.88 0
62.89 0
62.9 0
62.91 0
62.92 0
62.93 0
62.94 0
62.95 0
62.96 0
62.97 0
62.98 0
62.99 0
