0 0
0.01 0
0.02 0
0.03 0
0.04 0
0.05 0
0.06 0
0.07 0
0.08 0
0.09 0
0.1 0
0.11 0
0.12 0
0.13 0
0.14 0
0.15 0
0.16 0
0.17 0
0.18 0
0.19 0
0.2 0
0.21 92
0.22 30
0.23 21
0.24 21
0.25 21
0.26 4
0.27 0
0.28 0
0.29 0
0.3 0
0.31 0
0.32 0
0.33 0
0.34 0
0.35 0
0.36 0
0.37 0
0.38 0
0.39 0
0.4 0
0.41 0
0.42 0
0.43 1
0.44 5
0.45 9
0.46 12
0.47 15
0.48 17
0.49 20
0.5 25
0.51 28
0.52 30
0.53 34
0.54 31
0.55 20
0.56 21
0.57 21
0.58 21
0.59 16
0.6 9
0.61 5
0.62 0
0.63 0
0.64 0
0.65 0
0.66 0
0.67 0
0.68 0
0.69 0
0.7 0
0.71 0
0.72 0
0.73 0
0.74 0
0.75 0
0.76 0
0.77 0
0.78 0
0.79 5
0.8 8
0.81 9
0.82 12
0.83 19
0.84 20
0.85 22
0.86 25
0.87 29
0.88 32
0.89 33
0.9 20
0.91 20
0.92 20
0.93 22
0.94 18
0.95 9
0.96 0
0.97 0
0.98 0
0.99 0
1 0
1.01 0
1.02 0
1.03 0
1.04 0
1.05 0
1.06 0
1.07 0
1.08 0
1.09 2
1.1 4
1.11 6
1.12 10
1.13 15
1.14 16
1.15 19
1.16 23
1.17 26
1.18 27
1.19 29
1.2 31
1.21 20
1.22 19
1.23 19
1.24 19
1.25 16
1.26 6
1.27 0
1.28 0
1.29 0
1.3 0
1.31 0
1.32 0
1.33 0
1.34 0
1.35 0
1.36 0
1.37 0
1.38 0
1.39 0
1.4 0
1.41 0
1.42 0
1.43 1
1.44 5
1.45 8
1.46 10
1.47 13
1.48 16
1.49 21
1.5 21
1.51 25
1.52 27
1.53 31
1.54 32
1.55 20
1.56 20
1.57 21
1.58 20
1.59 15
1.6 9
1.61 2
1.62 2
1.63 0
1.64 0
1.65 0
1.66 0
1.67 0
1.68 0
1.69 0
1.7 0
1.71 0
1.72 0
1.73 0
1.74 0
1.75 1
1.76 4
1.77 7
1.78 9
1.79 10
1.8 15
1.81 17
1.82 19
1.83 22
1.84 26
1.85 27
1.86 30
1.87 32
1.88 20
1.89 20
1.9 20
1.91 19
1.92 16
1.93 7
1.94 0
1.95 0
1.96 0
1.97 0
1.98 0
1.99 0
2 0
2.01 0
2.02 0
2.03 0
2.04 0
2.05 0
2.06 0
2.07 0
2.08 0
2.09 3
2.1 7
2.11 10
2.12 14
2.13 17
2.14 21
2.15 23
2.16 25
2.17 30
2.18 31
2.19 33
2.2 21
2.21 20
2.22 20
2.23 21
2.24 11
2.25 0
2.26 0
2.27 0
2.28 0
2.29 0
2.3 0
2.31 0
2.32 0
2.33 0
2.34 0
2.35 0
2.36 0
2.37 0
2.38 0
2.39 2
2.4 5
2.41 8
2.42 12
2.43 15
2.44 18
2.45 20
2.46 23
2.47 25
2.48 28
2.49 31
2.5 35
2.51 20
2.52 21
2.53 20
2.54 21
2.55 13
2.56 10
2.57 5
2.58 1
2.59 0
2.6 0
2.61 0
2.62 0
2.63 0
2.64 0
2.65 0
2.66 0
2.67 0
2.68 0
2.69 2
2.7 4
2.71 9
2.72 12
2.73 14
2.74 17
2.75 19
2.76 22
2.77 26
2.78 28
2.79 31
2.8 32
2.81 20
2.82 22
2.83 20
2.84 20
2.85 17
2.86 14
2.87 5
2.88 5
2.89 0
2.9 0
2.91 0
2.92 0
2.93 0
2.94 0
2.95 0
2.96 0
2.97 0
2.98 0
2.99 0
3 0
3.01 5
3.02 8
3.03 10
3.04 13
3.05 17
3.06 20
3.07 23
3.08 25
3.09 29
3.1 31
3.11 34
3.12 21
3.13 21
3.14 21
3.15 21
3.16 14
3.17 0
3.18 0
3.19 0
3.2 0
3.21 0
3.22 0
3.23 0
3.24 0
3.25 0
3.26 0
3.27 0
3.28 0
3.29 0
3.3 0
3.31 0
3.32 0
3.33 2
3.34 6
3.35 9
3.36 12
3.37 15
3.38 17
3.39 20
3.4 24
3.41 27
3.42 28
3.43 31
3.44 34
3.45 20
3.46 20
3.47 21
3.48 21
3.49 20
3.5 14
3.51 0
3.52 0
3.53 0
3.54 0
3.55 0
3.56 0
3.57 0
3.58 0
3.59 0
3.6 0
3.61 0
3.62 0
3.63 0
3.64 0
3.65 2
3.66 7
3.67 7
3.68 10
3.69 12
3.7 16
3.71 17
3.72 20
3.73 25
3.74 26
3.75 27
3.76 31
3.77 33
3.78 20
3.79 20
3.8 22
3.81 22
3.82 20
3.83 20
3.84 10
3.85 0
3.86 0
3.87 0
3.88 0
3.89 0
3.9 0
3.91 0
3.92 0
3.93 0
3.94 0
3.95 0
3.96 0
3.97 2
3.98 3
3.99 6
4 9
4.01 11
4.02 14
4.03 16
4.04 19
4.05 21
4.06 23
4.07 27
4.08 30
4.09 32
4.1 20
4.11 20
4.12 20
4.13 20
4.14 17
4.15 11
4.16 0
4.17 0
4.18 0
4.19 0
4.2 0
4.21 0
4.22 0
4.23 0
4.24 0
4.25 0
4.26 0
4.27 2
4.28 6
4.29 9
4.3 12
4.31 15
4.32 17
4.33 21
4.34 23
4.35 27
4.36 29
4.37 32
4.38 21
4.39 20
4.4 20
4.41 19
4.42 20
4.43 10
4.44 9
4.45 0
4.46 0
4.47 0
4.48 0
4.49 0
4.5 0
4.51 0
4.52 0
4.53 0
4.54 1
4.55 3
4.56 7
4.57 10
4.58 13
4.59 17
4.6 19
4.61 23
4.62 26
4.63 29
4.64 31
4.65 33
4.66 20
4.67 21
4.68 20
4.69 20
4.7 18
4.71 17
4.72 13
4.73 0
4.74 0
4.75 0
4.76 0
4.77 0
4.78 0
4.79 0
4.8 0
4.81 0
4.82 0
4.83 0
4.84 0
4.85 0
4.86 0
4.87 3
4.88 7
4.89 9
4.9 13
4.91 16
4.92 19
4.93 21
4.94 25
4.95 28
4.96 30
4.97 32
4.98 28
4.99 20
5 20
5.01 21
5.02 21
5.03 8
5.04 0
5.05 0
5.06 0
5.07 0
5.08 0
5.09 0
5.1 0
5.11 0
5.12 0
5.13 0
5.14 2
5.15 7
5.16 9
5.17 12
5.18 16
5.19 19
5.2 21
5.21 23
5.22 26
5.23 29
5.24 31
5.25 26
5.26 20
5.27 21
5.28 21
5.29 20
5.3 20
5.31 10
5.32 2
5.33 2
5.34 0
5.35 0
5.36 0
5.37 0
5.38 0
5.39 0
5.4 0
5.41 0
5.42 0
5.43 0
5.44 0
5.45 0
5.46 2
5.47 4
5.48 7
5.49 11
5.5 13
5.51 16
5.52 18
5.53 20
5.54 23
5.55 26
5.56 29
5.57 31
5.58 23
5.59 20
5.6 21
5.61 19
5.62 19
5.63 18
5.64 11
5.65 0
5.66 0
5.67 0
5.68 0
5.69 0
5.7 0
5.71 0
5.72 0
5.73 0
5.74 0
5.75 0
5.76 1
5.77 5
5.78 6
5.79 9
5.8 13
5.81 15
5.82 18
5.83 21
5.84 23
5.85 26
5.86 29
5.87 32
5.88 25
5.89 20
5.9 20
5.91 20
5.92 19
5.93 5
5.94 0
5.95 0
5.96 0
5.97 0
5.98 0
5.99 0
6 0
6.01 0
6.02 0
6.03 0
6.04 0
6.05 0
6.06 0
6.07 0
6.08 0
6.09 0
6.1 0
6.11 2
6.12 5
6.13 8
6.14 9
6.15 11
6.16 15
6.17 18
6.18 20
6.19 23
6.2 26
6.21 28
6.22 30
6.23 32
6.24 20
6.25 20
6.26 21
6.27 21
6.28 13
6.29 5
6.3 0
6.31 0
6.32 0
6.33 0
6.34 0
6.35 0
6.36 0
6.37 0
6.38 0
6.39 0
6.4 0
6.41 0
6.42 0
6.43 0
6.44 1
6.45 6
6.46 8
6.47 11
6.48 13
6.49 16
6.5 20
6.51 22
6.52 25
6.53 28
6.54 32
6.55 34
6.56 20
6.57 21
6.58 21
6.59 20
6.6 8
6.61 1
6.62 0
6.63 0
6.64 0
6.65 0
6.66 0
6.67 0
6.68 0
6.69 0
6.7 0
6.71 0
6.72 0
6.73 2
6.74 5
6.75 5
6.76 8
6.77 10
6.78 12
6.79 14
6.8 18
6.81 21
6.82 23
6.83 27
6.84 30
6.85 33
6.86 21
6.87 20
6.88 21
6.89 21
6.9 18
6.91 9
6.92 10
6.93 0
6.94 0
6.95 0
6.96 0
6.97 0
6.98 0
6.99 0
7 0
7.01 0
7.02 2
7.03 6
7.04 9
7.05 11
7.06 14
7.07 16
7.08 19
7.09 23
7.1 26
7.11 28
7.12 32
7.13 19
7.14 19
7.15 18
7.16 19
7.17 11
7.18 1
7.19 0
7.2 0
7.21 0
7.22 0
7.23 0
7.24 0
7.25 0
7.26 0
7.27 0
7.28 0
7.29 0
7.3 0
7.31 0
7.32 0
7.33 0
7.34 0
7.35 0
7.36 0
7.37 2
7.38 6
7.39 8
7.4 10
7.41 15
7.42 17
7.43 19
7.44 22
7.45 26
7.46 29
7.47 31
7.48 34
7.49 20
7.5 20
7.51 21
7.52 20
7.53 14
7.54 9
7.55 2
7.56 0
7.57 0
7.58 0
7.59 0
7.6 0
7.61 0
7.62 0
7.63 0
7.64 0
7.65 0
7.66 0
7.67 0
7.68 0
7.69 0
7.7 0
7.71 0
7.72 2
7.73 5
7.74 8
7.75 9
7.76 12
7.77 15
7.78 18
7.79 21
7.8 24
7.81 28
7.82 29
7.83 33
7.84 35
7.85 23
7.86 21
7.87 21
7.88 22
7.89 12
7.9 0
7.91 0
7.92 0
7.93 0
7.94 0
7.95 0
7.96 0
7.97 0
7.98 0
7.99 0
8 0
8.01 0
8.02 0
8.03 0
8.04 0
8.05 0
8.06 0
8.07 0
8.08 1
8.09 5
8.1 8
8.11 10
8.12 13
8.13 17
8.14 19
8.15 21
8.16 24
8.17 27
8.18 31
8.19 32
8.2 33
8.21 21
8.22 21
8.23 22
8.24 21
8.25 20
8.26 18
8.27 16
8.28 10
8.29 1
8.3 0
8.31 0
8.32 0
8.33 0
8.34 0
8.35 0
8.36 0
8.37 0
8.38 0
8.39 0
8.4 0
8.41 0
8.42 0
8.43 0
8.44 0
8.45 0
8.46 1
8.47 6
8.48 7
8.49 10
8.5 13
8.51 15
8.52 17
8.53 20
8.54 23
8.55 24
8.56 27
8.57 30
8.58 33
8.59 20
8.6 19
8.61 19
8.62 19
8.63 19
8.64 1
8.65 0
8.66 0
8.67 0
8.68 0
8.69 0
8.7 0
8.71 0
8.72 0
8.73 0
8.74 0
8.75 0
8.76 0
8.77 0
8.78 0
8.79 0
8.8 0
8.81 3
8.82 7
8.83 10
8.84 12
8.85 15
8.86 18
8.87 20
8.88 24
8.89 27
8.9 29
8.91 30
8.92 35
8.93 20
8.94 21
8.95 20
8.96 22
8.97 16
8.98 15
8.99 4
9 0
9.01 0
9.02 0
9.03 0
9.04 0
9.05 0
9.06 0
9.07 0
9.08 0
9.09 0
9.1 0
9.11 0
9.12 0
9.13 0
9.14 0
9.15 3
9.16 6
9.17 7
9.18 10
9.19 12
9.2 15
9.21 19
9.22 23
9.23 25
9.24 27
9.25 32
9.26 34
9.27 20
9.28 20
9.29 21
9.3 21
9.31 14
9.32 13
9.33 5
9.34 0
9.35 0
9.36 0
9.37 0
9.38 0
9.39 0
9.4 0
9.41 0
9.42 0
9.43 0
9.44 0
9.45 0
9.46 1
9.47 3
9.48 7
9.49 11
9.5 13
9.51 15
9.52 18
9.53 21
9.54 22
9.55 26
9.56 27
9.57 30
9.58 31
9.59 21
9.6 20
9.61 19
9.62 19
9.63 20
9.64 11
9.65 1
9.66 0
9.67 0
9.68 0
9.69 0
9.7 0
9.71 0
9.72 0
9.73 0
9.74 0
9.75 0
9.76 3
9.77 5
9.78 8
9.79 10
9.8 13
9.81 16
9.82 17
9.83 19
9.84 21
9.85 23
9.86 27
9.87 29
9.88 31
9.89 20
9.9 20
9.91 19
9.92 19
9.93 20
9.94 12
9.95 3
9.96 0
9.97 0
9.98 0
9.99 0
10 0
10.01 0
10.02 0
10.03 0
10.04 0
10.05 0
10.06 0
10.07 0
10.08 0
10.09 0
10.1 0
10.11 0
10.12 2
10.13 6
10.14 8
10.15 9
10.16 12
10.17 14
10.18 17
10.19 18
10.2 22
10.21 22
10.22 25
10.23 27
10.24 30
10.25 32
10.26 20
10.27 21
10.28 21
10.29 20
10.3 13
10.31 9
10.32 0
10.33 0
10.34 0
10.35 0
10.36 0
10.37 0
10.38 0
10.39 0
10.4 0
10.41 0
10.42 0
10.43 0
10.44 0
10.45 0
10.46 3
10.47 6
10.48 8
10.49 9
10.5 12
10.51 14
10.52 15
10.53 17
10.54 21
10.55 23
10.56 25
10.57 26
10.58 29
10.59 33
10.6 21
10.61 20
10.62 20
10.63 21
10.64 20
10.65 19
10.66 20
10.67 5
10.68 0
10.69 0
10.7 0
10.71 0
10.72 0
10.73 0
10.74 0
10.75 0
10.76 0
10.77 0
10.78 0
10.79 0
10.8 0
10.81 0
10.82 0
10.83 4
10.84 6
10.85 10
10.86 13
10.87 14
10.88 16
10.89 20
10.9 24
10.91 25
10.92 28
10.93 31
10.94 35
10.95 20
10.96 20
10.97 20
10.98 21
10.99 13
11 10
11.01 2
11.02 0
11.03 0
11.04 0
11.05 0
11.06 0
11.07 0
11.08 0
11.09 0
11.1 0
11.11 1
11.12 2
11.13 6
11.14 10
11.15 13
11.16 15
11.17 17
11.18 21
11.19 24
11.2 26
11.21 29
11.22 33
11.23 19
11.24 19
11.25 20
11.26 19
11.27 16
11.28 20
11.29 13
11.3 6
11.31 0
11.32 0
11.33 0
11.34 0
11.35 0
11.36 0
11.37 0
11.38 1
11.39 3
11.4 7
11.41 10
11.42 13
11.43 16
11.44 20
11.45 22
11.46 25
11.47 27
11.48 31
11.49 22
11.5 18
11.51 19
11.52 19
11.53 18
11.54 13
11.55 13
11.56 9
11.57 0
11.58 0
11.59 1
11.6 0
11.61 0
11.62 0
11.63 0
11.64 0
11.65 0
11.66 0
11.67 2
11.68 6
11.69 9
11.7 10
11.71 14
11.72 17
11.73 20
11.74 22
11.75 26
11.76 28
11.77 31
11.78 33
11.79 22
11.8 22
11.81 22
11.82 22
11.83 21
11.84 18
11.85 18
11.86 0
11.87 0
11.88 0
11.89 0
11.9 0
11.91 0
11.92 0
11.93 0
11.94 0
11.95 0
11.96 0
11.97 0
11.98 0
11.99 3
12 6
12.01 9
12.02 13
12.03 17
12.04 20
12.05 22
12.06 24
12.07 28
12.08 31
12.09 34
12.1 21
12.11 20
12.12 21
12.13 20
12.14 18
12.15 18
12.16 6
12.17 0
12.18 0
12.19 0
12.2 0
12.21 0
12.22 0
12.23 0
12.24 0
12.25 0
12.26 0
12.27 0
12.28 0
12.29 0
12.3 0
12.31 0
12.32 4
12.33 7
12.34 11
12.35 16
12.36 17
12.37 21
12.38 23
12.39 27
12.4 29
12.41 32
12.42 32
12.43 20
12.44 20
12.45 20
12.46 21
12.47 6
12.48 0
12.49 0
12.5 0
12.51 0
12.52 0
12.53 0
12.54 0
12.55 0
12.56 0
12.57 0
12.58 0
12.59 0
12.6 0
12.61 0
12.62 1
12.63 3
12.64 6
12.65 9
12.66 13
12.67 16
12.68 19
12.69 22
12.7 24
12.71 26
12.72 28
12.73 30
12.74 33
12.75 20
12.76 20
12.77 21
12.78 20
12.79 20
12.8 2
12.81 0
12.82 0
12.83 0
12.84 0
12.85 0
12.86 0
12.87 0
12.88 0
12.89 0
12.9 0
12.91 0
12.92 0
12.93 0
12.94 0
12.95 0
12.96 0
12.97 0
12.98 0
12.99 0
13 3
13.01 4
13.02 8
13.03 10
13.04 13
13.05 16
13.06 18
13.07 21
13.08 24
13.09 25
13.1 28
13.11 31
13.12 35
13.13 21
13.14 20
13.15 21
13.16 21
13.17 14
13.18 13
13.19 2
13.2 0
13.21 0
13.22 0
13.23 0
13.24 0
13.25 0
13.26 0
13.27 0
13.28 0
13.29 0
13.3 0
13.31 3
13.32 6
13.33 10
13.34 12
13.35 17
13.36 18
13.37 20
13.38 24
13.39 26
13.4 28
13.41 30
13.42 34
13.43 20
13.44 21
13.45 21
13.46 21
13.47 4
13.48 0
13.49 0
13.5 0
13.51 0
13.52 0
13.53 0
13.54 0
13.55 0
13.56 0
13.57 0
13.58 0
13.59 0
13.6 0
13.61 0
13.62 0
13.63 0
13.64 0
13.65 0
13.66 2
13.67 6
13.68 9
13.69 11
13.7 15
13.71 17
13.72 20
13.73 21
13.74 24
13.75 26
13.76 28
13.77 30
13.78 31
13.79 21
13.8 22
13.81 20
13.82 20
13.83 20
13.84 12
13.85 9
13.86 0
13.87 0
13.88 0
13.89 0
13.9 0
13.91 0
13.92 0
13.93 0
13.94 0
13.95 0
13.96 0
13.97 0
13.98 0
13.99 0
14 0
14.01 0
14.02 3
14.03 6
14.04 9
14.05 11
14.06 14
14.07 16
14.08 18
14.09 20
14.1 23
14.11 26
14.12 27
14.13 30
14.14 32
14.15 21
14.16 20
14.17 21
14.18 20
14.19 16
14.2 10
14.21 11
14.22 11
14.23 0
14.24 0
14.25 0
14.26 0
14.27 0
14.28 0
14.29 0
14.3 0
14.31 0
14.32 0
14.33 0
14.34 0
14.35 0
14.36 3
14.37 5
14.38 8
14.39 11
14.4 14
14.41 16
14.42 19
14.43 23
14.44 24
14.45 27
14.46 30
14.47 34
14.48 20
14.49 19
14.5 20
14.51 21
14.52 19
14.53 6
14.54 0
14.55 0
14.56 0
14.57 0
14.58 0
14.59 0
14.6 0
14.61 0
14.62 0
14.63 0
14.64 0
14.65 0
14.66 0
14.67 0
14.68 2
14.69 5
14.7 9
14.71 12
14.72 14
14.73 18
14.74 21
14.75 24
14.76 27
14.77 30
14.78 32
14.79 28
14.8 20
14.81 20
14.82 20
14.83 20
14.84 9
14.85 1
14.86 0
14.87 0
14.88 0
14.89 0
14.9 0
14.91 0
14.92 0
14.93 0
14.94 0
14.95 0
14.96 0
14.97 0
14.98 0
14.99 0
15 0
15.01 0
15.02 3
15.03 7
15.04 10
15.05 12
15.06 15
15.07 18
15.08 20
15.09 23
15.1 25
15.11 29
15.12 31
15.13 33
15.14 20
15.15 20
15.16 20
15.17 20
15.18 16
15.19 17
15.2 8
15.21 0
15.22 0
15.23 0
15.24 0
15.25 0
15.26 0
15.27 0
15.28 0
15.29 0
15.3 0
15.31 0
15.32 0
15.33 0
15.34 1
15.35 4
15.36 8
15.37 10
15.38 13
15.39 15
15.4 20
15.41 22
15.42 25
15.43 28
15.44 32
15.45 34
15.46 20
15.47 20
15.48 20
15.49 21
15.5 12
15.51 5
15.52 0
15.53 0
15.54 0
15.55 0
15.56 0
15.57 0
15.58 0
15.59 0
15.6 0
15.61 0
15.62 0
15.63 4
15.64 9
15.65 10
15.66 13
15.67 17
15.68 18
15.69 20
15.7 23
15.71 26
15.72 28
15.73 31
15.74 19
15.75 19
15.76 19
15.77 20
15.78 15
15.79 9
15.8 2
15.81 0
15.82 0
15.83 0
15.84 0
15.85 0
15.86 0
15.87 0
15.88 0
15.89 0
15.9 0
15.91 0
15.92 0
15.93 0
15.94 2
15.95 6
15.96 9
15.97 12
15.98 13
15.99 17
16 20
16.01 22
16.02 24
16.03 27
16.04 30
16.05 32
16.06 21
16.07 20
16.08 21
16.09 20
16.1 13
16.11 6
16.12 0
16.13 0
16.14 0
16.15 0
16.16 0
16.17 0
16.18 0
16.19 0
16.2 0
16.21 0
16.22 0
16.23 0
16.24 0
16.25 0
16.26 0
16.27 0
16.28 2
16.29 4
16.3 8
16.31 12
16.32 14
16.33 14
16.34 17
16.35 19
16.36 22
16.37 25
16.38 27
16.39 29
16.4 31
16.41 20
16.42 20
16.43 20
16.44 20
16.45 16
16.46 13
16.47 12
16.48 0
16.49 0
16.5 0
16.51 0
16.52 0
16.53 0
16.54 0
16.55 0
16.56 0
16.57 0
16.58 0
16.59 0
16.6 0
16.61 0
16.62 1
16.63 5
16.64 7
16.65 10
16.66 13
16.67 16
16.68 20
16.69 22
16.7 26
16.71 27
16.72 30
16.73 31
16.74 32
16.75 21
16.76 21
16.77 21
16.78 21
16.79 11
16.8 3
16.81 5
16.82 3
16.83 0
16.84 0
16.85 0
16.86 0
16.87 0
16.88 0
16.89 0
16.9 0
16.91 4
16.92 7
16.93 10
16.94 11
16.95 16
16.96 17
16.97 20
16.98 23
16.99 26
17 29
17.01 31
17.02 27
17.03 21
17.04 21
17.05 20
17.06 22
17.07 9
17.08 6
17.09 0
17.1 0
17.11 0
17.12 0
17.13 0
17.14 0
17.15 0
17.16 0
17.17 0
17.18 0
17.19 0
17.2 3
17.21 6
17.22 9
17.23 12
17.24 15
17.25 19
17.26 22
17.27 23
17.28 25
17.29 29
17.3 32
17.31 32
17.32 20
17.33 21
17.34 21
17.35 21
17.36 9
17.37 0
17.38 0
17.39 0
17.4 0
17.41 0
17.42 0
17.43 0
17.44 0
17.45 0
17.46 0
17.47 0
17.48 0
17.49 0
17.5 0
17.51 4
17.52 8
17.53 10
17.54 13
17.55 14
17.56 18
17.57 20
17.58 23
17.59 27
17.6 29
17.61 31
17.62 22
17.63 19
17.64 20
17.65 20
17.66 15
17.67 15
17.68 15
17.69 11
17.7 0
17.71 0
17.72 0
17.73 0
17.74 0
17.75 0
17.76 0
17.77 0
17.78 0
17.79 0
17.8 0
17.81 0
17.82 0
17.83 0
17.84 0
17.85 3
17.86 6
17.87 9
17.88 13
17.89 14
17.9 16
17.91 20
17.92 23
17.93 25
17.94 27
17.95 30
17.96 33
17.97 20
17.98 21
17.99 21
18 20
18.01 12
18.02 4
18.03 0
18.04 0
18.05 0
18.06 0
18.07 0
18.08 0
18.09 0
18.1 0
18.11 0
18.12 0
18.13 0
18.14 0
18.15 0
18.16 0
18.17 0
18.18 0
18.19 0
18.2 3
18.21 7
18.22 10
18.23 13
18.24 17
18.25 18
18.26 21
18.27 22
18.28 26
18.29 28
18.3 32
18.31 34
18.32 20
18.33 21
18.34 21
18.35 20
18.36 14
18.37 5
18.38 0
18.39 0
18.4 0
18.41 0
18.42 0
18.43 0
18.44 0
18.45 0
18.46 0
18.47 0
18.48 0
18.49 0
18.5 0
18.51 0
18.52 1
18.53 5
18.54 6
18.55 10
18.56 12
18.57 14
18.58 17
18.59 19
18.6 21
18.61 23
18.62 26
18.63 29
18.64 32
18.65 19
18.66 21
18.67 19
18.68 20
18.69 10
18.7 8
18.71 0
18.72 0
18.73 0
18.74 0
18.75 0
18.76 0
18.77 0
18.78 0
18.79 0
18.8 0
18.81 0
18.82 0
18.83 0
18.84 0
18.85 0
18.86 1
18.87 2
18.88 6
18.89 8
18.9 12
18.91 15
18.92 16
18.93 19
18.94 21
18.95 23
18.96 25
18.97 27
18.98 30
18.99 33
19 21
19.01 20
19.02 21
19.03 21
19.04 13
19.05 15
19.06 10
19.07 0
19.08 0
19.09 0
19.1 0
19.11 0
19.12 0
19.13 0
19.14 0
19.15 0
19.16 2
19.17 2
19.18 3
19.19 7
19.2 10
19.21 8
19.22 10
19.23 13
19.24 16
19.25 19
19.26 21
19.27 23
19.28 23
19.29 25
19.3 27
19.31 30
19.32 20
19.33 19
19.34 20
19.35 20
19.36 19
19.37 16
19.38 15
19.39 3
19.4 0
19.41 0
19.42 0
19.43 0
19.44 0
19.45 0
19.46 0
19.47 0
19.48 0
19.49 0
19.5 0
19.51 3
19.52 7
19.53 10
19.54 12
19.55 15
19.56 17
19.57 19
19.58 22
19.59 26
19.6 28
19.61 30
19.62 30
19.63 19
19.64 20
19.65 20
19.66 20
19.67 3
19.68 0
19.69 0
19.7 0
19.71 0
19.72 0
19.73 0
19.74 0
19.75 0
19.76 0
19.77 0
19.78 0
19.79 0
19.8 0
19.81 0
19.82 0
19.83 1
19.84 4
19.85 6
19.86 9
19.87 11
19.88 13
19.89 15
19.9 19
19.91 22
19.92 25
19.93 26
19.94 31
19.95 34
19.96 23
19.97 21
19.98 21
19.99 20
20 17
20.01 9
20.02 5
20.03 0
20.04 0
20.05 0
20.06 0
20.07 0
20.08 0
20.09 0
20.1 0
20.11 0
20.12 0
20.13 0
20.14 0
20.15 0
20.16 0
20.17 4
20.18 5
20.19 6
20.2 10
20.21 13
20.22 15
20.23 19
20.24 22
20.25 23
20.26 26
20.27 30
20.28 32
20.29 28
20.3 21
20.31 20
20.32 22
20.33 20
20.34 7
20.35 2
20.36 0
20.37 0
20.38 0
20.39 0
20.4 0
20.41 0
20.42 0
20.43 0
20.44 0
20.45 0
20.46 0
20.47 0
20.48 0
20.49 0
20.5 3
20.51 6
20.52 8
20.53 11
20.54 14
20.55 18
20.56 20
20.57 24
20.58 27
20.59 31
20.6 34
20.61 23
20.62 20
20.63 20
20.64 20
20.65 18
20.66 9
20.67 7
20.68 0
20.69 0
20.7 0
20.71 0
20.72 0
20.73 0
20.74 0
20.75 0
20.76 0
20.77 0
20.78 0
20.79 0
20.8 0
20.81 3
20.82 7
20.83 10
20.84 13
20.85 16
20.86 20
20.87 22
20.88 24
20.89 27
20.9 31
20.91 32
20.92 21
20.93 21
20.94 21
20.95 21
20.96 14
20.97 9
20.98 0
20.99 0
21 0
21.01 0
21.02 0
21.03 0
21.04 0
21.05 0
21.06 0
21.07 0
21.08 0
21.09 0
21.1 0
21.11 0
21.12 0
21.13 0
21.14 2
21.15 6
21.16 9
21.17 12
21.18 15
21.19 17
21.2 20
21.21 22
21.22 26
21.23 29
21.24 31
21.25 33
21.26 20
21.27 19
21.28 19
21.29 19
21.3 19
21.31 5
21.32 0
21.33 0
21.34 0
21.35 0
21.36 0
21.37 0
21.38 0
21.39 0
21.4 0
21.41 0
21.42 0
21.43 0
21.44 0
21.45 0
21.46 4
21.47 7
21.48 10
21.49 13
21.5 16
21.51 19
21.52 21
21.53 23
21.54 24
21.55 27
21.56 29
21.57 32
21.58 21
21.59 20
21.6 21
21.61 21
21.62 15
21.63 0
21.64 0
21.65 0
21.66 0
21.67 0
21.68 0
21.69 0
21.7 0
21.71 0
21.72 0
21.73 0
21.74 0
21.75 0
21.76 0
21.77 0
21.78 0
21.79 0
21.8 3
21.81 7
21.82 9
21.83 12
21.84 14
21.85 18
21.86 20
21.87 22
21.88 24
21.89 27
21.9 30
21.91 34
21.92 20
21.93 20
21.94 20
21.95 20
21.96 21
21.97 16
21.98 12
21.99 4
22 0
22.01 0
22.02 0
22.03 0
22.04 0
22.05 0
22.06 0
22.07 0
22.08 0
22.09 0
22.1 0
22.11 0
22.12 0
22.13 0
22.14 3
22.15 5
22.16 10
22.17 13
22.18 15
22.19 20
22.2 22
22.21 25
22.22 27
22.23 31
22.24 34
22.25 20
22.26 20
22.27 21
22.28 20
22.29 15
22.3 1
22.31 0
22.32 0
22.33 0
22.34 0
22.35 0
22.36 0
22.37 0
22.38 0
22.39 0
22.4 0
22.41 0
22.42 0
22.43 0
22.44 0
22.45 0
22.46 0
22.47 0
22.48 0
22.49 3
22.5 5
22.51 8
22.52 13
22.53 16
22.54 17
22.55 20
22.56 23
22.57 26
22.58 28
22.59 30
22.6 34
22.61 21
22.62 22
22.63 21
22.64 22
22.65 14
22.66 10
22.67 0
22.68 0
22.69 0
22.7 0
22.71 0
22.72 0
22.73 0
22.74 0
22.75 0
22.76 0
22.77 0
22.78 0
22.79 0
22.8 0
22.81 3
22.82 6
22.83 9
22.84 11
22.85 15
22.86 18
22.87 20
22.88 22
22.89 25
22.9 27
22.91 30
22.92 33
22.93 20
22.94 20
22.95 20
22.96 22
22.97 15
22.98 13
22.99 9
23 3
23.01 0
23.02 0
23.03 0
23.04 0
23.05 0
23.06 0
23.07 0
23.08 0
23.09 0
23.1 0
23.11 0
23.12 1
23.13 4
23.14 7
23.15 11
23.16 14
23.17 17
23.18 20
23.19 24
23.2 26
23.21 29
23.22 32
23.23 36
23.24 21
23.25 21
23.26 20
23.27 20
23.28 17
23.29 10
23.3 0
23.31 0
23.32 0
23.33 0
23.34 0
23.35 0
23.36 0
23.37 0
23.38 0
23.39 0
23.4 0
23.41 0
23.42 0
23.43 3
23.44 6
23.45 8
23.46 10
23.47 12
23.48 15
23.49 18
23.5 20
23.51 24
23.52 27
23.53 30
23.54 31
23.55 29
23.56 22
23.57 21
23.58 20
23.59 21
23.6 14
23.61 3
23.62 0
23.63 0
23.64 0
23.65 0
23.66 0
23.67 0
23.68 0
23.69 0
23.7 0
23.71 0
23.72 0
23.73 0
23.74 0
23.75 0
23.76 0
23.77 0
23.78 0
23.79 1
23.8 3
23.81 7
23.82 11
23.83 14
23.84 17
23.85 19
23.86 22
23.87 23
23.88 27
23.89 29
23.9 33
23.91 29
23.92 20
23.93 20
23.94 21
23.95 20
23.96 15
23.97 6
23.98 0
23.99 0
24 0
24.01 0
24.02 0
24.03 0
24.04 0
24.05 0
24.06 0
24.07 0
24.08 0
24.09 0
24.1 0
24.11 0
24.12 0
24.13 4
24.14 8
24.15 9
24.16 13
24.17 16
24.18 19
24.19 22
24.2 24
24.21 26
24.22 29
24.23 31
24.24 35
24.25 22
24.26 22
24.27 21
24.28 21
24.29 14
24.3 3
24.31 0
24.32 0
24.33 0
24.34 0
24.35 0
24.36 0
24.37 0
24.38 0
24.39 0
24.4 0
24.41 0
24.42 0
24.43 0
24.44 0
24.45 0
24.46 1
24.47 5
24.48 8
24.49 10
24.5 13
24.51 17
24.52 20
24.53 22
24.54 25
24.55 29
24.56 31
24.57 34
24.58 21
24.59 21
24.6 20
24.61 20
24.62 14
24.63 5
24.64 0
24.65 0
24.66 0
24.67 0
24.68 0
24.69 0
24.7 0
24.71 0
24.72 0
24.73 0
24.74 0
24.75 0
24.76 0
24.77 0
24.78 0
24.79 0
24.8 0
24.81 0
24.82 0
24.83 3
24.84 6
24.85 8
24.86 10
24.87 13
24.88 17
24.89 19
24.9 21
24.91 25
24.92 27
24.93 30
24.94 32
24.95 20
24.96 21
24.97 21
24.98 20
24.99 21
25 16
25.01 14
25.02 12
25.03 3
25.04 0
25.05 0
25.06 0
25.07 0
25.08 0
25.09 0
25.1 0
25.11 0
25.12 0
25.13 0
25.14 0
25.15 0
25.16 1
25.17 2
25.18 6
25.19 9
25.2 11
25.21 13
25.22 16
25.23 19
25.24 20
25.25 24
25.26 27
25.27 29
25.28 31
25.29 21
25.3 20
25.31 20
25.32 20
25.33 17
25.34 8
25.35 0
25.36 0
25.37 0
25.38 0
25.39 0
25.4 0
25.41 0
25.42 0
25.43 0
25.44 0
25.45 0
25.46 0
25.47 0
25.48 2
25.49 4
25.5 7
25.51 9
25.52 12
25.53 15
25.54 17
25.55 20
25.56 21
25.57 23
25.58 26
25.59 29
25.6 30
25.61 19
25.62 19
25.63 19
25.64 20
25.65 14
25.66 5
25.67 7
25.68 3
25.69 0
25.7 0
25.71 0
25.72 0
25.73 0
25.74 0
25.75 0
25.76 0
25.77 0
25.78 0
25.79 0
25.8 0
25.81 0
25.82 3
25.83 5
25.84 9
25.85 11
25.86 12
25.87 15
25.88 18
25.89 20
25.9 22
25.91 26
25.92 28
25.93 30
25.94 29
25.95 19
25.96 20
25.97 20
25.98 19
25.99 6
26 7
26.01 0
26.02 0
26.03 0
26.04 0
26.05 0
26.06 0
26.07 0
26.08 0
26.09 0
26.1 0
26.11 0
26.12 0
26.13 0
26.14 0
26.15 0
26.16 0
26.17 0
26.18 4
26.19 8
26.2 9
26.21 11
26.22 16
26.23 19
26.24 19
26.25 21
26.26 24
26.27 27
26.28 30
26.29 31
26.3 24
26.31 20
26.32 20
26.33 21
26.34 18
26.35 5
26.36 0
26.37 0
26.38 0
26.39 0
26.4 0
26.41 0
26.42 0
26.43 0
26.44 0
26.45 0
26.46 0
26.47 0
26.48 0
26.49 0
26.5 0
26.51 1
26.52 5
26.53 7
26.54 11
26.55 12
26.56 15
26.57 18
26.58 23
26.59 26
26.6 28
26.61 30
26.62 34
26.63 28
26.64 21
26.65 21
26.66 21
26.67 21
26.68 15
26.69 15
26.7 6
26.71 3
26.72 0
26.73 0
26.74 0
26.75 0
26.76 0
26.77 0
26.78 0
26.79 0
26.8 0
26.81 0
26.82 1
26.83 3
26.84 6
26.85 8
26.86 11
26.87 14
26.88 18
26.89 19
26.9 21
26.91 24
26.92 28
26.93 30
26.94 32
26.95 20
26.96 21
26.97 20
26.98 21
26.99 17
27 15
27.01 6
27.02 2
27.03 0
27.04 0
27.05 0
27.06 0
27.07 0
27.08 0
27.09 0
27.1 0
27.11 0
27.12 0
27.13 0
27.14 0
27.15 0
27.16 2
27.17 5
27.18 8
27.19 12
27.2 14
27.21 17
27.22 21
27.23 23
27.24 25
27.25 29
27.26 31
27.27 34
27.28 20
27.29 20
27.3 21
27.31 20
27.32 16
27.33 6
27.34 0
27.35 0
27.36 0
27.37 0
27.38 0
27.39 0
27.4 0
27.41 0
27.42 0
27.43 0
27.44 0
27.45 0
27.46 0
27.47 0
27.48 0
27.49 0
27.5 3
27.51 6
27.52 9
27.53 12
27.54 15
27.55 19
27.56 20
27.57 23
27.58 26
27.59 28
27.6 30
27.61 32
27.62 22
27.63 21
27.64 22
27.65 21
27.66 17
27.67 4
27.68 0
27.69 0
27.7 0
27.71 0
27.72 0
27.73 0
27.74 0
27.75 0
27.76 0
27.77 0
27.78 0
27.79 0
27.8 0
27.81 0
27.82 0
27.83 0
27.84 1
27.85 5
27.86 8
27.87 10
27.88 12
27.89 15
27.9 18
27.91 20
27.92 24
27.93 26
27.94 30
27.95 34
27.96 27
27.97 20
27.98 21
27.99 21
28 21
28.01 13
28.02 5
28.03 6
28.04 0
28.05 0
28.06 0
28.07 0
28.08 0
28.09 0
28.1 0
28.11 0
28.12 0
28.13 0
28.14 0
28.15 0
28.16 0
28.17 2
28.18 5
28.19 9
28.2 11
28.21 14
28.22 19
28.23 21
28.24 24
28.25 27
28.26 31
28.27 32
28.28 34
28.29 21
28.3 20
28.31 21
28.32 20
28.33 20
28.34 10
28.35 3
28.36 0
28.37 0
28.38 0
28.39 0
28.4 0
28.41 0
28.42 0
28.43 0
28.44 0
28.45 0
28.46 0
28.47 1
28.48 4
28.49 8
28.5 11
28.51 14
28.52 16
28.53 19
28.54 21
28.55 24
28.56 28
28.57 31
28.58 32
28.59 20
28.6 21
28.61 21
28.62 20
28.63 16
28.64 10
28.65 3
28.66 0
28.67 0
28.68 0
28.69 0
28.7 0
28.71 0
28.72 0
28.73 1
28.74 3
28.75 6
28.76 8
28.77 11
28.78 13
28.79 15
28.8 18
28.81 21
28.82 24
28.83 25
28.84 28
28.85 31
28.86 19
28.87 19
28.88 20
28.89 20
28.9 7
28.91 0
28.92 2
28.93 0
28.94 0
28.95 0
28.96 0
28.97 0
28.98 0
28.99 0
29 0
29.01 0
29.02 0
29.03 0
29.04 0
29.05 0
29.06 0
29.07 3
29.08 7
29.09 10
29.1 14
29.11 17
29.12 20
29.13 23
29.14 25
29.15 29
29.16 31
29.17 32
29.18 29
29.19 22
29.2 24
29.21 22
29.22 21
29.23 15
29.24 9
29.25 2
29.26 0
29.27 0
29.28 0
29.29 0
29.3 0
29.31 0
29.32 0
29.33 0
29.34 0
29.35 1
29.36 4
29.37 7
29.38 9
29.39 11
29.4 15
29.41 18
29.42 21
29.43 24
29.44 27
29.45 30
29.46 34
29.47 19
29.48 19
29.49 19
29.5 19
29.51 19
29.52 13
29.53 1
29.54 0
29.55 0
29.56 0
29.57 0
29.58 0
29.59 0
29.6 0
29.61 0
29.62 0
29.63 0
29.64 0
29.65 0
29.66 1
29.67 3
29.68 6
29.69 9
29.7 12
29.71 15
29.72 19
29.73 21
29.74 23
29.75 25
29.76 28
29.77 31
29.78 33
29.79 20
29.8 20
29.81 20
29.82 20
29.83 17
29.84 8
29.85 0
29.86 0
29.87 0
29.88 0
29.89 0
29.9 0
29.91 0
29.92 0
29.93 0
29.94 0
29.95 0
29.96 0
29.97 0
29.98 0
29.99 0
30 3
30.01 7
30.02 9
30.03 11
30.04 13
30.05 16
30.06 18
30.07 21
30.08 24
30.09 27
30.1 30
30.11 33
30.12 20
30.13 19
30.14 20
30.15 20
30.16 19
30.17 19
30.18 15
30.19 5
30.2 0
30.21 0
30.22 0
30.23 0
30.24 0
30.25 0
30.26 0
30.27 0
30.28 0
30.29 0
30.3 0
30.31 0
30.32 0
30.33 0
30.34 0
30.35 1
30.36 4
30.37 8
30.38 11
30.39 13
30.4 15
30.41 19
30.42 21
30.43 24
30.44 27
30.45 30
30.46 33
30.47 20
30.48 20
30.49 20
30.5 20
30.51 13
30.52 0
30.53 0
30.54 0
30.55 0
30.56 0
30.57 0
30.58 0
30.59 0
30.6 0
30.61 0
30.62 0
30.63 0
30.64 0
30.65 0
30.66 0
30.67 0
30.68 4
30.69 8
30.7 10
30.71 14
30.72 18
30.73 22
30.74 23
30.75 27
30.76 29
30.77 33
30.78 34
30.79 22
30.8 21
30.81 22
30.82 22
30.83 18
30.84 13
30.85 6
30.86 0
30.87 0
30.88 0
30.89 0
30.9 0
30.91 0
30.92 0
30.93 0
30.94 0
30.95 0
30.96 3
30.97 4
30.98 6
30.99 11
31 14
31.01 17
31.02 19
31.03 23
31.04 26
31.05 28
31.06 29
31.07 32
31.08 20
31.09 20
31.1 20
31.11 21
31.12 18
31.13 15
31.14 7
31.15 3
31.16 0
31.17 0
31.18 0
31.19 0
31.2 0
31.21 0
31.22 0
31.23 0
31.24 0
31.25 0
31.26 0
31.27 0
31.28 1
31.29 4
31.3 6
31.31 12
31.32 14
31.33 17
31.34 21
31.35 23
31.36 27
31.37 29
31.38 33
31.39 28
31.4 20
31.41 20
31.42 21
31.43 20
31.44 15
31.45 8
31.46 1
31.47 0
31.48 0
31.49 0
31.5 0
31.51 0
31.52 0
31.53 0
31.54 0
31.55 0
31.56 0
31.57 0
31.58 0
31.59 0
31.6 1
31.61 5
31.62 8
31.63 9
31.64 12
31.65 15
31.66 18
31.67 20
31.68 24
31.69 26
31.7 28
31.71 31
31.72 30
31.73 22
31.74 20
31.75 20
31.76 20
31.77 16
31.78 5
31.79 0
31.8 0
31.81 0
31.82 0
31.83 0
31.84 0
31.85 0
31.86 0
31.87 0
31.88 0
31.89 0
31.9 0
31.91 3
31.92 4
31.93 8
31.94 12
31.95 16
31.96 18
31.97 22
31.98 25
31.99 27
32 29
32.01 33
32.02 26
32.03 20
32.04 21
32.05 20
32.06 21
32.07 4
32.08 0
32.09 0
32.1 0
32.11 0
32.12 0
32.13 0
32.14 0
32.15 0
32.16 0
32.17 0
32.18 0
32.19 0
32.2 0
32.21 0
32.22 0
32.23 0
32.24 3
32.25 5
32.26 8
32.27 11
32.28 14
32.29 15
32.3 20
32.31 22
32.32 24
32.33 26
32.34 29
32.35 31
32.36 25
32.37 20
32.38 20
32.39 21
32.4 20
32.41 11
32.42 8
32.43 2
32.44 0
32.45 0
32.46 0
32.47 0
32.48 0
32.49 0
32.5 0
32.51 0
32.52 0
32.53 0
32.54 0
32.55 0
32.56 0
32.57 2
32.58 5
32.59 9
32.6 12
32.61 15
32.62 16
32.63 19
32.64 20
32.65 23
32.66 25
32.67 29
32.68 29
32.69 32
32.7 19
32.71 20
32.72 19
32.73 19
32.74 13
32.75 8
32.76 1
32.77 0
32.78 0
32.79 0
32.8 0
32.81 0
32.82 0
32.83 0
32.84 0
32.85 0
32.86 0
32.87 0
32.88 0
32.89 0
32.9 0
32.91 3
32.92 4
32.93 8
32.94 9
32.95 12
32.96 14
32.97 17
32.98 19
32.99 21
33 23
33.01 25
33.02 29
33.03 32
33.04 20
33.05 20
33.06 20
33.07 19
33.08 13
33.09 8
33.1 0
33.11 0
33.12 0
33.13 0
33.14 0
33.15 0
33.16 0
33.17 0
33.18 0
33.19 0
33.2 0
33.21 0
33.22 0
33.23 0
33.24 0
33.25 0
33.26 1
33.27 4
33.28 7
33.29 10
33.3 14
33.31 15
33.32 18
33.33 20
33.34 22
33.35 25
33.36 27
33.37 31
33.38 32
33.39 20
33.4 20
33.41 21
33.42 21
33.43 20
33.44 13
33.45 6
33.46 0
33.47 0
33.48 0
33.49 0
33.5 0
33.51 0
33.52 0
33.53 0
33.54 0
33.55 0
33.56 0
33.57 0
33.58 0
33.59 0
33.6 0
33.61 0
33.62 0
33.63 3
33.64 5
33.65 8
33.66 11
33.67 13
33.68 14
33.69 17
33.7 22
33.71 24
33.72 25
33.73 26
33.74 32
33.75 33
33.76 21
33.77 20
33.78 20
33.79 20
33.8 20
33.81 15
33.82 6
33.83 0
33.84 0
33.85 0
33.86 0
33.87 0
33.88 0
33.89 0
33.9 0
33.91 0
33.92 0
33.93 0
33.94 0
33.95 0
33.96 1
33.97 3
33.98 6
33.99 8
34 11
34.01 14
34.02 16
34.03 19
34.04 23
34.05 25
34.06 27
34.07 30
34.08 33
34.09 26
34.1 22
34.11 20
34.12 21
34.13 21
34.14 6
34.15 0
34.16 0
34.17 0
34.18 0
34.19 0
34.2 0
34.21 0
34.22 0
34.23 0
34.24 0
34.25 0
34.26 0
34.27 0
34.28 1
34.29 3
34.3 6
34.31 9
34.32 13
34.33 16
34.34 18
34.35 20
34.36 23
34.37 26
34.38 28
34.39 32
34.4 31
34.41 20
34.42 20
34.43 20
34.44 20
34.45 9
34.46 0
34.47 0
34.48 0
34.49 0
34.5 0
34.51 0
34.52 0
34.53 0
34.54 0
34.55 0
34.56 0
34.57 0
34.58 0
34.59 0
34.6 0
34.61 0
34.62 2
34.63 5
34.64 8
34.65 12
34.66 14
34.67 18
34.68 21
34.69 23
34.7 27
34.71 29
34.72 32
34.73 29
34.74 20
34.75 20
34.76 20
34.77 20
34.78 18
34.79 14
34.8 2
34.81 0
34.82 0
34.83 0
34.84 0
34.85 0
34.86 0
34.87 0
34.88 0
34.89 0
34.9 0
34.91 0
34.92 0
34.93 2
34.94 4
34.95 8
34.96 11
34.97 14
34.98 17
34.99 21
35 23
35.01 25
35.02 28
35.03 31
35.04 29
35.05 19
35.06 20
35.07 19
35.08 19
35.09 8
35.1 5
35.11 6
35.12 0
35.13 0
35.14 0
35.15 0
35.16 0
35.17 0
35.18 0
35.19 0
35.2 0
35.21 0
35.22 0
35.23 0
35.24 3
35.25 7
35.26 11
35.27 13
35.28 16
35.29 19
35.3 21
35.31 24
35.32 25
35.33 29
35.34 31
35.35 28
35.36 20
35.37 20
35.38 21
35.39 20
35.4 17
35.41 5
35.42 0
35.43 0
35.44 0
35.45 0
35.46 0
35.47 0
35.48 0
35.49 0
35.5 0
35.51 0
35.52 0
35.53 0
35.54 0
35.55 3
35.56 6
35.57 10
35.58 12
35.59 15
35.6 18
35.61 23
35.62 24
35.63 25
35.64 28
35.65 33
35.66 23
35.67 19
35.68 20
35.69 20
35.7 17
35.71 3
35.72 4
35.73 8
35.74 4
35.75 0
35.76 0
35.77 0
35.78 0
35.79 0
35.8 0
35.81 0
35.82 0
35.83 1
35.84 5
35.85 9
35.86 11
35.87 15
35.88 18
35.89 20
35.9 22
35.91 25
35.92 27
35.93 30
35.94 29
35.95 20
35.96 19
35.97 19
35.98 19
35.99 10
36 12
36.01 12
36.02 1
36.03 0
36.04 0
36.05 0
36.06 0
36.07 0
36.08 0
36.09 0
36.1 0
36.11 0
36.12 0
36.13 0
36.14 0
36.15 1
36.16 3
36.17 6
36.18 8
36.19 10
36.2 13
36.21 16
36.22 18
36.23 20
36.24 23
36.25 25
36.26 27
36.27 30
36.28 33
36.29 21
36.3 20
36.31 21
36.32 20
36.33 21
36.34 14
36.35 0
36.36 0
36.37 0
36.38 0
36.39 0
36.4 0
36.41 0
36.42 0
36.43 0
36.44 0
36.45 0
36.46 0
36.47 0
36.48 0
36.49 0
36.5 3
36.51 6
36.52 7
36.53 9
36.54 13
36.55 16
36.56 17
36.57 21
36.58 22
36.59 24
36.6 24
36.61 29
36.62 30
36.63 31
36.64 20
36.65 21
36.66 20
36.67 20
36.68 20
36.69 11
36.7 5
36.71 0
36.72 0
36.73 0
36.74 0
36.75 0
36.76 0
36.77 0
36.78 0
36.79 0
36.8 3
36.81 5
36.82 9
36.83 12
36.84 15
36.85 18
36.86 22
36.87 25
36.88 27
36.89 27
36.9 31
36.91 21
36.92 19
36.93 20
36.94 19
36.95 15
36.96 11
36.97 8
36.98 0
36.99 0
37 0
37.01 0
37.02 0
37.03 0
37.04 0
37.05 0
37.06 0
37.07 0
37.08 0
37.09 1
37.1 3
37.11 6
37.12 10
37.13 13
37.14 17
37.15 20
37.16 23
37.17 26
37.18 29
37.19 32
37.2 35
37.21 21
37.22 20
37.23 22
37.24 21
37.25 15
37.26 14
37.27 14
37.28 9
37.29 2
37.3 0
37.31 0
37.32 0
37.33 0
37.34 0
37.35 0
37.36 0
37.37 0
37.38 0
37.39 0
37.4 3
37.41 5
37.42 8
37.43 11
37.44 14
37.45 16
37.46 19
37.47 24
37.48 27
37.49 30
37.5 31
37.51 19
37.52 20
37.53 19
37.54 20
37.55 20
37.56 3
37.57 0
37.58 0
37.59 0
37.6 0
37.61 0
37.62 0
37.63 0
37.64 0
37.65 0
37.66 0
37.67 0
37.68 0
37.69 0
37.7 0
37.71 0
37.72 0
37.73 0
37.74 0
37.75 1
37.76 5
37.77 8
37.78 10
37.79 12
37.8 14
37.81 17
37.82 20
37.83 23
37.84 25
37.85 27
37.86 30
37.87 32
37.88 25
37.89 20
37.9 20
37.91 21
37.92 18
37.93 9
37.94 2
37.95 4
37.96 0
37.97 0
37.98 0
37.99 0
38 0
38.01 0
38.02 0
38.03 0
38.04 0
38.05 0
38.06 0
38.07 0
38.08 1
38.09 3
38.1 5
38.11 7
38.12 9
38.13 12
38.14 15
38.15 17
38.16 19
38.17 23
38.18 25
38.19 28
38.2 29
38.21 33
38.22 20
38.23 19
38.24 19
38.25 20
38.26 19
38.27 12
38.28 2
38.29 0
38.3 0
38.31 0
38.32 0
38.33 0
38.34 0
38.35 0
38.36 0
38.37 0
38.38 0
38.39 0
38.4 0
38.41 0
38.42 0
38.43 2
38.44 7
38.45 7
38.46 9
38.47 14
38.48 15
38.49 18
38.5 20
38.51 25
38.52 27
38.53 28
38.54 31
38.55 32
38.56 21
38.57 20
38.58 21
38.59 20
38.6 10
38.61 5
38.62 0
38.63 0
38.64 0
38.65 0
38.66 0
38.67 0
38.68 0
38.69 0
38.7 0
38.71 0
38.72 0
38.73 0
38.74 0
38.75 4
38.76 5
38.77 9
38.78 13
38.79 15
38.8 17
38.81 19
38.82 23
38.83 24
38.84 26
38.85 30
38.86 33
38.87 20
38.88 20
38.89 20
38.9 20
38.91 13
38.92 10
38.93 10
38.94 0
38.95 0
38.96 0
38.97 0
38.98 0
38.99 0
39 0
39.01 0
39.02 0
39.03 0
39.04 0
39.05 1
39.06 3
39.07 6
39.08 10
39.09 13
39.1 16
39.11 18
39.12 23
39.13 25
39.14 27
39.15 31
39.16 30
39.17 19
39.18 19
39.19 20
39.2 20
39.21 11
39.22 0
39.23 0
39.24 0
39.25 0
39.26 0
39.27 0
39.28 0
39.29 0
39.3 0
39.31 0
39.32 0
39.33 0
39.34 0
39.35 0
39.36 0
39.37 0
39.38 3
39.39 6
39.4 10
39.41 14
39.42 16
39.43 19
39.44 21
39.45 25
39.46 27
39.47 30
39.48 33
39.49 32
39.5 21
39.51 22
39.52 21
39.53 22
39.54 15
39.55 10
39.56 3
39.57 0
39.58 0
39.59 0
39.6 0
39.61 0
39.62 0
39.63 0
39.64 0
39.65 0
39.66 0
39.67 0
39.68 0
39.69 0
39.7 0
39.71 3
39.72 6
39.73 9
39.74 12
39.75 15
39.76 17
39.77 20
39.78 23
39.79 25
39.8 27
39.81 30
39.82 32
39.83 20
39.84 20
39.85 21
39.86 20
39.87 11
39.88 11
39.89 2
39.9 0
39.91 0
39.92 0
39.93 0
39.94 0
39.95 0
39.96 0
39.97 0
39.98 0
39.99 0
40 0
40.01 0
40.02 0
40.03 0
40.04 1
40.05 5
40.06 8
40.07 11
40.08 14
40.09 17
40.1 19
40.11 21
40.12 24
40.13 26
40.14 29
40.15 30
40.16 25
40.17 19
40.18 19
40.19 20
40.2 19
40.21 18
40.22 18
40.23 15
40.24 8
40.25 7
40.26 0
40.27 0
40.28 0
40.29 0
40.3 0
40.31 0
40.32 0
40.33 0
40.34 0
40.35 0
40.36 0
40.37 0
40.38 0
40.39 0
40.4 1
40.41 4
40.42 6
40.43 9
40.44 12
40.45 14
40.46 16
40.47 18
40.48 21
40.49 23
40.5 26
40.51 29
40.52 32
40.53 29
40.54 20
40.55 22
40.56 20
40.57 20
40.58 8
40.59 5
40.6 0
40.61 0
40.62 0
40.63 0
40.64 0
40.65 0
40.66 0
40.67 0
40.68 0
40.69 0
40.7 0
40.71 1
40.72 4
40.73 7
40.74 9
40.75 13
40.76 15
40.77 18
40.78 21
40.79 24
40.8 27
40.81 28
40.82 31
40.83 19
40.84 19
40.85 19
40.86 19
40.87 20
40.88 4
40.89 2
40.9 0
40.91 0
40.92 0
40.93 0
40.94 0
40.95 0
40.96 0
40.97 0
40.98 0
40.99 0
41 0
41.01 3
41.02 6
41.03 8
41.04 11
41.05 14
41.06 17
41.07 19
41.08 21
41.09 24
41.1 27
41.11 29
41.12 31
41.13 20
41.14 19
41.15 20
41.16 19
41.17 15
41.18 12
41.19 12
41.2 9
41.21 0
41.22 0
41.23 0
41.24 0
41.25 0
41.26 0
41.27 0
41.28 0
41.29 0
41.3 0
41.31 0
41.32 0
41.33 0
41.34 1
41.35 4
41.36 5
41.37 8
41.38 11
41.39 14
41.4 16
41.41 19
41.42 22
41.43 24
41.44 26
41.45 27
41.46 32
41.47 34
41.48 21
41.49 21
41.5 22
41.51 20
41.52 15
41.53 9
41.54 5
41.55 0
41.56 0
41.57 0
41.58 0
41.59 0
41.6 0
41.61 0
41.62 0
41.63 0
41.64 0
41.65 0
41.66 0
41.67 3
41.68 6
41.69 10
41.7 12
41.71 16
41.72 18
41.73 20
41.74 22
41.75 25
41.76 29
41.77 31
41.78 33
41.79 20
41.8 21
41.81 20
41.82 20
41.83 13
41.84 14
41.85 0
41.86 0
41.87 0
41.88 0
41.89 0
41.9 0
41.91 0
41.92 0
41.93 0
41.94 0
41.95 0
41.96 0
41.97 0
41.98 0
41.99 0
42 2
42.01 6
42.02 9
42.03 13
42.04 16
42.05 18
42.06 20
42.07 24
42.08 26
42.09 30
42.1 33
42.11 35
42.12 20
42.13 21
42.14 20
42.15 21
42.16 13
42.17 6
42.18 3
42.19 0
42.2 0
42.21 0
42.22 0
42.23 0
42.24 0
42.25 0
42.26 0
42.27 0
42.28 0
42.29 0
42.3 0
42.31 2
42.32 5
42.33 9
42.34 13
42.35 16
42.36 18
42.37 23
42.38 25
42.39 28
42.4 30
42.41 33
42.42 20
42.43 19
42.44 20
42.45 19
42.46 12
42.47 0
42.48 0
42.49 0
42.5 0
42.51 0
42.52 0
42.53 0
42.54 0
42.55 0
42.56 0
42.57 0
42.58 0
42.59 0
42.6 0
42.61 0
42.62 0
42.63 0
42.64 0
42.65 2
42.66 4
42.67 8
42.68 12
42.69 15
42.7 19
42.71 22
42.72 27
42.73 28
42.74 31
42.75 34
42.76 20
42.77 20
42.78 20
42.79 22
42.8 19
42.81 13
42.82 5
42.83 1
42.84 1
42.85 0
42.86 0
42.87 0
42.88 0
42.89 0
42.9 0
42.91 0
42.92 0
42.93 0
42.94 0
42.95 0
42.96 0
42.97 0
42.98 0
42.99 1
43 3
43.01 9
43.02 11
43.03 14
43.04 18
43.05 22
43.06 25
43.07 27
43.08 30
43.09 32
43.1 25
43.11 22
43.12 21
43.13 21
43.14 19
43.15 12
43.16 5
43.17 0
43.18 0
43.19 0
43.2 0
43.21 0
43.22 0
43.23 0
43.24 0
43.25 0
43.26 0
43.27 0
43.28 0
43.29 0
43.3 0
43.31 0
43.32 4
43.33 9
43.34 11
43.35 14
43.36 18
43.37 21
43.38 22
43.39 25
43.4 28
43.41 31
43.42 34
43.43 19
43.44 19
43.45 21
43.46 19
43.47 12
43.48 13
43.49 3
43.5 0
43.51 0
43.52 0
43.53 0
43.54 0
43.55 0
43.56 0
43.57 0
43.58 0
43.59 0
43.6 1
43.61 3
43.62 7
43.63 10
43.64 13
43.65 16
43.66 20
43.67 23
43.68 25
43.69 28
43.7 31
43.71 35
43.72 21
43.73 22
43.74 21
43.75 22
43.76 16
43.77 18
43.78 6
43.79 0
43.8 0
43.81 0
43.82 0
43.83 0
43.84 0
43.85 0
43.86 0
43.87 0
43.88 0
43.89 0
43.9 0
43.91 0
43.92 0
43.93 3
43.94 8
43.95 12
43.96 13
43.97 15
43.98 18
43.99 22
44 24
44.01 27
44.02 28
44.03 31
44.04 20
44.05 19
44.06 19
44.07 19
44.08 19
44.09 5
44.1 2
44.11 0
44.12 0
44.13 0
44.14 0
44.15 0
44.16 0
44.17 0
44.18 0
44.19 0
44.2 0
44.21 0
44.22 0
44.23 0
44.24 0
44.25 0
44.26 1
44.27 5
44.28 8
44.29 11
44.3 14
44.31 17
44.32 19
44.33 20
44.34 23
44.35 26
44.36 29
44.37 32
44.38 33
44.39 21
44.4 21
44.41 21
44.42 20
44.43 16
44.44 2
44.45 3
44.46 0
44.47 2
44.48 0
44.49 0
44.5 0
44.51 0
44.52 0
44.53 0
44.54 0
44.55 1
44.56 4
44.57 8
44.58 11
44.59 13
44.6 17
44.61 19
44.62 21
44.63 23
44.64 26
44.65 29
44.66 31
44.67 33
44.68 20
44.69 22
44.7 22
44.71 21
44.72 17
44.73 19
44.74 4
44.75 0
44.76 0
44.77 0
44.78 0
44.79 0
44.8 0
44.81 0
44.82 0
44.83 0
44.84 0
44.85 0
44.86 0
44.87 0
44.88 0
44.89 0
44.9 0
44.91 0
44.92 2
44.93 4
44.94 6
44.95 10
44.96 12
44.97 16
44.98 17
44.99 20
45 21
45.01 25
45.02 28
45.03 31
45.04 32
45.05 19
45.06 20
45.07 20
45.08 19
45.09 13
45.1 9
45.11 0
45.12 0
45.13 0
45.14 0
45.15 0
45.16 0
45.17 0
45.18 0
45.19 0
45.2 0
45.21 0
45.22 0
45.23 0
45.24 0
45.25 1
45.26 4
45.27 6
45.28 11
45.29 14
45.3 15
45.31 18
45.32 21
45.33 23
45.34 27
45.35 30
45.36 34
45.37 31
45.38 21
45.39 20
45.4 20
45.41 20
45.42 11
45.43 0
45.44 0
45.45 0
45.46 0
45.47 0
45.48 0
45.49 0
45.5 0
45.51 0
45.52 0
45.53 0
45.54 0
45.55 0
45.56 0
45.57 0
45.58 4
45.59 6
45.6 9
45.61 12
45.62 15
45.63 17
45.64 19
45.65 22
45.66 26
45.67 29
45.68 30
45.69 32
45.7 20
45.71 22
45.72 20
45.73 21
45.74 16
45.75 9
45.76 1
45.77 0
45.78 0
45.79 0
45.8 0
45.81 0
45.82 0
45.83 0
45.84 0
45.85 0
45.86 0
45.87 0
45.88 1
45.89 4
45.9 7
45.91 11
45.92 13
45.93 16
45.94 19
45.95 21
45.96 23
45.97 25
45.98 29
45.99 31
46 24
46.01 20
46.02 19
46.03 20
46.04 18
46.05 5
46.06 0
46.07 0
46.08 0
46.09 0
46.1 0
46.11 0
46.12 0
46.13 0
46.14 0
46.15 0
46.16 0
46.17 0
46.18 0
46.19 0
46.2 0
46.21 0
46.22 0
46.23 0
46.24 0
46.25 2
46.26 5
46.27 8
46.28 10
46.29 12
46.3 14
46.31 16
46.32 18
46.33 22
46.34 23
46.35 26
46.36 27
46.37 30
46.38 34
46.39 20
46.4 20
46.41 20
46.42 20
46.43 14
46.44 13
46.45 6
46.46 0
46.47 0
46.48 0
46.49 0
46.5 0
46.51 0
46.52 0
46.53 0
46.54 0
46.55 0
46.56 0
46.57 0
46.58 0
46.59 0
46.6 0
46.61 0
46.62 2
46.63 6
46.64 7
46.65 10
46.66 13
46.67 16
46.68 18
46.69 21
46.7 25
46.71 28
46.72 30
46.73 32
46.74 22
46.75 21
46.76 20
46.77 20
46.78 17
46.79 18
46.8 10
46.81 0
46.82 0
46.83 0
46.84 0
46.85 0
46.86 0
46.87 0
46.88 0
46.89 0
46.9 0
46.91 0
46.92 0
46.93 0
46.94 0
46.95 0
46.96 0
46.97 0
46.98 0
46.99 0
47 0
47.01 3
47.02 7
47.03 9
47.04 13
47.05 16
47.06 19
47.07 23
47.08 25
47.09 29
47.1 30
47.11 32
47.12 20
47.13 22
47.14 20
47.15 20
47.16 12
47.17 7
47.18 6
47.19 2
47.2 0
47.21 0
47.22 0
47.23 0
47.24 0
47.25 0
47.26 0
47.27 0
47.28 0
47.29 0
47.3 0
47.31 3
47.32 6
47.33 9
47.34 11
47.35 14
47.36 18
47.37 19
47.38 22
47.39 25
47.4 27
47.41 30
47.42 31
47.43 30
47.44 21
47.45 22
47.46 20
47.47 20
47.48 15
47.49 7
47.5 8
47.51 0
47.52 0
47.53 0
47.54 0
47.55 0
47.56 0
47.57 0
47.58 0
47.59 0
47.6 0
47.61 0
47.62 1
47.63 4
47.64 6
47.65 9
47.66 14
47.67 16
47.68 18
47.69 21
47.7 26
47.71 27
47.72 28
47.73 32
47.74 24
47.75 21
47.76 20
47.77 21
47.78 18
47.79 7
47.8 0
47.81 0
47.82 0
47.83 0
47.84 0
47.85 0
47.86 0
47.87 0
47.88 0
47.89 0
47.9 0
47.91 0
47.92 0
47.93 0
47.94 0
47.95 0
47.96 0
47.97 3
47.98 6
47.99 9
48 13
48.01 15
48.02 18
48.03 20
48.04 25
48.05 27
48.06 29
48.07 31
48.08 35
48.09 21
48.1 21
48.11 20
48.12 20
48.13 19
48.14 10
48.15 11
48.16 0
48.17 0
48.18 0
48.19 0
48.2 0
48.21 0
48.22 0
48.23 0
48.24 0
48.25 0
48.26 0
48.27 0
48.28 0
48.29 2
48.3 4
48.31 8
48.32 11
48.33 14
48.34 16
48.35 18
48.36 20
48.37 23
48.38 26
48.39 28
48.4 30
48.41 33
48.42 21
48.43 20
48.44 20
48.45 21
48.46 6
48.47 3
48.48 0
48.49 0
48.5 0
48.51 0
48.52 0
48.53 0
48.54 0
48.55 0
48.56 0
48.57 0
48.58 0
48.59 2
48.6 4
48.61 7
48.62 10
48.63 13
48.64 16
48.65 19
48.66 21
48.67 23
48.68 25
48.69 29
48.7 31
48.71 33
48.72 20
48.73 20
48.74 21
48.75 21
48.76 21
48.77 15
48.78 3
48.79 0
48.8 0
48.81 0
48.82 0
48.83 0
48.84 0
48.85 0
48.86 0
48.87 0
48.88 0
48.89 0
48.9 0
48.91 3
48.92 6
48.93 9
48.94 11
48.95 14
48.96 18
48.97 21
48.98 23
48.99 24
49 27
49.01 28
49.02 30
49.03 20
49.04 22
49.05 20
49.06 20
49.07 14
49.08 0
49.09 0
49.1 0
49.11 0
49.12 0
49.13 0
49.14 0
49.15 0
49.16 0
49.17 0
49.18 0
49.19 0
49.2 0
49.21 0
49.22 0
49.23 0
49.24 0
49.25 1
49.26 2
49.27 6
49.28 10
49.29 12
49.3 13
49.31 17
49.32 20
49.33 22
49.34 24
49.35 26
49.36 29
49.37 31
49.38 23
49.39 20
49.4 20
49.41 20
49.42 18
49.43 13
49.44 13
49.45 8
49.46 0
49.47 0
49.48 0
49.49 0
49.5 0
49.51 0
49.52 0
49.53 0
49.54 0
49.55 0
49.56 0
49.57 0
49.58 0
49.59 0
49.6 0
49.61 0
49.62 0
49.63 0
49.64 1
49.65 4
49.66 7
49.67 9
49.68 12
49.69 15
49.7 17
49.71 19
49.72 22
49.73 25
49.74 28
49.75 30
49.76 33
49.77 20
49.78 20
49.79 21
49.8 20
49.81 10
49.82 0
49.83 0
49.84 0
49.85 0
49.86 0
49.87 0
49.88 0
49.89 0
49.9 0
49.91 0
49.92 0
49.93 0
49.94 0
49.95 0
49.96 0
49.97 0
49.98 0
49.99 0
50 0
50.01 0
50.02 0
50.03 4
50.04 7
50.05 8
50.06 11
50.07 16
50.08 18
50.09 18
50.1 21
50.11 24
50.12 26
50.13 28
50.14 29
50.15 31
50.16 21
50.17 21
50.18 20
50.19 20
50.2 15
50.21 11
50.22 14
50.23 6
50.24 0
50.25 0
50.26 0
50.27 0
50.28 0
50.29 0
50.3 0
50.31 0
50.32 0
50.33 0
50.34 0
50.35 0
50.36 0
50.37 0
50.38 1
50.39 5
50.4 8
50.41 11
50.42 15
50.43 18
50.44 19
50.45 22
50.46 25
50.47 26
50.48 28
50.49 32
50.5 19
50.51 20
50.52 20
50.53 21
50.54 13
50.55 16
50.56 8
50.57 3
50.58 0
50.59 0
50.6 0
50.61 0
50.62 0
50.63 0
50.64 0
50.65 0
50.66 0
50.67 3
50.68 5
50.69 8
50.7 10
50.71 14
50.72 16
50.73 19
50.74 23
50.75 24
50.76 28
50.77 29
50.78 33
50.79 21
50.8 22
50.81 20
50.82 21
50.83 21
50.84 18
50.85 10
50.86 9
50.87 0
50.88 0
50.89 0
50.9 0
50.91 0
50.92 0
50.93 0
50.94 0
50.95 0
50.96 0
50.97 0
50.98 0
50.99 0
51 0
51.01 3
51.02 6
51.03 7
51.04 10
51.05 12
51.06 16
51.07 19
51.08 21
51.09 24
51.1 26
51.11 29
51.12 30
51.13 33
51.14 20
51.15 20
51.16 20
51.17 21
51.18 6
51.19 1
51.2 0
51.21 0
51.22 0
51.23 0
51.24 0
51.25 0
51.26 0
51.27 0
51.28 0
51.29 0
51.3 0
51.31 0
51.32 0
51.33 0
51.34 0
51.35 0
51.36 3
51.37 6
51.38 9
51.39 13
51.4 15
51.41 18
51.42 21
51.43 23
51.44 25
51.45 27
51.46 32
51.47 34
51.48 21
51.49 19
51.5 20
51.51 19
51.52 17
51.53 12
51.54 6
51.55 0
51.56 0
51.57 0
51.58 0
51.59 0
51.6 0
51.61 0
51.62 0
51.63 0
51.64 0
51.65 1
51.66 4
51.67 7
51.68 11
51.69 14
51.7 15
51.71 19
51.72 21
51.73 24
51.74 25
51.75 29
51.76 31
51.77 27
51.78 20
51.79 20
51.8 20
51.81 20
51.82 17
51.83 10
51.84 5
51.85 0
51.86 0
51.87 0
51.88 0
51.89 0
51.9 0
51.91 0
51.92 0
51.93 0
51.94 0
51.95 1
51.96 4
51.97 8
51.98 10
51.99 14
52 17
52.01 19
52.02 22
52.03 25
52.04 29
52.05 31
52.06 33
52.07 21
52.08 23
52.09 22
52.1 21
52.11 16
52.12 15
52.13 5
52.14 6
52.15 2
52.16 0
52.17 0
52.18 0
52.19 0
52.2 0
52.21 0
52.22 0
52.23 0
52.24 0
52.25 0
52.26 0
52.27 0
52.28 0
52.29 5
52.3 8
52.31 11
52.32 14
52.33 18
52.34 21
52.35 24
52.36 27
52.37 30
52.38 32
52.39 35
52.4 21
52.41 21
52.42 21
52.43 21
52.44 20
52.45 17
52.46 13
52.47 0
52.48 0
52.49 0
52.5 0
52.51 0
52.52 0
52.53 0
52.54 0
52.55 0
52.56 0
52.57 0
52.58 0
52.59 0
52.6 0
52.61 0
52.62 4
52.63 7
52.64 10
52.65 14
52.66 18
52.67 19
52.68 22
52.69 27
52.7 29
52.71 30
52.72 35
52.73 21
52.74 20
52.75 21
52.76 20
52.77 16
52.78 11
52.79 12
52.8 10
52.81 0
52.82 0
52.83 0
52.84 0
52.85 0
52.86 0
52.87 0
52.88 0
52.89 0
52.9 3
52.91 7
52.92 8
52.93 10
52.94 13
52.95 16
52.96 19
52.97 22
52.98 25
52.99 27
53 30
53.01 34
53.02 20
53.03 20
53.04 20
53.05 20
53.06 21
53.07 8
53.08 0
53.09 0
53.1 0
53.11 0
53.12 0
53.13 0
53.14 0
53.15 0
53.16 0
53.17 0
53.18 0
53.19 0
53.2 0
53.21 0
53.22 2
53.23 6
53.24 9
53.25 11
53.26 13
53.27 18
53.28 19
53.29 21
53.3 23
53.31 26
53.32 27
53.33 30
53.34 33
53.35 20
53.36 20
53.37 20
53.38 21
53.39 12
53.4 11
53.41 5
53.42 0
53.43 0
53.44 0
53.45 0
53.46 0
53.47 0
53.48 0
53.49 0
53.5 0
53.51 1
53.52 2
53.53 4
53.54 7
53.55 9
53.56 11
53.57 13
53.58 18
53.59 19
53.6 21
53.61 23
53.62 28
53.63 30
53.64 31
53.65 20
53.66 20
53.67 21
53.68 20
53.69 19
53.7 18
53.71 6
53.72 7
53.73 2
53.74 3
53.75 0
53.76 0
53.77 0
53.78 0
53.79 0
53.8 0
53.81 2
53.82 5
53.83 11
53.84 13
53.85 13
53.86 17
53.87 21
53.88 22
53.89 25
53.9 28
53.91 30
53.92 32
53.93 19
53.94 21
53.95 19
53.96 19
53.97 2
53.98 0
53.99 0
54 0
54.01 0
54.02 0
54.03 0
54.04 0
54.05 0
54.06 0
54.07 0
54.08 0
54.09 0
54.1 1
54.11 4
54.12 6
54.13 9
54.14 12
54.15 17
54.16 19
54.17 22
54.18 25
54.19 27
54.2 29
54.21 33
54.22 31
54.23 20
54.24 20
54.25 20
54.26 21
54.27 15
54.28 16
54.29 8
54.3 0
54.31 0
54.32 0
54.33 0
54.34 0
54.35 0
54.36 0
54.37 0
54.38 0
54.39 0
54.4 0
54.41 2
54.42 7
54.43 10
54.44 12
54.45 16
54.46 19
54.47 20
54.48 23
54.49 28
54.5 30
54.51 32
54.52 23
54.53 20
54.54 20
54.55 20
54.56 17
54.57 9
54.58 8
54.59 9
54.6 0
54.61 0
54.62 0
54.63 0
54.64 0
54.65 0
54.66 0
54.67 0
54.68 0
54.69 0
54.7 0
54.71 2
54.72 5
54.73 9
54.74 10
54.75 13
54.76 16
54.77 18
54.78 21
54.79 24
54.8 28
54.81 29
54.82 31
54.83 20
54.84 19
54.85 19
54.86 20
54.87 11
54.88 10
54.89 0
54.9 0
54.91 0
54.92 0
54.93 0
54.94 0
54.95 0
54.96 0
54.97 0
54.98 0
54.99 0
55 0
55.01 0
55.02 0
55.03 1
55.04 3
55.05 6
55.06 10
55.07 12
55.08 15
55.09 19
55.1 21
55.11 23
55.12 25
55.13 28
55.14 30
55.15 33
55.16 20
55.17 20
55.18 20
55.19 20
55.2 16
55.21 10
55.22 1
55.23 0
55.24 0
55.25 0
55.26 0
55.27 0
55.28 0
55.29 0
55.3 0
55.31 0
55.32 0
55.33 0
55.34 0
55.35 0
55.36 0
55.37 4
55.38 7
55.39 10
55.4 13
55.41 17
55.42 19
55.43 22
55.44 25
55.45 28
55.46 31
55.47 33
55.48 20
55.49 20
55.5 21
55.51 21
55.52 16
55.53 2
55.54 0
55.55 0
55.56 0
55.57 0
55.58 0
55.59 0
55.6 0
55.61 0
55.62 0
55.63 0
55.64 0
55.65 0
55.66 0
55.67 0
55.68 0
55.69 0
55.7 0
55.71 0
55.72 4
55.73 7
55.74 10
55.75 13
55.76 16
55.77 18
55.78 23
55.79 26
55.8 27
55.81 29
55.82 33
55.83 20
55.84 20
55.85 21
55.86 21
55.87 18
55.88 17
55.89 13
55.9 10
55.91 0
55.92 0
55.93 0
55.94 0
55.95 0
55.96 0
55.97 0
55.98 0
55.99 0
56 0
56.01 0
56.02 0
56.03 0
56.04 0
56.05 2
56.06 3
56.07 5
56.08 8
56.09 10
56.1 13
56.11 16
56.12 20
56.13 22
56.14 24
56.15 26
56.16 30
56.17 31
56.18 19
56.19 19
56.2 19
56.21 19
56.22 12
56.23 7
56.24 3
56.25 1
56.26 0
56.27 0
56.28 0
56.29 0
56.3 0
56.31 0
56.32 0
56.33 0
56.34 0
56.35 0
56.36 0
56.37 0
56.38 0
56.39 0
56.4 0
56.41 0
56.42 0
56.43 3
56.44 6
56.45 9
56.46 12
56.47 14
56.48 18
56.49 19
56.5 22
56.51 24
56.52 26
56.53 29
56.54 31
56.55 30
56.56 20
56.57 20
56.58 21
56.59 20
56.6 9
56.61 0
56.62 0
56.63 0
56.64 0
56.65 0
56.66 0
56.67 0
56.68 0
56.69 0
56.7 0
56.71 0
56.72 0
56.73 0
56.74 0
56.75 0
56.76 0
56.77 2
56.78 3
56.79 6
56.8 10
56.81 13
56.82 15
56.83 18
56.84 21
56.85 22
56.86 23
56.87 27
56.88 30
56.89 29
56.9 19
56.91 19
56.92 19
56.93 19
56.94 12
56.95 7
56.96 10
56.97 0
56.98 0
56.99 0
57 0
57.01 0
57.02 0
57.03 0
57.04 0
57.05 0
57.06 4
57.07 6
57.08 8
57.09 11
57.1 13
57.11 15
57.12 18
57.13 20
57.14 22
57.15 25
57.16 27
57.17 29
57.18 32
57.19 20
57.2 20
57.21 20
57.22 20
57.23 14
57.24 0
57.25 0
57.26 0
57.27 0
57.28 0
57.29 0
57.3 0
57.31 0
57.32 0
57.33 0
57.34 0
57.35 0
57.36 0
57.37 0
57.38 0
57.39 0
57.4 0
57.41 0
57.42 0
57.43 1
57.44 4
57.45 7
57.46 10
57.47 13
57.48 15
57.49 18
57.5 20
57.51 23
57.52 26
57.53 28
57.54 31
57.55 33
57.56 21
57.57 20
57.58 21
57.59 20
57.6 21
57.61 6
57.62 0
57.63 0
57.64 0
57.65 0
57.66 0
57.67 0
57.68 0
57.69 0
57.7 0
57.71 0
57.72 0
57.73 0
57.74 0
57.75 0
57.76 0
57.77 0
57.78 1
57.79 5
57.8 6
57.81 9
57.82 13
57.83 15
57.84 18
57.85 19
57.86 22
57.87 25
57.88 26
57.89 28
57.9 31
57.91 19
57.92 16
57.93 18
57.94 20
57.95 17
57.96 19
57.97 19
57.98 14
57.99 6
58 2
58.01 0
58.02 0
58.03 0
58.04 0
58.05 0
58.06 0
58.07 0
58.08 0
58.09 0
58.1 0
58.11 0
58.12 0
58.13 0
58.14 3
58.15 6
58.16 0
58.17 1
58.18 3
58.19 0
58.2 0
58.21 0
58.22 0
58.23 0
58.24 0
58.25 0
58.26 0
58.27 0
58.28 0
58.29 0
58.3 0
58.31 0
58.32 0
58.33 0
58.34 0
58.35 0
58.36 0
58.37 0
58.38 0
58.39 0
58.4 0
58.41 0
58.42 0
58.43 0
58.44 0
58.45 0
58.46 0
58.47 0
58.48 0
58.49 0
58.5 0
58.51 0
58.52 0
58.53 0
58.54 0
58.55 0
58.56 0
58.57 0
58.58 0
58.59 0
58.6 0
58.61 0
58.62 0
58.63 0
58.64 0
58.65 0
58.66 0
58.67 0
58.68 0
58.69 0
58.7 0
58.71 0
58.72 0
58.73 0
58.74 0
58.75 0
58.76 0
58.77 0
58.78 0
58.79 0
58.8 0
58.81 0
58.82 0
58.83 0
58.84 0
58.85 0
58.86 0
58.87 0
58.88 0
58.89 0
58.9 0
58.91 0
58.92 0
58.93 0
58.94 0
58.95 0
58.96 0
58.97 0
58.98 0
58.99 0
59 0
59.01 0
59.02 0
59.03 0
59.04 0
59.05 0
59.06 0
59.07 0
59.08 0
59.09 0
59.1 0
59.11 0
59.12 0
59.13 0
59.14 0
59.15 0
59.16 0
59.17 0
59.18 0
59.19 0
59.2 0
59.21 0
59.22 0
59.23 0
59.24 0
59.25 0
59.26 0
59.27 0
59.28 0
59.29 0
59.3 0
59.31 0
59.32 0
59.33 0
59.34 0
59.35 0
59.36 0
59.37 0
59.38 0
59.39 0
59.4 0
59.41 0
59.42 0
59.43 0
59.44 0
59.45 0
59.46 0
59.47 0
59.48 0
59.49 0
59.5 0
59.51 0
59.52 0
59.53 0
59.54 0
59.55 0
59.56 0
59.57 0
59.58 0
59.59 0
59.6 0
59.61 0
59.62 0
59.63 0
59.64 0
59.65 0
59.66 0
59.67 0
59.68 0
59.69 0
59.7 0
59.71 0
59.72 0
59.73 0
59.74 0
59.75 0
59.76 0
59.77 0
59.78 0
59.79 0
59.8 0
59.81 0
59.82 0
59.83 0
59.84 0
59.85 0
59.86 0
59.87 0
59.88 0
59.89 0
59.9 0
59.91 0
59.92 0
59.93 0
59.94 0
59.95 0
59.96 0
59.97 0
59.98 0
59.99 0
60 0
60.01 0
60.02 0
60.03 0
60.04 0
60.05 0
60.06 0
60.07 0
60.08 0
60.09 0
60.1 0
60.11 0
60.12 0
60.13 0
60.14 0
60.15 0
60.16 0
60.17 0
60.18 0
60.19 0
60.2 0
60.21 0
60.22 0
60.23 0
60.24 0
60.25 0
60.26 0
60.27 0
60.28 0
60.29 0
60.3 0
60.31 0
60.32 0
60.33 0
60.34 0
60.35 0
60.36 0
60.37 0
60.38 0
60.39 0
60.4 0
60.41 0
60.42 0
60.43 0
60.44 0
60.45 0
60.46 0
60.47 0
60.48 0
60.49 0
60.5 0
60.51 0
60.52 0
60.53 0
60.54 0
60.55 0
60.56 0
60.57 0
60.58 0
60.59 0
60.6 0
60.61 0
60.62 0
60.63 0
60.64 0
60.65 0
60.66 0
60.67 0
60.68 0
60.69 0
60.7 0
60.71 0
60.72 0
60.73 0
60.74 0
60.75 0
60.76 0
60.77 0
60.78 0
60.79 0
60.8 0
60.81 0
60.82 0
60.83 0
60.84 0
60.85 0
60.86 0
60.87 0
60.88 0
60.89 0
60.9 0
60.91 0
60.92 0
60.93 0
60.94 0
60.95 0
60.96 0
60.97 0
60.98 0
60.99 0
61 0
61.01 0
61.02 0
61.03 0
61.04 0
61.05 0
61.06 0
61.07 0
61.08 0
61.09 0
61.1 0
61.11 0
61.12 0
61.13 0
61.14 0
61.15 0
61.16 0
61.17 0
61.18 0
61.19 0
61.2 0
61.21 0
61.22 0
61.23 0
61.24 0
61.25 0
61.26 0
61.27 0
61.28 0
61.29 0
61.3 0
61.31 0
61.32 0
61.33 0
61.34 0
61.35 0
61.36 0
61.37 0
61.38 0
61.39 0
61.4 0
61.41 0
61.42 0
61.43 0
61.44 0
61.45 0
61.46 0
61.47 0
61.48 0
61.49 0
61.5 0
61.51 0
61.52 0
61.53 0
61.54 0
61.55 0
61.56 0
61.57 0
61.58 0
61.59 0
61.6 0
61.61 0
61.62 0
61.63 0
61.64 0
61.65 0
61.66 0
61.67 0
61.68 0
61.69 0
61.7 0
61.71 0
61.72 0
61.73 0
61.74 0
61.75 0
61.76 0
61.77 0
61.78 0
61.79 0
61.8 0
61.81 0
61.82 0
61.83 0
61.84 0
61.85 0
61.86 0
61.87 0
61.88 0
61.89 0
61.9 0
61.91 0
61.92 0
61.93 0
61.94 0
61.95 0
61.96 0
61.97 0
61.98 0
61.99 0
62 0
62.01 0
62.02 0
62.03 0
62.04 0
62.05 0
62.06 0
62.07 0
62.08 0
62.09 0
62.1 0
62.11 0
62.12 0
62.13 0
62.14 0
62.15 0
62.16 0
62.17 0
62.18 0
62.19 0
62.2 0
62.21 0
62.22 0
62.23 0
62.24 0
62.25 0
62.26 0
62.27 0
62.28 0
62.29 0
62.3 0
62.31 0
62.32 0
62.33 0
62.34 0
62.35 0
62.36 0
62.37 0
62.38 0
62.39 0
62.4 0
62.41 0
62.42 0
62.43 0
62.44 0
62.45 0
62.46 0
62.47 0
62.48 0
62.49 0
62.5 0
62.51 0
62.52 0
62.53 0
62.54 0
62.55 0
62.56 0
62.57 0
62.58 0
62.59 0
62.6 0
62.61 0
62.62 0
62.63 0
62.64 0
62.65 0
62.66 0
62.67 0
62.68 0
62.69 0
62.7 0
62.71 0
62.72 0
62.73 0
62.74 0
62.75 0
62.76 0
62.77 0
62.78 0
62.79 0
62.8 0
62.81 0
62.82 0
62.83 0
62.84 0
62.85 0
62.86 0
62.87 0
62.88 0
62.89 0
62.9 0
62.91 0
62.92 0
62.93 0
62.94 0
62.95 0
62.96 0
62.97 0
62.98 0
62.99 0
