0 0
0.01 0
0.02 0
0.03 0
0.04 0
0.05 0
0.06 0
0.07 0
0.08 0
0.09 0
0.1 0
0.11 0
0.12 0
0.13 0
0.14 0
0.15 0
0.16 0
0.17 0
0.18 0
0.19 0
0.2 0
0.21 92
0.22 39
0.23 33
0.24 38
0.25 30
0.26 8
0.27 0
0.28 0
0.29 0
0.3 0
0.31 0
0.32 0
0.33 0
0.34 0
0.35 0
0.36 0
0.37 0
0.38 0
0.39 0
0.4 0
0.41 0
0.42 0
0.43 2
0.44 3
0.45 12
0.46 14
0.47 19
0.48 23
0.49 28
0.5 33
0.51 35
0.52 19
0.53 19
0.54 19
0.55 19
0.56 18
0.57 3
0.58 0
0.59 0
0.6 0
0.61 0
0.62 0
0.63 0
0.64 0
0.65 0
0.66 0
0.67 0
0.68 0
0.69 4
0.7 9
0.71 12
0.72 18
0.73 23
0.74 25
0.75 29
0.76 34
0.77 39
0.78 20
0.79 20
0.8 20
0.81 20
0.82 20
0.83 12
0.84 11
0.85 0
0.86 0
0.87 0
0.88 0
0.89 0
0.9 0
0.91 0
0.92 2
0.93 5
0.94 11
0.95 13
0.96 19
0.97 23
0.98 25
0.99 28
1 34
1.01 36
1.02 20
1.03 20
1.04 20
1.05 20
1.06 20
1.07 17
1.08 12
1.09 4
1.1 0
1.11 0
1.12 0
1.13 0
1.14 0
1.15 0
1.16 0
1.17 0
1.18 0
1.19 0
1.2 0
1.21 0
1.22 0
1.23 0
1.24 6
1.25 10
1.26 12
1.27 15
1.28 19
1.29 23
1.3 26
1.31 30
1.32 34
1.33 37
1.34 20
1.35 20
1.36 20
1.37 20
1.38 15
1.39 14
1.4 1
1.41 0
1.42 0
1.43 0
1.44 0
1.45 0
1.46 0
1.47 0
1.48 0
1.49 0
1.5 0
1.51 0
1.52 1
1.53 6
1.54 9
1.55 13
1.56 19
1.57 25
1.58 27
1.59 29
1.6 34
1.61 33
1.62 20
1.63 20
1.64 20
1.65 20
1.66 10
1.67 12
1.68 8
1.69 0
1.7 0
1.71 0
1.72 0
1.73 0
1.74 0
1.75 0
1.76 0
1.77 0
1.78 0
1.79 0
1.8 1
1.81 7
1.82 12
1.83 19
1.84 26
1.85 31
1.86 35
1.87 41
1.88 20
1.89 20
1.9 20
1.91 20
1.92 20
1.93 21
1.94 15
1.95 14
1.96 0
1.97 0
1.98 0
1.99 0
2 0
2.01 0
2.02 0
2.03 0
2.04 0
2.05 0
2.06 0
2.07 2
2.08 9
2.09 13
2.1 17
2.11 21
2.12 27
2.13 31
2.14 34
2.15 40
2.16 21
2.17 21
2.18 21
2.19 21
2.2 14
2.21 9
2.22 4
2.23 5
2.24 0
2.25 0
2.26 0
2.27 0
2.28 0
2.29 0
2.3 0
2.31 0
2.32 0
2.33 0
2.34 5
2.35 11
2.36 14
2.37 18
2.38 23
2.39 29
2.4 32
2.41 35
2.42 39
2.43 21
2.44 21
2.45 21
2.46 21
2.47 19
2.48 11
2.49 0
2.5 0
2.51 0
2.52 0
2.53 0
2.54 0
2.55 0
2.56 0
2.57 0
2.58 0
2.59 0
2.6 0
2.61 2
2.62 6
2.63 9
2.64 14
2.65 19
2.66 22
2.67 25
2.68 31
2.69 36
2.7 35
2.71 21
2.72 20
2.73 20
2.74 20
2.75 13
2.76 5
2.77 0
2.78 0
2.79 0
2.8 0
2.81 0
2.82 0
2.83 0
2.84 0
2.85 0
2.86 0
2.87 2
2.88 7
2.89 12
2.9 16
2.91 18
2.92 23
2.93 28
2.94 32
2.95 36
2.96 41
2.97 21
2.98 21
2.99 21
3 22
3.01 16
3.02 5
3.03 0
3.04 2
3.05 0
3.06 0
3.07 0
3.08 0
3.09 0
3.1 0
3.11 0
3.12 0
3.13 0
3.14 0
3.15 3
3.16 9
3.17 12
3.18 17
3.19 24
3.2 26
3.21 29
3.22 34
3.23 42
3.24 21
3.25 21
3.26 21
3.27 21
3.28 18
3.29 5
3.3 2
3.31 7
3.32 0
3.33 0
3.34 0
3.35 0
3.36 0
3.37 0
3.38 0
3.39 0
3.4 0
3.41 0
3.42 4
3.43 9
3.44 13
3.45 18
3.46 22
3.47 27
3.48 29
3.49 35
3.5 37
3.51 20
3.52 20
3.53 20
3.54 20
3.55 16
3.56 15
3.57 12
3.58 8
3.59 0
3.6 0
3.61 0
3.62 0
3.63 0
3.64 0
3.65 0
3.66 0
3.67 0
3.68 0
3.69 0
3.7 0
3.71 0
3.72 6
3.73 9
3.74 14
3.75 19
3.76 21
3.77 25
3.78 29
3.79 33
3.8 36
3.81 19
3.82 19
3.83 19
3.84 19
3.85 13
3.86 8
3.87 0
3.88 0
3.89 0
3.9 0
3.91 0
3.92 0
3.93 0
3.94 0
3.95 0
3.96 0
3.97 0
3.98 0
3.99 0
4 0
4.01 5
4.02 8
4.03 16
4.04 21
4.05 23
4.06 21
4.07 28
4.08 33
4.09 36
4.1 21
4.11 20
4.12 20
4.13 20
4.14 18
4.15 19
4.16 11
4.17 6
4.18 0
4.19 0
4.2 0
4.21 0
4.22 0
4.23 0
4.24 0
4.25 0
4.26 0
4.27 0
4.28 0
4.29 0
4.3 1
4.31 6
4.32 10
4.33 14
4.34 19
4.35 22
4.36 27
4.37 29
4.38 32
4.39 36
4.4 20
4.41 20
4.42 20
4.43 20
4.44 17
4.45 12
4.46 10
4.47 4
4.48 0
4.49 0
4.5 0
4.51 0
4.52 0
4.53 0
4.54 0
4.55 0
4.56 0
4.57 0
4.58 0
4.59 0
4.6 0
4.61 4
4.62 9
4.63 14
4.64 19
4.65 22
4.66 26
4.67 32
4.68 36
4.69 29
4.7 20
4.71 21
4.72 20
4.73 20
4.74 15
4.75 12
4.76 4
4.77 0
4.78 0
4.79 0
4.8 0
4.81 0
4.82 0
4.83 0
4.84 0
4.85 0
4.86 1
4.87 5
4.88 9
4.89 14
4.9 17
4.91 21
4.92 25
4.93 31
4.94 34
4.95 23
4.96 19
4.97 19
4.98 19
4.99 19
5 15
5.01 15
5.02 8
5.03 0
5.04 0
5.05 0
5.06 0
5.07 0
5.08 0
5.09 0
5.1 0
5.11 0
5.12 0
5.13 0
5.14 0
5.15 2
5.16 7
5.17 12
5.18 17
5.19 22
5.2 26
5.21 29
5.22 32
5.23 36
5.24 21
5.25 20
5.26 20
5.27 21
5.28 20
5.29 17
5.3 18
5.31 9
5.32 0
5.33 0
5.34 0
5.35 0
5.36 0
5.37 0
5.38 0
5.39 0
5.4 0
5.41 0
5.42 0
5.43 0
5.44 0
5.45 6
5.46 13
5.47 15
5.48 20
5.49 26
5.5 30
5.51 34
5.52 37
5.53 20
5.54 20
5.55 20
5.56 21
5.57 16
5.58 4
5.59 3
5.6 5
5.61 0
5.62 0
5.63 0
5.64 0
5.65 0
5.66 0
5.67 0
5.68 0
5.69 0
5.7 0
5.71 0
5.72 1
5.73 6
5.74 12
5.75 16
5.76 22
5.77 28
5.78 32
5.79 36
5.8 36
5.81 20
5.82 20
5.83 20
5.84 21
5.85 16
5.86 17
5.87 11
5.88 0
5.89 0
5.9 0
5.91 0
5.92 0
5.93 0
5.94 0
5.95 0
5.96 0
5.97 0
5.98 0
5.99 0
6 0
6.01 0
6.02 4
6.03 8
6.04 13
6.05 17
6.06 20
6.07 25
6.08 30
6.09 34
6.1 35
6.11 19
6.12 19
6.13 19
6.14 19
6.15 19
6.16 16
6.17 8
6.18 4
6.19 0
6.2 0
6.21 0
6.22 0
6.23 0
6.24 0
6.25 0
6.26 0
6.27 0
6.28 0
6.29 0
6.3 0
6.31 3
6.32 8
6.33 14
6.34 18
6.35 21
6.36 25
6.37 29
6.38 33
6.39 35
6.4 20
6.41 19
6.42 19
6.43 19
6.44 19
6.45 12
6.46 9
6.47 0
6.48 0
6.49 0
6.5 0
6.51 0
6.52 0
6.53 0
6.54 0
6.55 0
6.56 0
6.57 0
6.58 0
6.59 0
6.6 0
6.61 3
6.62 7
6.63 13
6.64 18
6.65 22
6.66 26
6.67 28
6.68 34
6.69 37
6.7 26
6.71 21
6.72 21
6.73 21
6.74 21
6.75 14
6.76 18
6.77 19
6.78 6
6.79 0
6.8 0
6.81 0
6.82 0
6.83 0
6.84 0
6.85 0
6.86 0
6.87 0
6.88 0
6.89 0
6.9 0
6.91 0
6.92 3
6.93 10
6.94 15
6.95 19
6.96 23
6.97 28
6.98 32
6.99 35
7 37
7.01 20
7.02 21
7.03 20
7.04 21
7.05 15
7.06 12
7.07 11
7.08 6
7.09 0
7.1 0
7.11 0
7.12 0
7.13 0
7.14 0
7.15 0
7.16 0
7.17 0
7.18 0
7.19 0
7.2 0
7.21 0
7.22 3
7.23 8
7.24 12
7.25 17
7.26 21
7.27 26
7.28 29
7.29 33
7.3 37
7.31 28
7.32 21
7.33 21
7.34 21
7.35 21
7.36 13
7.37 14
7.38 9
7.39 4
7.4 0
7.41 0
7.42 0
7.43 0
7.44 0
7.45 0
7.46 0
7.47 0
7.48 0
7.49 4
7.5 8
7.51 13
7.52 16
7.53 20
7.54 24
7.55 27
7.56 31
7.57 34
7.58 25
7.59 20
7.6 20
7.61 20
7.62 20
7.63 10
7.64 9
7.65 2
7.66 0
7.67 0
7.68 0
7.69 0
7.7 0
7.71 0
7.72 0
7.73 0
7.74 0
7.75 0
7.76 0
7.77 2
7.78 6
7.79 10
7.8 16
7.81 19
7.82 25
7.83 28
7.84 33
7.85 37
7.86 19
7.87 19
7.88 19
7.89 19
7.9 19
7.91 15
7.92 9
7.93 7
7.94 0
7.95 0
7.96 0
7.97 0
7.98 0
7.99 0
8 0
8.01 0
8.02 0
8.03 0
8.04 0
8.05 2
8.06 7
8.07 11
8.08 15
8.09 20
8.1 26
8.11 29
8.12 33
8.13 37
8.14 20
8.15 20
8.16 20
8.17 20
8.18 17
8.19 8
8.2 9
8.21 8
8.22 0
8.23 0
8.24 0
8.25 0
8.26 0
8.27 0
8.28 0
8.29 0
8.3 0
8.31 0
8.32 0
8.33 0
8.34 0
8.35 5
8.36 8
8.37 14
8.38 18
8.39 21
8.4 25
8.41 29
8.42 32
8.43 36
8.44 22
8.45 20
8.46 20
8.47 20
8.48 16
8.49 7
8.5 0
8.51 0
8.52 0
8.53 0
8.54 0
8.55 0
8.56 0
8.57 0
8.58 0
8.59 0
8.6 0
8.61 0
8.62 4
8.63 8
8.64 12
8.65 18
8.66 22
8.67 24
8.68 29
8.69 32
8.7 35
8.71 28
8.72 20
8.73 20
8.74 21
8.75 20
8.76 17
8.77 7
8.78 0
8.79 0
8.8 0
8.81 0
8.82 0
8.83 0
8.84 0
8.85 0
8.86 0
8.87 0
8.88 0
8.89 0
8.9 0
8.91 2
8.92 8
8.93 12
8.94 15
8.95 19
8.96 24
8.97 27
8.98 31
8.99 36
9 20
9.01 20
9.02 20
9.03 19
9.04 19
9.05 18
9.06 13
9.07 8
9.08 0
9.09 0
9.1 0
9.11 0
9.12 0
9.13 0
9.14 0
9.15 0
9.16 0
9.17 0
9.18 0
9.19 0
9.2 1
9.21 6
9.22 10
9.23 14
9.24 18
9.25 21
9.26 26
9.27 30
9.28 34
9.29 38
9.3 21
9.31 20
9.32 20
9.33 20
9.34 16
9.35 11
9.36 9
9.37 8
9.38 0
9.39 0
9.4 0
9.41 0
9.42 0
9.43 0
9.44 0
9.45 0
9.46 0
9.47 0
9.48 0
9.49 0
9.5 7
9.51 11
9.52 16
9.53 20
9.54 26
9.55 30
9.56 33
9.57 39
9.58 19
9.59 19
9.6 19
9.61 20
9.62 19
9.63 13
9.64 11
9.65 13
9.66 0
9.67 0
9.68 0
9.69 0
9.7 0
9.71 0
9.72 0
9.73 0
9.74 0
9.75 0
9.76 0
9.77 0
9.78 0
9.79 0
9.8 3
9.81 8
9.82 13
9.83 17
9.84 22
9.85 25
9.86 30
9.87 32
9.88 37
9.89 21
9.9 21
9.91 21
9.92 21
9.93 21
9.94 21
9.95 16
9.96 17
9.97 4
9.98 0
9.99 0
10 0
10.01 0
10.02 0
10.03 0
10.04 0
10.05 0
10.06 0
10.07 0
10.08 0
10.09 0
10.1 0
10.11 1
10.12 6
10.13 11
10.14 14
10.15 18
10.16 23
10.17 26
10.18 29
10.19 32
10.2 36
10.21 20
10.22 20
10.23 20
10.24 20
10.25 13
10.26 2
10.27 2
10.28 0
10.29 0
10.3 0
10.31 0
10.32 0
10.33 0
10.34 0
10.35 0
10.36 0
10.37 0
10.38 0
10.39 0
10.4 1
10.41 8
10.42 10
10.43 15
10.44 19
10.45 24
10.46 28
10.47 31
10.48 35
10.49 38
10.5 22
10.51 21
10.52 21
10.53 21
10.54 21
10.55 17
10.56 14
10.57 11
10.58 0
10.59 0
10.6 0
10.61 0
10.62 0
10.63 0
10.64 0
10.65 0
10.66 0
10.67 0
10.68 0
10.69 0
10.7 2
10.71 7
10.72 10
10.73 15
10.74 19
10.75 23
10.76 27
10.77 31
10.78 34
10.79 35
10.8 20
10.81 20
10.82 20
10.83 20
10.84 20
10.85 17
10.86 18
10.87 14
10.88 0
10.89 0
10.9 0
10.91 0
10.92 0
10.93 0
10.94 0
10.95 0
10.96 0
10.97 0
10.98 0
10.99 0
11 0
11.01 5
11.02 9
11.03 14
11.04 19
11.05 23
11.06 28
11.07 31
11.08 37
11.09 40
11.1 20
11.11 20
11.12 20
11.13 20
11.14 19
11.15 15
11.16 10
11.17 4
11.18 0
11.19 0
11.2 0
11.21 0
11.22 0
11.23 0
11.24 0
11.25 0
11.26 0
11.27 0
11.28 0
11.29 4
11.3 8
11.31 13
11.32 17
11.33 22
11.34 26
11.35 28
11.36 33
11.37 37
11.38 19
11.39 19
11.4 19
11.41 19
11.42 18
11.43 13
11.44 15
11.45 9
11.46 0
11.47 0
11.48 0
11.49 0
11.5 0
11.51 0
11.52 0
11.53 0
11.54 0
11.55 0
11.56 0
11.57 6
11.58 10
11.59 13
11.6 20
11.61 25
11.62 29
11.63 32
11.64 37
11.65 19
11.66 19
11.67 19
11.68 19
11.69 19
11.7 19
11.71 18
11.72 17
11.73 1
11.74 0
11.75 0
11.76 0
11.77 0
11.78 0
11.79 0
11.8 0
11.81 0
11.82 0
11.83 0
11.84 0
11.85 1
11.86 6
11.87 12
11.88 15
11.89 19
11.9 24
11.91 28
11.92 31
11.93 34
11.94 35
11.95 20
11.96 20
11.97 21
11.98 20
11.99 18
12 15
12.01 14
12.02 5
12.03 0
12.04 0
12.05 0
12.06 0
12.07 0
12.08 0
12.09 0
12.1 0
12.11 0
12.12 0
12.13 0
12.14 1
12.15 5
12.16 10
12.17 15
12.18 18
12.19 21
12.2 27
12.21 30
12.22 34
12.23 33
12.24 19
12.25 19
12.26 19
12.27 19
12.28 19
12.29 16
12.3 9
12.31 0
12.32 0
12.33 0
12.34 0
12.35 0
12.36 0
12.37 0
12.38 0
12.39 0
12.4 0
12.41 0
12.42 0
12.43 5
12.44 10
12.45 15
12.46 20
12.47 24
12.48 27
12.49 33
12.5 37
12.51 22
12.52 21
12.53 20
12.54 20
12.55 16
12.56 11
12.57 0
12.58 0
12.59 0
12.6 0
12.61 0
12.62 0
12.63 0
12.64 0
12.65 0
12.66 0
12.67 0
12.68 0
12.69 1
12.7 5
12.71 10
12.72 15
12.73 18
12.74 21
12.75 25
12.76 30
12.77 34
12.78 38
12.79 20
12.8 20
12.81 20
12.82 20
12.83 9
12.84 3
12.85 0
12.86 0
12.87 0
12.88 0
12.89 0
12.9 0
12.91 0
12.92 0
12.93 0
12.94 0
12.95 0
12.96 0
12.97 0
12.98 3
12.99 8
13 12
13.01 16
13.02 21
13.03 26
13.04 30
13.05 33
13.06 37
13.07 40
13.08 23
13.09 22
13.1 22
13.11 22
13.12 19
13.13 20
13.14 14
13.15 8
13.16 0
13.17 0
13.18 0
13.19 0
13.2 0
13.21 0
13.22 0
13.23 0
13.24 0
13.25 0
13.26 0
13.27 0
13.28 4
13.29 10
13.3 16
13.31 20
13.32 25
13.33 29
13.34 33
13.35 37
13.36 39
13.37 21
13.38 21
13.39 21
13.4 21
13.41 21
13.42 6
13.43 0
13.44 0
13.45 0
13.46 0
13.47 0
13.48 0
13.49 0
13.5 0
13.51 0
13.52 0
13.53 0
13.54 0
13.55 0
13.56 5
13.57 9
13.58 13
13.59 18
13.6 22
13.61 27
13.62 29
13.63 34
13.64 38
13.65 23
13.66 22
13.67 22
13.68 22
13.69 18
13.7 15
13.71 8
13.72 0
13.73 0
13.74 0
13.75 0
13.76 0
13.77 0
13.78 0
13.79 0
13.8 0
13.81 0
13.82 0
13.83 0
13.84 3
13.85 10
13.86 13
13.87 19
13.88 24
13.89 28
13.9 31
13.91 35
13.92 39
13.93 23
13.94 22
13.95 22
13.96 22
13.97 14
13.98 12
13.99 11
14 5
14.01 0
14.02 0
14.03 0
14.04 0
14.05 0
14.06 0
14.07 0
14.08 4
14.09 10
14.1 14
14.11 19
14.12 23
14.13 27
14.14 32
14.15 38
14.16 31
14.17 21
14.18 21
14.19 21
14.2 21
14.21 7
14.22 7
14.23 1
14.24 0
14.25 0
14.26 0
14.27 0
14.28 0
14.29 0
14.3 0
14.31 0
14.32 0
14.33 0
14.34 0
14.35 0
14.36 0
14.37 4
14.38 10
14.39 14
14.4 18
14.41 23
14.42 28
14.43 31
14.44 37
14.45 31
14.46 20
14.47 20
14.48 20
14.49 20
14.5 16
14.51 8
14.52 2
14.53 0
14.54 0
14.55 0
14.56 0
14.57 0
14.58 0
14.59 0
14.6 0
14.61 0
14.62 0
14.63 0
14.64 0
14.65 3
14.66 5
14.67 10
14.68 14
14.69 19
14.7 23
14.71 27
14.72 33
14.73 37
14.74 29
14.75 20
14.76 20
14.77 20
14.78 20
14.79 19
14.8 11
14.81 7
14.82 5
14.83 0
14.84 0
14.85 0
14.86 0
14.87 0
14.88 0
14.89 0
14.9 0
14.91 0
14.92 0
14.93 0
14.94 0
14.95 0
14.96 5
14.97 7
14.98 12
14.99 15
15 20
15.01 24
15.02 26
15.03 28
15.04 32
15.05 34
15.06 23
15.07 21
15.08 21
15.09 21
15.1 18
15.11 16
15.12 9
15.13 10
15.14 5
15.15 0
15.16 0
15.17 0
15.18 0
15.19 0
15.2 0
15.21 0
15.22 0
15.23 0
15.24 0
15.25 0
15.26 7
15.27 11
15.28 14
15.29 21
15.3 26
15.31 30
15.32 32
15.33 39
15.34 20
15.35 20
15.36 21
15.37 20
15.38 17
15.39 15
15.4 12
15.41 12
15.42 2
15.43 0
15.44 0
15.45 0
15.46 0
15.47 0
15.48 0
15.49 0
15.5 0
15.51 0
15.52 0
15.53 3
15.54 10
15.55 11
15.56 15
15.57 19
15.58 23
15.59 28
15.6 32
15.61 37
15.62 26
15.63 20
15.64 20
15.65 20
15.66 21
15.67 20
15.68 13
15.69 5
15.7 0
15.71 0
15.72 0
15.73 0
15.74 0
15.75 0
15.76 0
15.77 0
15.78 0
15.79 0
15.8 0
15.81 0
15.82 1
15.83 5
15.84 11
15.85 16
15.86 20
15.87 25
15.88 29
15.89 33
15.9 35
15.91 27
15.92 20
15.93 21
15.94 20
15.95 20
15.96 15
15.97 12
15.98 3
15.99 0
16 0
16.01 0
16.02 0
16.03 0
16.04 0
16.05 0
16.06 0
16.07 0
16.08 0
16.09 0
16.1 0
16.11 3
16.12 7
16.13 12
16.14 17
16.15 20
16.16 25
16.17 28
16.18 33
16.19 36
16.2 24
16.21 20
16.22 20
16.23 20
16.24 20
16.25 18
16.26 18
16.27 16
16.28 2
16.29 0
16.3 0
16.31 0
16.32 0
16.33 0
16.34 0
16.35 0
16.36 0
16.37 0
16.38 0
16.39 0
16.4 0
16.41 1
16.42 6
16.43 11
16.44 13
16.45 19
16.46 23
16.47 27
16.48 30
16.49 33
16.5 37
16.51 20
16.52 20
16.53 20
16.54 20
16.55 14
16.56 14
16.57 16
16.58 7
16.59 0
16.6 0
16.61 0
16.62 0
16.63 0
16.64 0
16.65 0
16.66 0
16.67 0
16.68 0
16.69 0
16.7 0
16.71 1
16.72 9
16.73 14
16.74 17
16.75 22
16.76 26
16.77 30
16.78 34
16.79 38
16.8 22
16.81 21
16.82 21
16.83 21
16.84 20
16.85 18
16.86 16
16.87 7
16.88 0
16.89 0
16.9 0
16.91 0
16.92 0
16.93 0
16.94 0
16.95 0
16.96 0
16.97 0
16.98 0
16.99 0
17 0
17.01 6
17.02 10
17.03 15
17.04 19
17.05 24
17.06 28
17.07 33
17.08 37
17.09 24
17.1 20
17.11 21
17.12 20
17.13 17
17.14 16
17.15 14
17.16 14
17.17 5
17.18 0
17.19 0
17.2 0
17.21 0
17.22 0
17.23 0
17.24 0
17.25 0
17.26 0
17.27 0
17.28 0
17.29 2
17.3 6
17.31 11
17.32 15
17.33 19
17.34 22
17.35 28
17.36 32
17.37 36
17.38 39
17.39 21
17.4 21
17.41 21
17.42 21
17.43 12
17.44 5
17.45 6
17.46 4
17.47 0
17.48 0
17.49 0
17.5 0
17.51 0
17.52 0
17.53 0
17.54 0
17.55 0
17.56 0
17.57 0
17.58 0
17.59 4
17.6 8
17.61 12
17.62 17
17.63 20
17.64 26
17.65 31
17.66 33
17.67 35
17.68 20
17.69 20
17.7 20
17.71 20
17.72 17
17.73 19
17.74 12
17.75 9
17.76 1
17.77 0
17.78 0
17.79 0
17.8 0
17.81 0
17.82 0
17.83 0
17.84 0
17.85 3
17.86 8
17.87 11
17.88 14
17.89 20
17.9 24
17.91 27
17.92 32
17.93 35
17.94 21
17.95 20
17.96 20
17.97 20
17.98 15
17.99 9
18 3
18.01 3
18.02 0
18.03 0
18.04 0
18.05 0
18.06 0
18.07 0
18.08 0
18.09 0
18.1 0
18.11 0
18.12 0
18.13 1
18.14 5
18.15 9
18.16 15
18.17 20
18.18 24
18.19 28
18.2 32
18.21 36
18.22 29
18.23 20
18.24 20
18.25 20
18.26 20
18.27 12
18.28 0
18.29 0
18.3 0
18.31 0
18.32 0
18.33 0
18.34 0
18.35 0
18.36 0
18.37 0
18.38 0
18.39 0
18.4 0
18.41 2
18.42 6
18.43 10
18.44 14
18.45 20
18.46 23
18.47 29
18.48 33
18.49 38
18.5 21
18.51 20
18.52 20
18.53 20
18.54 19
18.55 20
18.56 17
18.57 13
18.58 0
18.59 0
18.6 0
18.61 0
18.62 0
18.63 0
18.64 0
18.65 0
18.66 0
18.67 0
18.68 0
18.69 0
18.7 0
18.71 4
18.72 11
18.73 14
18.74 20
18.75 25
18.76 29
18.77 33
18.78 37
18.79 25
18.8 20
18.81 20
18.82 21
18.83 20
18.84 10
18.85 10
18.86 13
18.87 2
18.88 0
18.89 0
18.9 0
18.91 0
18.92 0
18.93 0
18.94 0
18.95 0
18.96 0
18.97 0
18.98 1
18.99 8
19 13
19.01 18
19.02 24
19.03 28
19.04 31
19.05 34
19.06 33
19.07 20
19.08 20
19.09 20
19.1 20
19.11 11
19.12 14
19.13 9
19.14 6
19.15 0
19.16 0
19.17 0
19.18 0
19.19 0
19.2 0
19.21 0
19.22 0
19.23 3
19.24 8
19.25 11
19.26 17
19.27 19
19.28 21
19.29 27
19.3 33
19.31 36
19.32 19
19.33 19
19.34 19
19.35 19
19.36 14
19.37 11
19.38 8
19.39 5
19.4 0
19.41 0
19.42 0
19.43 0
19.44 0
19.45 0
19.46 0
19.47 0
19.48 0
19.49 0
19.5 0
19.51 0
19.52 0
19.53 6
19.54 9
19.55 14
19.56 18
19.57 24
19.58 28
19.59 32
19.6 36
19.61 30
19.62 20
19.63 21
19.64 21
19.65 20
19.66 9
19.67 7
19.68 0
19.69 0
19.7 0
19.71 0
19.72 0
19.73 0
19.74 0
19.75 0
19.76 0
19.77 0
19.78 2
19.79 8
19.8 15
19.81 17
19.82 20
19.83 25
19.84 30
19.85 34
19.86 37
19.87 20
19.88 20
19.89 20
19.9 20
19.91 19
19.92 9
19.93 2
19.94 0
19.95 0
19.96 0
19.97 0
19.98 0
19.99 0
20 0
20.01 0
20.02 0
20.03 0
20.04 0
20.05 0
20.06 5
20.07 11
20.08 15
20.09 20
20.1 25
20.11 29
20.12 32
20.13 36
20.14 33
20.15 21
20.16 21
20.17 21
20.18 21
20.19 17
20.2 13
20.21 7
20.22 0
20.23 0
20.24 0
20.25 0
20.26 0
20.27 0
20.28 0
20.29 0
20.3 0
20.31 0
20.32 0
20.33 0
20.34 1
20.35 5
20.36 10
20.37 16
20.38 20
20.39 23
20.4 26
20.41 31
20.42 35
20.43 30
20.44 19
20.45 20
20.46 19
20.47 19
20.48 16
20.49 16
20.5 17
20.51 12
20.52 0
20.53 0
20.54 0
20.55 0
20.56 0
20.57 0
20.58 0
20.59 0
20.6 0
20.61 0
20.62 0
20.63 0
20.64 2
20.65 6
20.66 12
20.67 16
20.68 19
20.69 25
20.7 30
20.71 32
20.72 36
20.73 20
20.74 20
20.75 20
20.76 20
20.77 21
20.78 16
20.79 14
20.8 18
20.81 3
20.82 0
20.83 0
20.84 0
20.85 0
20.86 0
20.87 0
20.88 4
20.89 6
20.9 11
20.91 15
20.92 18
20.93 21
20.94 25
20.95 28
20.96 30
20.97 17
20.98 17
20.99 17
21 17
21.01 13
21.02 6
21.03 5
21.04 7
21.05 0
21.06 0
21.07 0
21.08 0
21.09 0
21.1 0
21.11 0
21.12 0
21.13 0
21.14 0
21.15 5
21.16 7
21.17 12
21.18 19
21.19 21
21.2 27
21.21 32
21.22 38
21.23 37
21.24 21
21.25 21
21.26 21
21.27 21
21.28 17
21.29 20
21.3 16
21.31 5
21.32 0
21.33 0
21.34 0
21.35 0
21.36 0
21.37 0
21.38 0
21.39 0
21.4 0
21.41 0
21.42 0
21.43 0
21.44 2
21.45 5
21.46 10
21.47 14
21.48 18
21.49 22
21.5 26
21.51 31
21.52 33
21.53 37
21.54 20
21.55 20
21.56 20
21.57 20
21.58 19
21.59 8
21.6 4
21.61 0
21.62 0
21.63 0
21.64 0
21.65 0
21.66 0
21.67 0
21.68 0
21.69 0
21.7 0
21.71 0
21.72 0
21.73 6
21.74 9
21.75 13
21.76 18
21.77 22
21.78 27
21.79 30
21.8 35
21.81 36
21.82 19
21.83 19
21.84 19
21.85 19
21.86 14
21.87 11
21.88 2
21.89 0
21.9 0
21.91 0
21.92 0
21.93 0
21.94 0
21.95 0
21.96 0
21.97 0
21.98 0
21.99 0
22 0
22.01 5
22.02 10
22.03 14
22.04 17
22.05 22
22.06 25
22.07 29
22.08 32
22.09 35
22.1 28
22.11 21
22.12 21
22.13 21
22.14 21
22.15 15
22.16 10
22.17 5
22.18 0
22.19 0
22.2 0
22.21 0
22.22 0
22.23 0
22.24 0
22.25 0
22.26 0
22.27 0
22.28 0
22.29 0
22.3 4
22.31 9
22.32 15
22.33 19
22.34 22
22.35 26
22.36 30
22.37 33
22.38 36
22.39 20
22.4 20
22.41 20
22.42 20
22.43 19
22.44 18
22.45 11
22.46 4
22.47 0
22.48 0
22.49 0
22.5 0
22.51 0
22.52 0
22.53 0
22.54 0
22.55 0
22.56 0
22.57 0
22.58 0
22.59 0
22.6 4
22.61 9
22.62 14
22.63 18
22.64 22
22.65 24
22.66 29
22.67 32
22.68 37
22.69 20
22.7 21
22.71 20
22.72 21
22.73 19
22.74 10
22.75 9
22.76 3
22.77 0
22.78 0
22.79 0
22.8 0
22.81 0
22.82 0
22.83 0
22.84 0
22.85 0
22.86 0
22.87 0
22.88 0
22.89 2
22.9 7
22.91 12
22.92 18
22.93 21
22.94 26
22.95 31
22.96 34
22.97 38
22.98 20
22.99 20
23 20
23.01 20
23.02 18
23.03 14
23.04 15
23.05 14
23.06 0
23.07 0
23.08 0
23.09 0
23.1 0
23.11 0
23.12 0
23.13 0
23.14 0
23.15 2
23.16 5
23.17 8
23.18 14
23.19 20
23.2 27
23.21 31
23.22 35
23.23 39
23.24 20
23.25 20
23.26 20
23.27 20
23.28 18
23.29 11
23.3 5
23.31 7
23.32 0
23.33 0
23.34 0
23.35 0
23.36 0
23.37 0
23.38 0
23.39 0
23.4 0
23.41 0
23.42 2
23.43 6
23.44 11
23.45 17
23.46 22
23.47 26
23.48 31
23.49 36
23.5 40
23.51 20
23.52 20
23.53 20
23.54 20
23.55 14
23.56 17
23.57 15
23.58 17
23.59 6
23.6 0
23.61 0
23.62 0
23.63 0
23.64 0
23.65 0
23.66 0
23.67 0
23.68 0
23.69 0
23.7 0
23.71 3
23.72 7
23.73 12
23.74 14
23.75 20
23.76 23
23.77 24
23.78 30
23.79 34
23.8 32
23.81 19
23.82 19
23.83 19
23.84 19
23.85 5
23.86 3
23.87 0
23.88 0
23.89 0
23.9 0
23.91 0
23.92 0
23.93 0
23.94 0
23.95 0
23.96 0
23.97 0
23.98 0
23.99 0
24 0
24.01 0
24.02 1
24.03 5
24.04 14
24.05 17
24.06 22
24.07 27
24.08 32
24.09 34
24.1 39
24.11 21
24.12 22
24.13 21
24.14 21
24.15 19
24.16 17
24.17 19
24.18 17
24.19 6
24.2 0
24.21 0
24.22 0
24.23 0
24.24 0
24.25 0
24.26 0
24.27 0
24.28 0
24.29 0
24.3 2
24.31 7
24.32 11
24.33 15
24.34 19
24.35 24
24.36 27
24.37 30
24.38 34
24.39 31
24.4 20
24.41 21
24.42 20
24.43 20
24.44 18
24.45 15
24.46 13
24.47 0
24.48 0
24.49 0
24.5 0
24.51 0
24.52 0
24.53 0
24.54 0
24.55 0
24.56 0
24.57 0
24.58 0
24.59 0
24.6 5
24.61 10
24.62 15
24.63 18
24.64 22
24.65 28
24.66 30
24.67 33
24.68 36
24.69 20
24.7 21
24.71 20
24.72 20
24.73 16
24.74 13
24.75 11
24.76 2
24.77 0
24.78 0
24.79 0
24.8 0
24.81 0
24.82 0
24.83 0
24.84 0
24.85 0
24.86 0
24.87 0
24.88 0
24.89 0
24.9 0
24.91 0
24.92 3
24.93 8
24.94 12
24.95 16
24.96 19
24.97 24
24.98 27
24.99 30
25 33
25.01 37
25.02 20
25.03 20
25.04 21
25.05 21
25.06 17
25.07 11
25.08 6
25.09 0
25.1 0
25.11 0
25.12 0
25.13 0
25.14 0
25.15 0
25.16 0
25.17 0
25.18 1
25.19 5
25.2 8
25.21 11
25.22 16
25.23 21
25.24 24
25.25 28
25.26 33
25.27 36
25.28 19
25.29 19
25.3 19
25.31 19
25.32 19
25.33 17
25.34 18
25.35 0
25.36 0
25.37 0
25.38 0
25.39 0
25.4 0
25.41 0
25.42 0
25.43 0
25.44 0
25.45 0
25.46 0
25.47 0
25.48 0
25.49 0
25.5 0
25.51 1
25.52 5
25.53 7
25.54 13
25.55 15
25.56 19
25.57 23
25.58 27
25.59 30
25.6 34
25.61 38
25.62 20
25.63 20
25.64 20
25.65 20
25.66 20
25.67 12
25.68 0
25.69 0
25.7 0
25.71 0
25.72 0
25.73 0
25.74 0
25.75 0
25.76 0
25.77 0
25.78 0
25.79 0
25.8 3
25.81 6
25.82 11
25.83 16
25.84 21
25.85 26
25.86 29
25.87 34
25.88 36
25.89 26
25.9 22
25.91 21
25.92 21
25.93 21
25.94 17
25.95 14
25.96 18
25.97 5
25.98 0
25.99 0
26 0
26.01 0
26.02 0
26.03 0
26.04 1
26.05 6
26.06 10
26.07 17
26.08 24
26.09 26
26.1 30
26.11 33
26.12 34
26.13 21
26.14 20
26.15 20
26.16 20
26.17 19
26.18 13
26.19 13
26.2 3
26.21 0
26.22 0
26.23 0
26.24 0
26.25 0
26.26 0
26.27 0
26.28 0
26.29 0
26.3 0
26.31 1
26.32 5
26.33 10
26.34 16
26.35 19
26.36 24
26.37 29
26.38 33
26.39 37
26.4 19
26.41 19
26.42 20
26.43 19
26.44 16
26.45 11
26.46 10
26.47 7
26.48 0
26.49 0
26.5 0
26.51 0
26.52 0
26.53 0
26.54 0
26.55 0
26.56 0
26.57 5
26.58 9
26.59 15
26.6 18
26.61 23
26.62 27
26.63 30
26.64 34
26.65 31
26.66 19
26.67 19
26.68 20
26.69 19
26.7 9
26.71 7
26.72 1
26.73 0
26.74 0
26.75 0
26.76 0
26.77 0
26.78 0
26.79 0
26.8 0
26.81 0
26.82 0
26.83 0
26.84 2
26.85 6
26.86 9
26.87 14
26.88 18
26.89 22
26.9 24
26.91 29
26.92 31
26.93 34
26.94 23
26.95 20
26.96 20
26.97 20
26.98 20
26.99 12
27 11
27.01 10
27.02 0
27.03 0
27.04 0
27.05 0
27.06 0
27.07 0
27.08 0
27.09 0
27.1 0
27.11 0
27.12 0
27.13 0
27.14 0
27.15 0
27.16 0
27.17 1
27.18 6
27.19 9
27.2 13
27.21 17
27.22 21
27.23 24
27.24 28
27.25 31
27.26 34
27.27 37
27.28 21
27.29 21
27.3 21
27.31 21
27.32 21
27.33 20
27.34 16
27.35 2
27.36 0
27.37 0
27.38 0
27.39 0
27.4 0
27.41 0
27.42 0
27.43 0
27.44 0
27.45 0
27.46 0
27.47 0
27.48 0
27.49 0
27.5 1
27.51 6
27.52 9
27.53 14
27.54 18
27.55 22
27.56 25
27.57 28
27.58 32
27.59 36
27.6 25
27.61 21
27.62 21
27.63 21
27.64 20
27.65 18
27.66 18
27.67 17
27.68 1
27.69 0
27.7 0
27.71 0
27.72 0
27.73 0
27.74 0
27.75 0
27.76 0
27.77 0
27.78 3
27.79 4
27.8 10
27.81 16
27.82 20
27.83 23
27.84 28
27.85 33
27.86 36
27.87 27
27.88 21
27.89 20
27.9 20
27.91 20
27.92 17
27.93 14
27.94 2
27.95 0
27.96 0
27.97 0
27.98 0
27.99 0
28 0
28.01 0
28.02 0
28.03 0
28.04 0
28.05 0
28.06 5
28.07 10
28.08 13
28.09 18
28.1 22
28.11 27
28.12 31
28.13 36
28.14 39
28.15 21
28.16 21
28.17 22
28.18 21
28.19 18
28.2 12
28.21 6
28.22 0
28.23 0
28.24 0
28.25 0
28.26 0
28.27 0
28.28 0
28.29 0
28.3 0
28.31 0
28.32 0
28.33 1
28.34 7
28.35 10
28.36 15
28.37 21
28.38 25
28.39 30
28.4 35
28.41 39
28.42 28
28.43 21
28.44 21
28.45 21
28.46 21
28.47 20
28.48 21
28.49 20
28.5 6
28.51 0
28.52 0
28.53 0
28.54 0
28.55 0
28.56 0
28.57 0
28.58 0
28.59 0
28.6 0
28.61 0
28.62 0
28.63 0
28.64 0
28.65 4
28.66 10
28.67 12
28.68 17
28.69 22
28.7 25
28.71 28
28.72 32
28.73 38
28.74 20
28.75 20
28.76 20
28.77 20
28.78 19
28.79 20
28.8 17
28.81 7
28.82 0
28.83 0
28.84 0
28.85 0
28.86 0
28.87 0
28.88 0
28.89 0
28.9 0
28.91 0
28.92 2
28.93 8
28.94 11
28.95 16
28.96 20
28.97 24
28.98 28
28.99 31
29 36
29.01 35
29.02 21
29.03 21
29.04 21
29.05 21
29.06 19
29.07 12
29.08 15
29.09 3
29.1 0
29.11 0
29.12 0
29.13 0
29.14 0
29.15 0
29.16 0
29.17 0
29.18 0
29.19 0
29.2 0
29.21 0
29.22 4
29.23 8
29.24 11
29.25 17
29.26 24
29.27 27
29.28 31
29.29 34
29.3 39
29.31 20
29.32 21
29.33 20
29.34 20
29.35 20
29.36 18
29.37 15
29.38 8
29.39 0
29.4 0
29.41 0
29.42 0
29.43 0
29.44 0
29.45 0
29.46 0
29.47 0
29.48 0
29.49 0
29.5 4
29.51 10
29.52 14
29.53 18
29.54 23
29.55 29
29.56 32
29.57 36
29.58 19
29.59 20
29.6 19
29.61 19
29.62 15
29.63 9
29.64 3
29.65 0
29.66 0
29.67 0
29.68 0
29.69 0
29.7 0
29.71 0
29.72 0
29.73 0
29.74 0
29.75 0
29.76 0
29.77 5
29.78 10
29.79 15
29.8 19
29.81 23
29.82 27
29.83 30
29.84 35
29.85 37
29.86 21
29.87 21
29.88 21
29.89 22
29.9 18
29.91 20
29.92 15
29.93 10
29.94 0
29.95 0
29.96 0
29.97 0
29.98 0
29.99 0
30 0
30.01 0
30.02 0
30.03 0
30.04 0
30.05 4
30.06 7
30.07 12
30.08 18
30.09 21
30.1 26
30.11 33
30.12 38
30.13 40
30.14 21
30.15 21
30.16 21
30.17 21
30.18 21
30.19 21
30.2 21
30.21 11
30.22 0
30.23 0
30.24 0
30.25 0
30.26 0
30.27 0
30.28 0
30.29 0
30.3 0
30.31 0
30.32 0
30.33 0
30.34 0
30.35 0
30.36 1
30.37 5
30.38 8
30.39 14
30.4 15
30.41 20
30.42 23
30.43 27
30.44 30
30.45 34
30.46 27
30.47 19
30.48 19
30.49 20
30.5 19
30.51 16
30.52 4
30.53 0
30.54 0
30.55 0
30.56 0
30.57 0
30.58 0
30.59 0
30.6 0
30.61 0
30.62 0
30.63 0
30.64 4
30.65 7
30.66 11
30.67 15
30.68 19
30.69 23
30.7 28
30.71 31
30.72 35
30.73 19
30.74 19
30.75 19
30.76 19
30.77 13
30.78 2
30.79 0
30.8 0
30.81 0
30.82 0
30.83 0
30.84 0
30.85 0
30.86 0
30.87 0
30.88 0
30.89 0
30.9 0
30.91 2
30.92 10
30.93 14
30.94 18
30.95 21
30.96 27
30.97 30
30.98 34
30.99 39
31 20
31.01 20
31.02 20
31.03 20
31.04 20
31.05 10
31.06 6
31.07 0
31.08 0
31.09 0
31.1 0
31.11 0
31.12 0
31.13 0
31.14 0
31.15 0
31.16 0
31.17 5
31.18 8
31.19 14
31.2 21
31.21 23
31.22 27
31.23 31
31.24 35
31.25 25
31.26 20
31.27 20
31.28 20
31.29 19
31.3 14
31.31 17
31.32 9
31.33 0
31.34 0
31.35 0
31.36 0
31.37 0
31.38 0
31.39 0
31.4 0
31.41 0
31.42 5
31.43 11
31.44 15
31.45 20
31.46 25
31.47 30
31.48 34
31.49 40
31.5 19
31.51 19
31.52 19
31.53 19
31.54 13
31.55 11
31.56 10
31.57 0
31.58 0
31.59 0
31.6 0
31.61 0
31.62 0
31.63 0
31.64 0
31.65 0
31.66 0
31.67 5
31.68 10
31.69 16
31.7 21
31.71 25
31.72 30
31.73 34
31.74 37
31.75 19
31.76 19
31.77 19
31.78 19
31.79 11
31.8 7
31.81 0
31.82 0
31.83 0
31.84 0
31.85 0
31.86 0
31.87 0
31.88 0
31.89 0
31.9 0
31.91 0
31.92 4
31.93 8
31.94 12
31.95 17
31.96 22
31.97 27
31.98 31
31.99 36
32 37
32.01 20
32.02 20
32.03 20
32.04 20
32.05 20
32.06 12
32.07 11
32.08 3
32.09 0
32.1 0
32.11 0
32.12 0
32.13 0
32.14 0
32.15 0
32.16 0
32.17 0
32.18 0
32.19 0
32.2 5
32.21 9
32.22 14
32.23 18
32.24 21
32.25 26
32.26 29
32.27 35
32.28 39
32.29 20
32.3 20
32.31 20
32.32 20
32.33 17
32.34 14
32.35 12
32.36 7
32.37 0
32.38 0
32.39 0
32.4 0
32.41 0
32.42 0
32.43 0
32.44 0
32.45 0
32.46 0
32.47 0
32.48 0
32.49 0
32.5 1
32.51 6
32.52 10
32.53 17
32.54 20
32.55 25
32.56 29
32.57 34
32.58 38
32.59 20
32.6 20
32.61 20
32.62 20
32.63 17
32.64 14
32.65 16
32.66 10
32.67 0
32.68 0
32.69 0
32.7 0
32.71 0
32.72 0
32.73 0
32.74 0
32.75 0
32.76 0
32.77 0
32.78 1
32.79 4
32.8 7
32.81 15
32.82 18
32.83 20
32.84 24
32.85 29
32.86 34
32.87 36
32.88 19
32.89 19
32.9 20
32.91 19
32.92 19
32.93 10
32.94 5
32.95 0
32.96 0
32.97 0
32.98 0
32.99 0
33 0
33.01 0
33.02 0
33.03 0
33.04 0
33.05 0
33.06 0
33.07 0
33.08 0
33.09 2
33.1 5
33.11 9
33.12 13
33.13 17
33.14 19
33.15 23
33.16 27
33.17 31
33.18 34
33.19 26
33.2 20
33.21 20
33.22 20
33.23 20
33.24 16
33.25 8
33.26 5
33.27 0
33.28 0
33.29 0
33.3 0
33.31 0
33.32 0
33.33 0
33.34 0
33.35 0
33.36 0
33.37 0
33.38 0
33.39 3
33.4 9
33.41 13
33.42 16
33.43 20
33.44 25
33.45 29
33.46 33
33.47 38
33.48 31
33.49 21
33.5 22
33.51 21
33.52 21
33.53 20
33.54 16
33.55 18
33.56 16
33.57 7
33.58 0
33.59 0
33.6 0
33.61 0
33.62 0
33.63 0
33.64 0
33.65 0
33.66 0
33.67 0
33.68 1
33.69 3
33.7 7
33.71 13
33.72 17
33.73 21
33.74 26
33.75 30
33.76 34
33.77 38
33.78 19
33.79 19
33.8 19
33.81 19
33.82 10
33.83 11
33.84 7
33.85 7
33.86 0
33.87 0
33.88 0
33.89 0
33.9 0
33.91 0
33.92 0
33.93 0
33.94 0
33.95 0
33.96 0
33.97 3
33.98 6
33.99 11
34 16
34.01 20
34.02 24
34.03 28
34.04 33
34.05 36
34.06 29
34.07 21
34.08 20
34.09 20
34.1 20
34.11 20
34.12 16
34.13 16
34.14 10
34.15 0
34.16 0
34.17 0
34.18 0
34.19 0
34.2 0
34.21 0
34.22 0
34.23 0
34.24 3
34.25 8
34.26 11
34.27 17
34.28 23
34.29 29
34.3 34
34.31 40
34.32 20
34.33 20
34.34 20
34.35 21
34.36 20
34.37 20
34.38 14
34.39 10
34.4 6
34.41 0
34.42 0
34.43 0
34.44 0
34.45 0
34.46 0
34.47 0
34.48 0
34.49 0
34.5 0
34.51 0
34.52 0
34.53 4
34.54 9
34.55 14
34.56 19
34.57 24
34.58 28
34.59 32
34.6 36
34.61 29
34.62 20
34.63 20
34.64 20
34.65 20
34.66 13
34.67 13
34.68 13
34.69 13
34.7 0
34.71 0
34.72 0
34.73 0
34.74 0
34.75 0
34.76 0
34.77 0
34.78 0
34.79 0
34.8 0
34.81 0
34.82 0
34.83 0
34.84 3
34.85 8
34.86 12
34.87 16
34.88 21
34.89 23
34.9 26
34.91 30
34.92 33
34.93 38
34.94 20
34.95 20
34.96 20
34.97 21
34.98 20
34.99 16
35 17
35.01 0
35.02 0
35.03 0
35.04 0
35.05 0
35.06 0
35.07 0
35.08 0
35.09 0
35.1 0
35.11 0
35.12 0
35.13 0
35.14 0
35.15 0
35.16 0
35.17 1
35.18 5
35.19 10
35.2 14
35.21 19
35.22 24
35.23 26
35.24 30
35.25 34
35.26 39
35.27 20
35.28 20
35.29 20
35.3 20
35.31 16
35.32 13
35.33 12
35.34 7
35.35 0
35.36 0
35.37 0
35.38 0
35.39 0
35.4 0
35.41 0
35.42 0
35.43 0
35.44 0
35.45 4
35.46 9
35.47 13
35.48 16
35.49 22
35.5 26
35.51 30
35.52 36
35.53 40
35.54 21
35.55 21
35.56 21
35.57 21
35.58 21
35.59 16
35.6 10
35.61 7
35.62 0
35.63 0
35.64 0
35.65 0
35.66 0
35.67 0
35.68 0
35.69 0
35.7 0
35.71 0
35.72 1
35.73 7
35.74 10
35.75 15
35.76 20
35.77 26
35.78 30
35.79 33
35.8 38
35.81 19
35.82 19
35.83 19
35.84 19
35.85 15
35.86 16
35.87 15
35.88 15
35.89 0
35.9 0
35.91 0
35.92 0
35.93 0
35.94 0
35.95 0
35.96 0
35.97 0
35.98 0
35.99 0
36 0
36.01 0
36.02 0
36.03 6
36.04 11
36.05 14
36.06 18
36.07 23
36.08 27
36.09 29
36.1 32
36.11 35
36.12 20
36.13 20
36.14 20
36.15 20
36.16 14
36.17 12
36.18 7
36.19 0
36.2 0
36.21 0
36.22 0
36.23 0
36.24 0
36.25 0
36.26 0
36.27 0
36.28 0
36.29 0
36.3 0
36.31 0
36.32 3
36.33 7
36.34 10
36.35 15
36.36 18
36.37 22
36.38 25
36.39 29
36.4 34
36.41 36
36.42 20
36.43 20
36.44 20
36.45 20
36.46 15
36.47 15
36.48 9
36.49 0
36.5 0
36.51 0
36.52 0
36.53 0
36.54 0
36.55 0
36.56 0
36.57 0
36.58 0
36.59 0
36.6 0
36.61 0
36.62 0
36.63 0
36.64 5
36.65 10
36.66 15
36.67 19
36.68 23
36.69 27
36.7 30
36.71 34
36.72 38
36.73 20
36.74 20
36.75 21
36.76 20
36.77 20
36.78 17
36.79 15
36.8 10
36.81 0
36.82 0
36.83 0
36.84 0
36.85 0
36.86 0
36.87 0
36.88 0
36.89 0
36.9 0
36.91 0
36.92 0
36.93 2
36.94 5
36.95 10
36.96 14
36.97 19
36.98 23
36.99 26
37 30
37.01 34
37.02 34
37.03 20
37.04 19
37.05 19
37.06 19
37.07 6
37.08 3
37.09 0
37.1 0
37.11 0
37.12 0
37.13 0
37.14 0
37.15 0
37.16 0
37.17 0
37.18 0
37.19 0
37.2 0
37.21 5
37.22 9
37.23 13
37.24 18
37.25 21
37.26 24
37.27 31
37.28 35
37.29 38
37.3 20
37.31 20
37.32 20
37.33 20
37.34 20
37.35 18
37.36 20
37.37 15
37.38 2
37.39 0
37.4 0
37.41 0
37.42 0
37.43 0
37.44 0
37.45 0
37.46 0
37.47 0
37.48 0
37.49 0
37.5 0
37.51 3
37.52 9
37.53 12
37.54 18
37.55 23
37.56 26
37.57 31
37.58 34
37.59 38
37.6 21
37.61 20
37.62 20
37.63 20
37.64 17
37.65 13
37.66 9
37.67 6
37.68 0
37.69 0
37.7 0
37.71 0
37.72 0
37.73 0
37.74 0
37.75 0
37.76 0
37.77 0
37.78 4
37.79 12
37.8 17
37.81 19
37.82 24
37.83 28
37.84 32
37.85 37
37.86 32
37.87 21
37.88 21
37.89 21
37.9 21
37.91 14
37.92 12
37.93 7
37.94 0
37.95 0
37.96 0
37.97 0
37.98 0
37.99 0
38 0
38.01 0
38.02 0
38.03 0
38.04 0
38.05 2
38.06 8
38.07 11
38.08 15
38.09 22
38.1 27
38.11 30
38.12 34
38.13 41
38.14 20
38.15 20
38.16 20
38.17 20
38.18 18
38.19 10
38.2 10
38.21 6
38.22 0
38.23 0
38.24 0
38.25 0
38.26 0
38.27 0
38.28 0
38.29 0
38.3 0
38.31 0
38.32 4
38.33 6
38.34 10
38.35 14
38.36 19
38.37 23
38.38 26
38.39 31
38.4 34
38.41 36
38.42 20
38.43 20
38.44 20
38.45 20
38.46 14
38.47 8
38.48 2
38.49 0
38.5 0
38.51 0
38.52 0
38.53 0
38.54 0
38.55 0
38.56 0
38.57 0
38.58 0
38.59 0
38.6 0
38.61 5
38.62 7
38.63 13
38.64 17
38.65 22
38.66 25
38.67 32
38.68 35
38.69 39
38.7 20
38.71 21
38.72 20
38.73 20
38.74 19
38.75 7
38.76 6
38.77 0
38.78 0
38.79 0
38.8 0
38.81 0
38.82 0
38.83 0
38.84 0
38.85 0
38.86 0
38.87 0
38.88 0
38.89 1
38.9 4
38.91 9
38.92 12
38.93 18
38.94 20
38.95 25
38.96 28
38.97 32
38.98 35
38.99 19
39 19
39.01 19
39.02 20
39.03 13
39.04 7
39.05 7
39.06 4
39.07 0
39.08 0
39.09 0
39.1 0
39.11 0
39.12 0
39.13 0
39.14 0
39.15 0
39.16 0
39.17 0
39.18 0
39.19 0
39.2 2
39.21 9
39.22 13
39.23 19
39.24 24
39.25 28
39.26 32
39.27 34
39.28 38
39.29 21
39.3 20
39.31 20
39.32 20
39.33 12
39.34 7
39.35 0
39.36 0
39.37 0
39.38 0
39.39 0
39.4 0
39.41 0
39.42 0
39.43 0
39.44 0
39.45 0
39.46 3
39.47 8
39.48 13
39.49 19
39.5 22
39.51 29
39.52 34
39.53 38
39.54 27
39.55 20
39.56 20
39.57 20
39.58 20
39.59 17
39.6 17
39.61 2
39.62 0
39.63 0
39.64 0
39.65 0
39.66 0
39.67 0
39.68 0
39.69 0
39.7 0
39.71 0
39.72 0
39.73 3
39.74 6
39.75 12
39.76 18
39.77 19
39.78 23
39.79 28
39.8 31
39.81 35
39.82 25
39.83 20
39.84 20
39.85 20
39.86 19
39.87 12
39.88 12
39.89 5
39.9 0
39.91 0
39.92 0
39.93 0
39.94 0
39.95 0
39.96 0
39.97 0
39.98 0
39.99 0
40 0
40.01 0
40.02 3
40.03 7
40.04 10
40.05 16
40.06 21
40.07 26
40.08 29
40.09 33
40.1 37
40.11 32
40.12 21
40.13 21
40.14 21
40.15 21
40.16 16
40.17 10
40.18 7
40.19 2
40.2 0
40.21 0
40.22 0
40.23 0
40.24 0
40.25 0
40.26 0
40.27 0
40.28 0
40.29 0
40.3 0
40.31 2
40.32 8
40.33 11
40.34 14
40.35 20
40.36 23
40.37 28
40.38 32
40.39 36
40.4 19
40.41 19
40.42 19
40.43 19
40.44 19
40.45 15
40.46 12
40.47 15
40.48 0
40.49 0
40.5 0
40.51 0
40.52 0
40.53 0
40.54 0
40.55 0
40.56 0
40.57 0
40.58 0
40.59 0
40.6 0
40.61 2
40.62 7
40.63 11
40.64 15
40.65 21
40.66 24
40.67 28
40.68 31
40.69 34
40.7 31
40.71 20
40.72 20
40.73 20
40.74 21
40.75 18
40.76 13
40.77 14
40.78 14
40.79 0
40.8 0
40.81 0
40.82 0
40.83 0
40.84 0
40.85 0
40.86 0
40.87 0
40.88 0
40.89 0
40.9 1
40.91 6
40.92 9
40.93 14
40.94 20
40.95 25
40.96 28
40.97 33
40.98 36
40.99 30
41 20
41.01 20
41.02 20
41.03 21
41.04 14
41.05 12
41.06 10
41.07 0
41.08 0
41.09 0
41.1 0
41.11 0
41.12 0
41.13 0
41.14 0
41.15 0
41.16 0
41.17 0
41.18 0
41.19 2
41.2 8
41.21 13
41.22 16
41.23 22
41.24 26
41.25 30
41.26 34
41.27 38
41.28 21
41.29 21
41.3 21
41.31 21
41.32 16
41.33 17
41.34 11
41.35 8
41.36 0
41.37 0
41.38 0
41.39 0
41.4 0
41.41 0
41.42 0
41.43 0
41.44 0
41.45 1
41.46 8
41.47 10
41.48 14
41.49 17
41.5 21
41.51 24
41.52 29
41.53 32
41.54 27
41.55 19
41.56 18
41.57 18
41.58 18
41.59 11
41.6 13
41.61 14
41.62 1
41.63 0
41.64 0
41.65 0
41.66 0
41.67 0
41.68 0
41.69 0
41.7 0
41.71 0
41.72 0
41.73 0
41.74 0
41.75 3
41.76 8
41.77 12
41.78 17
41.79 22
41.8 27
41.81 30
41.82 35
41.83 39
41.84 21
41.85 21
41.86 21
41.87 22
41.88 18
41.89 15
41.9 17
41.91 14
41.92 3
41.93 0
41.94 0
41.95 0
41.96 0
41.97 0
41.98 0
41.99 0
42 0
42.01 0
42.02 0
42.03 0
42.04 2
42.05 8
42.06 16
42.07 20
42.08 24
42.09 26
42.1 31
42.11 35
42.12 40
42.13 20
42.14 20
42.15 20
42.16 20
42.17 13
42.18 15
42.19 15
42.2 11
42.21 3
42.22 0
42.23 0
42.24 0
42.25 0
42.26 0
42.27 0
42.28 0
42.29 0
42.3 0
42.31 0
42.32 0
42.33 0
42.34 3
42.35 7
42.36 12
42.37 15
42.38 19
42.39 23
42.4 27
42.41 31
42.42 35
42.43 20
42.44 19
42.45 19
42.46 19
42.47 14
42.48 10
42.49 10
42.5 6
42.51 0
42.52 0
42.53 0
42.54 0
42.55 0
42.56 0
42.57 0
42.58 0
42.59 0
42.6 0
42.61 0
42.62 0
42.63 0
42.64 3
42.65 9
42.66 14
42.67 18
42.68 22
42.69 25
42.7 28
42.71 32
42.72 35
42.73 22
42.74 20
42.75 20
42.76 21
42.77 17
42.78 14
42.79 13
42.8 7
42.81 0
42.82 0
42.83 0
42.84 0
42.85 0
42.86 0
42.87 0
42.88 0
42.89 0
42.9 0
42.91 0
42.92 0
42.93 0
42.94 0
42.95 0
42.96 4
42.97 8
42.98 13
42.99 18
43 22
43.01 25
43.02 29
43.03 34
43.04 38
43.05 20
43.06 20
43.07 21
43.08 20
43.09 16
43.1 12
43.11 15
43.12 10
43.13 0
43.14 0
43.15 0
43.16 0
43.17 0
43.18 0
43.19 0
43.2 0
43.21 0
43.22 0
43.23 0
43.24 0
43.25 0
43.26 1
43.27 6
43.28 11
43.29 16
43.3 19
43.31 23
43.32 28
43.33 32
43.34 35
43.35 27
43.36 20
43.37 20
43.38 20
43.39 20
43.4 11
43.41 8
43.42 10
43.43 9
43.44 0
43.45 0
43.46 0
43.47 0
43.48 0
43.49 0
43.5 0
43.51 0
43.52 0
43.53 0
43.54 4
43.55 10
43.56 13
43.57 18
43.58 24
43.59 29
43.6 32
43.61 36
43.62 33
43.63 20
43.64 20
43.65 20
43.66 20
43.67 13
43.68 12
43.69 14
43.7 12
43.71 0
43.72 0
43.73 0
43.74 0
43.75 0
43.76 0
43.77 0
43.78 0
43.79 0
43.8 0
43.81 0
43.82 0
43.83 1
43.84 6
43.85 10
43.86 15
43.87 20
43.88 24
43.89 29
43.9 32
43.91 36
43.92 30
43.93 20
43.94 20
43.95 20
43.96 20
43.97 20
43.98 18
43.99 15
44 9
44.01 0
44.02 0
44.03 0
44.04 0
44.05 0
44.06 0
44.07 0
44.08 0
44.09 0
44.1 0
44.11 0
44.12 0
44.13 0
44.14 2
44.15 6
44.16 12
44.17 16
44.18 20
44.19 24
44.2 29
44.21 33
44.22 36
44.23 35
44.24 21
44.25 21
44.26 21
44.27 21
44.28 10
44.29 8
44.3 6
44.31 2
44.32 0
44.33 0
44.34 0
44.35 0
44.36 0
44.37 0
44.38 0
44.39 0
44.4 0
44.41 0
44.42 0
44.43 3
44.44 8
44.45 14
44.46 17
44.47 21
44.48 25
44.49 30
44.5 33
44.51 37
44.52 21
44.53 20
44.54 20
44.55 20
44.56 20
44.57 16
44.58 18
44.59 13
44.6 0
44.61 0
44.62 0
44.63 0
44.64 0
44.65 0
44.66 0
44.67 0
44.68 0
44.69 3
44.7 6
44.71 7
44.72 13
44.73 17
44.74 22
44.75 28
44.76 34
44.77 37
44.78 19
44.79 19
44.8 20
44.81 19
44.82 18
44.83 12
44.84 2
44.85 0
44.86 0
44.87 0
44.88 0
44.89 0
44.9 0
44.91 0
44.92 0
44.93 1
44.94 7
44.95 11
44.96 14
44.97 18
44.98 23
44.99 29
45 32
45.01 35
45.02 20
45.03 20
45.04 20
45.05 21
45.06 20
45.07 14
45.08 13
45.09 9
45.1 0
45.11 0
45.12 0
45.13 0
45.14 0
45.15 0
45.16 0
45.17 0
45.18 0
45.19 0
45.2 0
45.21 0
45.22 1
45.23 7
45.24 12
45.25 17
45.26 21
45.27 24
45.28 28
45.29 32
45.3 35
45.31 22
45.32 20
45.33 20
45.34 20
45.35 16
45.36 14
45.37 9
45.38 2
45.39 0
45.4 0
45.41 0
45.42 0
45.43 0
45.44 0
45.45 0
45.46 0
45.47 0
45.48 0
45.49 0
45.5 0
45.51 0
45.52 5
45.53 10
45.54 13
45.55 18
45.56 25
45.57 28
45.58 30
45.59 35
45.6 40
45.61 20
45.62 20
45.63 20
45.64 21
45.65 11
45.66 8
45.67 5
45.68 7
45.69 0
45.7 0
45.71 0
45.72 0
45.73 0
45.74 0
45.75 0
45.76 0
45.77 0
45.78 0
45.79 0
45.8 4
45.81 10
45.82 12
45.83 18
45.84 21
45.85 27
45.86 29
45.87 34
45.88 34
45.89 19
45.9 19
45.91 19
45.92 19
45.93 17
45.94 10
45.95 0
45.96 0
45.97 0
45.98 0
45.99 0
46 0
46.01 0
46.02 0
46.03 0
46.04 0
46.05 0
46.06 0
46.07 0
46.08 3
46.09 7
46.1 11
46.11 18
46.12 22
46.13 26
46.14 30
46.15 33
46.16 36
46.17 21
46.18 20
46.19 20
46.2 20
46.21 20
46.22 15
46.23 12
46.24 10
46.25 2
46.26 0
46.27 0
46.28 0
46.29 0
46.3 0
46.31 0
46.32 0
46.33 0
46.34 0
46.35 0
46.36 0
46.37 4
46.38 8
46.39 13
46.4 14
46.41 19
46.42 24
46.43 27
46.44 28
46.45 32
46.46 37
46.47 21
46.48 21
46.49 21
46.5 21
46.51 15
46.52 8
46.53 10
46.54 0
46.55 0
46.56 0
46.57 0
46.58 0
46.59 0
46.6 0
46.61 0
46.62 0
46.63 0
46.64 0
46.65 0
46.66 0
46.67 0
46.68 2
46.69 7
46.7 11
46.71 14
46.72 18
46.73 22
46.74 27
46.75 31
46.76 36
46.77 39
46.78 21
46.79 21
46.8 21
46.81 21
46.82 18
46.83 17
46.84 14
46.85 12
46.86 0
46.87 0
46.88 0
46.89 0
46.9 0
46.91 0
46.92 0
46.93 0
46.94 0
46.95 0
46.96 0
46.97 0
46.98 3
46.99 8
47 13
47.01 17
47.02 21
47.03 24
47.04 28
47.05 33
47.06 37
47.07 21
47.08 20
47.09 20
47.1 21
47.11 14
47.12 8
47.13 3
47.14 0
47.15 0
47.16 0
47.17 0
47.18 0
47.19 0
47.2 0
47.21 0
47.22 0
47.23 0
47.24 0
47.25 3
47.26 7
47.27 12
47.28 16
47.29 21
47.3 23
47.31 28
47.32 33
47.33 36
47.34 19
47.35 19
47.36 19
47.37 19
47.38 13
47.39 13
47.4 11
47.41 1
47.42 0
47.43 0
47.44 0
47.45 0
47.46 0
47.47 0
47.48 0
47.49 0
47.5 0
47.51 0
47.52 0
47.53 0
47.54 3
47.55 9
47.56 13
47.57 17
47.58 22
47.59 26
47.6 31
47.61 34
47.62 38
47.63 21
47.64 22
47.65 21
47.66 21
47.67 21
47.68 20
47.69 16
47.7 16
47.71 2
47.72 0
47.73 0
47.74 0
47.75 0
47.76 0
47.77 0
47.78 0
47.79 0
47.8 0
47.81 0
47.82 0
47.83 0
47.84 0
47.85 4
47.86 9
47.87 14
47.88 18
47.89 21
47.9 26
47.91 29
47.92 32
47.93 37
47.94 20
47.95 20
47.96 20
47.97 20
47.98 16
47.99 16
48 19
48.01 9
48.02 0
48.03 0
48.04 0
48.05 0
48.06 0
48.07 0
48.08 0
48.09 0
48.1 0
48.11 0
48.12 0
48.13 6
48.14 11
48.15 15
48.16 20
48.17 27
48.18 28
48.19 32
48.2 38
48.21 24
48.22 21
48.23 21
48.24 21
48.25 21
48.26 19
48.27 12
48.28 11
48.29 0
48.3 0
48.31 0
48.32 0
48.33 0
48.34 0
48.35 0
48.36 0
48.37 0
48.38 0
48.39 0
48.4 0
48.41 2
48.42 9
48.43 12
48.44 18
48.45 22
48.46 27
48.47 32
48.48 34
48.49 37
48.5 21
48.51 21
48.52 21
48.53 21
48.54 21
48.55 19
48.56 10
48.57 8
48.58 0
48.59 0
48.6 0
48.61 0
48.62 0
48.63 0
48.64 0
48.65 0
48.66 0
48.67 0
48.68 0
48.69 0
48.7 2
48.71 7
48.72 12
48.73 16
48.74 20
48.75 26
48.76 29
48.77 33
48.78 38
48.79 20
48.8 20
48.81 20
48.82 20
48.83 18
48.84 12
48.85 11
48.86 6
48.87 0
48.88 0
48.89 0
48.9 0
48.91 0
48.92 0
48.93 0
48.94 0
48.95 0
48.96 0
48.97 0
48.98 0
48.99 0
49 4
49.01 8
49.02 12
49.03 18
49.04 22
49.05 26
49.06 31
49.07 35
49.08 38
49.09 20
49.1 20
49.11 20
49.12 20
49.13 19
49.14 19
49.15 17
49.16 3
49.17 0
49.18 0
49.19 0
49.2 0
49.21 0
49.22 0
49.23 0
49.24 0
49.25 0
49.26 0
49.27 0
49.28 0
49.29 2
49.3 8
49.31 13
49.32 16
49.33 18
49.34 21
49.35 26
49.36 28
49.37 34
49.38 22
49.39 18
49.4 18
49.41 19
49.42 18
49.43 14
49.44 4
49.45 0
49.46 0
49.47 0
49.48 0
49.49 0
49.5 0
49.51 0
49.52 0
49.53 0
49.54 0
49.55 0
49.56 0
49.57 1
49.58 4
49.59 8
49.6 12
49.61 17
49.62 19
49.63 23
49.64 27
49.65 31
49.66 35
49.67 34
49.68 20
49.69 20
49.7 20
49.71 20
49.72 16
49.73 7
49.74 0
49.75 0
49.76 0
49.77 0
49.78 0
49.79 0
49.8 0
49.81 0
49.82 0
49.83 0
49.84 0
49.85 0
49.86 1
49.87 6
49.88 11
49.89 14
49.9 18
49.91 25
49.92 29
49.93 32
49.94 35
49.95 30
49.96 20
49.97 20
49.98 20
49.99 20
50 20
50.01 13
50.02 5
50.03 0
50.04 0
50.05 0
50.06 0
50.07 0
50.08 0
50.09 0
50.1 0
50.11 0
50.12 0
50.13 0
50.14 3
50.15 9
50.16 14
50.17 16
50.18 22
50.19 27
50.2 30
50.21 34
50.22 38
50.23 23
50.24 22
50.25 22
50.26 22
50.27 22
50.28 19
50.29 19
50.3 13
50.31 0
50.32 0
50.33 0
50.34 0
50.35 0
50.36 0
50.37 0
50.38 0
50.39 0
50.4 0
50.41 0
50.42 0
50.43 5
50.44 10
50.45 14
50.46 19
50.47 24
50.48 29
50.49 32
50.5 37
50.51 20
50.52 20
50.53 20
50.54 20
50.55 15
50.56 12
50.57 11
50.58 11
50.59 2
50.6 0
50.61 0
50.62 0
50.63 0
50.64 0
50.65 0
50.66 0
50.67 0
50.68 0
50.69 0
50.7 5
50.71 10
50.72 14
50.73 18
50.74 25
50.75 29
50.76 34
50.77 37
50.78 30
50.79 21
50.8 21
50.81 21
50.82 21
50.83 17
50.84 15
50.85 15
50.86 1
50.87 0
50.88 0
50.89 0
50.9 0
50.91 0
50.92 0
50.93 0
50.94 0
50.95 0
50.96 0
50.97 4
50.98 10
50.99 14
51 19
51.01 25
51.02 30
51.03 36
51.04 39
51.05 19
51.06 19
51.07 19
51.08 19
51.09 18
51.1 14
51.11 10
51.12 10
51.13 0
51.14 0
51.15 0
51.16 0
51.17 0
51.18 0
51.19 0
51.2 0
51.21 0
51.22 1
51.23 5
51.24 9
51.25 12
51.26 16
51.27 20
51.28 27
51.29 29
51.3 33
51.31 37
51.32 20
51.33 20
51.34 20
51.35 20
51.36 16
51.37 13
51.38 7
51.39 8
51.4 0
51.41 0
51.42 0
51.43 0
51.44 0
51.45 0
51.46 0
51.47 0
51.48 0
51.49 0
51.5 0
51.51 0
51.52 0
51.53 0
51.54 3
51.55 5
51.56 9
51.57 13
51.58 16
51.59 20
51.6 25
51.61 27
51.62 30
51.63 34
51.64 33
51.65 20
51.66 20
51.67 21
51.68 20
51.69 16
51.7 6
51.71 0
51.72 0
51.73 0
51.74 0
51.75 0
51.76 0
51.77 0
51.78 0
51.79 0
51.8 0
51.81 0
51.82 0
51.83 0
51.84 0
51.85 0
51.86 0
51.87 2
51.88 7
51.89 10
51.9 14
51.91 19
51.92 22
51.93 25
51.94 28
51.95 32
51.96 35
51.97 31
51.98 21
51.99 21
52 21
52.01 21
52.02 16
52.03 14
52.04 6
52.05 0
52.06 0
52.07 0
52.08 0
52.09 0
52.1 0
52.11 0
52.12 0
52.13 1
52.14 4
52.15 10
52.16 12
52.17 17
52.18 21
52.19 26
52.2 29
52.21 34
52.22 25
52.23 19
52.24 20
52.25 20
52.26 18
52.27 11
52.28 6
52.29 0
52.3 0
52.31 0
52.32 0
52.33 0
52.34 0
52.35 0
52.36 0
52.37 0
52.38 0
52.39 0
52.4 0
52.41 0
52.42 7
52.43 12
52.44 18
52.45 23
52.46 27
52.47 32
52.48 35
52.49 37
52.5 20
52.51 20
52.52 20
52.53 20
52.54 13
52.55 5
52.56 3
52.57 0
52.58 0
52.59 0
52.6 0
52.61 0
52.62 0
52.63 0
52.64 0
52.65 0
52.66 0
52.67 1
52.68 4
52.69 8
52.7 11
52.71 15
52.72 18
52.73 22
52.74 27
52.75 30
52.76 35
52.77 37
52.78 21
52.79 21
52.8 21
52.81 22
52.82 21
52.83 14
52.84 8
52.85 1
52.86 0
52.87 0
52.88 0
52.89 0
52.9 0
52.91 0
52.92 0
52.93 0
52.94 0
52.95 0
52.96 0
52.97 0
52.98 0
52.99 0
53 0
53.01 7
53.02 11
53.03 13
53.04 19
53.05 24
53.06 29
53.07 32
53.08 37
53.09 31
53.1 20
53.11 20
53.12 20
53.13 20
53.14 6
53.15 7
53.16 11
53.17 4
53.18 0
53.19 0
53.2 0
53.21 0
53.22 0
53.23 0
53.24 0
53.25 0
53.26 0
53.27 0
53.28 0
53.29 0
53.3 0
53.31 5
53.32 10
53.33 16
53.34 19
53.35 23
53.36 27
53.37 31
53.38 35
53.39 34
53.4 20
53.41 20
53.42 20
53.43 20
53.44 15
53.45 10
53.46 6
53.47 8
53.48 0
53.49 0
53.5 0
53.51 0
53.52 0
53.53 0
53.54 0
53.55 0
53.56 0
53.57 0
53.58 0
53.59 0
53.6 0
53.61 2
53.62 8
53.63 13
53.64 17
53.65 21
53.66 26
53.67 29
53.68 34
53.69 37
53.7 22
53.71 21
53.72 21
53.73 22
53.74 17
53.75 20
53.76 9
53.77 9
53.78 0
53.79 0
53.8 0
53.81 0
53.82 0
53.83 0
53.84 0
53.85 0
53.86 0
53.87 0
53.88 0
53.89 1
53.9 4
53.91 8
53.92 13
53.93 17
53.94 20
53.95 25
53.96 30
53.97 33
53.98 37
53.99 20
54 20
54.01 21
54.02 20
54.03 13
54.04 8
54.05 8
54.06 7
54.07 0
54.08 0
54.09 0
54.1 0
54.11 0
54.12 0
54.13 0
54.14 0
54.15 0
54.16 0
54.17 0
54.18 0
54.19 0
54.2 1
54.21 3
54.22 9
54.23 13
54.24 16
54.25 21
54.26 25
54.27 28
54.28 30
54.29 35
54.3 39
54.31 21
54.32 21
54.33 21
54.34 22
54.35 15
54.36 8
54.37 11
54.38 4
54.39 0
54.4 0
54.41 0
54.42 0
54.43 0
54.44 0
54.45 0
54.46 0
54.47 1
54.48 5
54.49 9
54.5 13
54.51 19
54.52 22
54.53 26
54.54 30
54.55 33
54.56 36
54.57 22
54.58 21
54.59 21
54.6 21
54.61 20
54.62 11
54.63 0
54.64 0
54.65 0
54.66 0
54.67 0
54.68 0
54.69 0
54.7 0
54.71 0
54.72 0
54.73 0
54.74 0
54.75 1
54.76 7
54.77 13
54.78 17
54.79 19
54.8 24
54.81 28
54.82 32
54.83 37
54.84 40
54.85 22
54.86 22
54.87 23
54.88 23
54.89 17
54.9 7
54.91 7
54.92 0
54.93 0
54.94 0
54.95 0
54.96 0
54.97 0
54.98 0
54.99 0
55 0
55.01 0
55.02 0
55.03 0
55.04 3
55.05 11
55.06 16
55.07 19
55.08 25
55.09 28
55.1 31
55.11 34
55.12 33
55.13 20
55.14 20
55.15 20
55.16 20
55.17 17
55.18 13
55.19 4
55.2 0
55.21 0
55.22 0
55.23 0
55.24 0
55.25 0
55.26 0
55.27 0
55.28 0
55.29 0
55.3 0
55.31 0
55.32 5
55.33 9
55.34 14
55.35 18
55.36 23
55.37 26
55.38 31
55.39 36
55.4 36
55.41 21
55.42 20
55.43 20
55.44 20
55.45 13
55.46 6
55.47 0
55.48 0
55.49 0
55.5 0
55.51 0
55.52 0
55.53 0
55.54 0
55.55 0
55.56 0
55.57 0
55.58 0
55.59 0
55.6 4
55.61 7
55.62 12
55.63 15
55.64 21
55.65 26
55.66 28
55.67 32
55.68 36
55.69 19
55.7 19
55.71 19
55.72 19
55.73 13
55.74 9
55.75 9
55.76 3
55.77 0
55.78 0
55.79 0
55.8 0
55.81 0
55.82 0
55.83 0
55.84 0
55.85 0
55.86 0
55.87 4
55.88 8
55.89 12
55.9 15
55.91 20
55.92 24
55.93 27
55.94 30
55.95 37
55.96 39
55.97 21
55.98 21
55.99 21
56 21
56.01 12
56.02 0
56.03 0
56.04 0
56.05 0
56.06 0
56.07 0
56.08 0
56.09 0
56.1 0
56.11 0
56.12 0
56.13 0
56.14 0
56.15 3
56.16 6
56.17 13
56.18 17
56.19 22
56.2 25
56.21 30
56.22 34
56.23 37
56.24 20
56.25 20
56.26 21
56.27 20
56.28 15
56.29 5
56.3 0
56.31 0
56.32 0
56.33 0
56.34 0
56.35 0
56.36 0
56.37 0
56.38 0
56.39 0
56.4 0
56.41 1
56.42 6
56.43 12
56.44 16
56.45 20
56.46 25
56.47 31
56.48 34
56.49 38
56.5 20
56.51 20
56.52 21
56.53 20
56.54 10
56.55 7
56.56 0
56.57 0
56.58 0
56.59 0
56.6 0
56.61 0
56.62 0
56.63 0
56.64 0
56.65 0
56.66 0
56.67 0
56.68 0
56.69 0
56.7 1
56.71 7
56.72 11
56.73 16
56.74 18
56.75 25
56.76 29
56.77 32
56.78 37
56.79 43
56.8 22
56.81 22
56.82 22
56.83 23
56.84 20
56.85 18
56.86 17
56.87 19
56.88 0
56.89 0
56.9 0
56.91 0
56.92 0
56.93 0
56.94 0
56.95 0
56.96 0
56.97 0
56.98 0
56.99 0
57 4
57.01 8
57.02 12
57.03 16
57.04 21
57.05 26
57.06 30
57.07 33
57.08 37
57.09 20
57.1 20
57.11 20
57.12 20
57.13 18
57.14 15
57.15 13
57.16 0
57.17 0
57.18 0
57.19 0
57.2 0
57.21 0
57.22 0
57.23 0
57.24 0
57.25 0
57.26 0
57.27 1
57.28 6
57.29 11
57.3 15
57.31 19
57.32 24
57.33 28
57.34 32
57.35 36
57.36 19
57.37 19
57.38 19
57.39 20
57.4 12
57.41 8
57.42 4
57.43 0
57.44 0
57.45 0
57.46 0
57.47 0
57.48 0
57.49 0
57.5 0
57.51 0
57.52 0
57.53 0
57.54 0
57.55 0
57.56 6
57.57 11
57.58 15
57.59 19
57.6 23
57.61 28
57.62 30
57.63 34
57.64 38
57.65 21
57.66 21
57.67 21
57.68 21
57.69 20
57.7 16
57.71 18
57.72 18
57.73 14
57.74 6
57.75 0
57.76 0
57.77 0
57.78 0
57.79 0
57.8 4
57.81 9
57.82 12
57.83 17
57.84 21
57.85 24
57.86 27
57.87 31
57.88 34
57.89 19
57.9 19
57.91 19
57.92 19
57.93 15
57.94 8
57.95 0
57.96 0
57.97 0
57.98 0
57.99 0
58 0
58.01 0
58.02 0
58.03 0
58.04 0
58.05 0
58.06 0
58.07 0
58.08 0
58.09 3
58.1 7
58.11 11
58.12 15
58.13 19
58.14 23
58.15 27
58.16 31
58.17 37
58.18 29
58.19 20
58.2 20
58.21 21
58.22 20
58.23 14
58.24 16
58.25 18
58.26 12
58.27 0
58.28 0
58.29 0
58.3 0
58.31 0
58.32 0
58.33 0
58.34 0
58.35 0
58.36 0
58.37 0
58.38 0
58.39 0
58.4 0
58.41 0
58.42 0
58.43 0
58.44 0
58.45 0
58.46 0
58.47 0
58.48 0
58.49 0
58.5 0
58.51 0
58.52 0
58.53 0
58.54 0
58.55 0
58.56 0
58.57 0
58.58 0
58.59 0
58.6 0
58.61 0
58.62 0
58.63 0
58.64 0
58.65 0
58.66 0
58.67 0
58.68 0
58.69 0
58.7 0
58.71 0
58.72 0
58.73 0
58.74 0
58.75 0
58.76 0
58.77 0
58.78 0
58.79 0
58.8 0
58.81 0
58.82 0
58.83 0
58.84 0
58.85 0
58.86 0
58.87 0
58.88 0
58.89 0
58.9 0
58.91 0
58.92 0
58.93 0
58.94 0
58.95 0
58.96 0
58.97 0
58.98 0
58.99 0
59 0
59.01 0
59.02 0
59.03 0
59.04 0
59.05 0
59.06 0
59.07 0
59.08 0
59.09 0
59.1 0
59.11 0
59.12 0
59.13 0
59.14 0
59.15 0
59.16 0
59.17 0
59.18 0
59.19 0
59.2 0
59.21 0
59.22 0
59.23 0
59.24 0
59.25 0
59.26 0
59.27 0
59.28 0
59.29 0
59.3 0
59.31 0
59.32 0
59.33 0
59.34 0
59.35 0
59.36 0
59.37 0
59.38 0
59.39 0
59.4 0
59.41 0
59.42 0
59.43 0
59.44 0
59.45 0
59.46 0
59.47 0
59.48 0
59.49 0
59.5 0
59.51 0
59.52 0
59.53 0
59.54 0
59.55 0
59.56 0
59.57 0
59.58 0
59.59 0
59.6 0
59.61 0
59.62 0
59.63 0
59.64 0
59.65 0
59.66 0
59.67 0
59.68 0
59.69 0
59.7 0
59.71 0
59.72 0
59.73 0
59.74 0
59.75 0
59.76 0
59.77 0
59.78 0
59.79 0
59.8 0
59.81 0
59.82 0
59.83 0
59.84 0
59.85 0
59.86 0
59.87 0
59.88 0
59.89 0
59.9 0
59.91 0
59.92 0
59.93 0
59.94 0
59.95 0
59.96 0
59.97 0
59.98 0
59.99 0
60 0
60.01 0
60.02 0
60.03 0
60.04 0
60.05 0
60.06 0
60.07 0
60.08 0
60.09 0
60.1 0
60.11 0
60.12 0
60.13 0
60.14 0
60.15 0
60.16 0
60.17 0
60.18 0
60.19 0
60.2 0
60.21 0
60.22 0
60.23 0
60.24 0
60.25 0
60.26 0
60.27 0
60.28 0
60.29 0
60.3 0
60.31 0
60.32 0
60.33 0
60.34 0
60.35 0
60.36 0
60.37 0
60.38 0
60.39 0
60.4 0
60.41 0
60.42 0
60.43 0
60.44 0
60.45 0
60.46 0
60.47 0
60.48 0
60.49 0
60.5 0
60.51 0
60.52 0
60.53 0
60.54 0
60.55 0
60.56 0
60.57 0
60.58 0
60.59 0
60.6 0
60.61 0
60.62 0
60.63 0
60.64 0
60.65 0
60.66 0
60.67 0
60.68 0
60.69 0
60.7 0
60.71 0
60.72 0
60.73 0
60.74 0
60.75 0
60.76 0
60.77 0
60.78 0
60.79 0
60.8 0
60.81 0
60.82 0
60.83 0
60.84 0
60.85 0
60.86 0
60.87 0
60.88 0
60.89 0
60.9 0
60.91 0
60.92 0
60.93 0
60.94 0
60.95 0
60.96 0
60.97 0
60.98 0
60.99 0
61 0
61.01 0
61.02 0
61.03 0
61.04 0
61.05 0
61.06 0
61.07 0
61.08 0
61.09 0
61.1 0
61.11 0
61.12 0
61.13 0
61.14 0
61.15 0
61.16 0
61.17 0
61.18 0
61.19 0
61.2 0
61.21 0
61.22 0
61.23 0
61.24 0
61.25 0
61.26 0
61.27 0
61.28 0
61.29 0
61.3 0
61.31 0
61.32 0
61.33 0
61.34 0
61.35 0
61.36 0
61.37 0
61.38 0
61.39 0
61.4 0
61.41 0
61.42 0
61.43 0
61.44 0
61.45 0
61.46 0
61.47 0
61.48 0
61.49 0
61.5 0
61.51 0
61.52 0
61.53 0
61.54 0
61.55 0
61.56 0
61.57 0
61.58 0
61.59 0
61.6 0
61.61 0
61.62 0
61.63 0
61.64 0
61.65 0
61.66 0
61.67 0
61.68 0
61.69 0
61.7 0
61.71 0
61.72 0
61.73 0
61.74 0
61.75 0
61.76 0
61.77 0
61.78 0
61.79 0
61.8 0
61.81 0
61.82 0
61.83 0
61.84 0
61.85 0
61.86 0
61.87 0
61.88 0
61.89 0
61.9 0
61.91 0
61.92 0
61.93 0
61.94 0
61.95 0
61.96 0
61.97 0
61.98 0
61.99 0
62 0
62.01 0
62.02 0
62.03 0
62.04 0
62.05 0
62.06 0
62.07 0
62.08 0
62.09 0
62.1 0
62.11 0
62.12 0
62.13 0
62.14 0
62.15 0
62.16 0
62.17 0
62.18 0
62.19 0
62.2 0
62.21 0
62.22 0
62.23 0
62.24 0
62.25 0
62.26 0
62.27 0
62.28 0
62.29 0
62.3 0
62.31 0
62.32 0
62.33 0
62.34 0
62.35 0
62.36 0
62.37 0
62.38 0
62.39 0
62.4 0
62.41 0
62.42 0
62.43 0
62.44 0
62.45 0
62.46 0
62.47 0
62.48 0
62.49 0
62.5 0
62.51 0
62.52 0
62.53 0
62.54 0
62.55 0
62.56 0
62.57 0
62.58 0
62.59 0
62.6 0
62.61 0
62.62 0
62.63 0
62.64 0
62.65 0
62.66 0
62.67 0
62.68 0
62.69 0
62.7 0
62.71 0
62.72 0
62.73 0
62.74 0
62.75 0
62.76 0
62.77 0
62.78 0
62.79 0
62.8 0
62.81 0
62.82 0
62.83 0
62.84 0
62.85 0
62.86 0
62.87 0
62.88 0
62.89 0
62.9 0
62.91 0
62.92 0
62.93 0
62.94 0
62.95 0
62.96 0
62.97 0
62.98 0
62.99 0
