0 0
0.01 0
0.02 0
0.03 0
0.04 0
0.05 0
0.06 0
0.07 0
0.08 0
0.09 0
0.1 0
0.11 0
0.12 0
0.13 0
0.14 0
0.15 0
0.16 0
0.17 0
0.18 0
0.19 0
0.2 0
0.21 92
0.22 35
0.23 19
0.24 22
0.25 20
0.26 0
0.27 0
0.28 0
0.29 0
0.3 0
0.31 0
0.32 0
0.33 0
0.34 0
0.35 0
0.36 0
0.37 0
0.38 0
0.39 0
0.4 0
0.41 0
0.42 0
0.43 0
0.44 0
0.45 5
0.46 11
0.47 16
0.48 22
0.49 24
0.5 29
0.51 33
0.52 37
0.53 19
0.54 19
0.55 21
0.56 19
0.57 19
0.58 13
0.59 0
0.6 0
0.61 0
0.62 0
0.63 0
0.64 0
0.65 0
0.66 0
0.67 0
0.68 0
0.69 0
0.7 4
0.71 7
0.72 11
0.73 15
0.74 20
0.75 22
0.76 26
0.77 32
0.78 36
0.79 24
0.8 21
0.81 20
0.82 20
0.83 20
0.84 15
0.85 8
0.86 0
0.87 0
0.88 0
0.89 0
0.9 0
0.91 0
0.92 0
0.93 0
0.94 0
0.95 0
0.96 0
0.97 0
0.98 0
0.99 5
1 10
1.01 12
1.02 17
1.03 19
1.04 25
1.05 28
1.06 33
1.07 35
1.08 20
1.09 20
1.1 20
1.11 20
1.12 20
1.13 8
1.14 5
1.15 6
1.16 0
1.17 0
1.18 0
1.19 0
1.2 0
1.21 0
1.22 0
1.23 2
1.24 7
1.25 11
1.26 16
1.27 19
1.28 23
1.29 29
1.3 33
1.31 36
1.32 19
1.33 20
1.34 19
1.35 20
1.36 17
1.37 16
1.38 18
1.39 0
1.4 1
1.41 0
1.42 0
1.43 0
1.44 0
1.45 0
1.46 0
1.47 0
1.48 0
1.49 2
1.5 7
1.51 8
1.52 15
1.53 20
1.54 22
1.55 27
1.56 31
1.57 36
1.58 19
1.59 20
1.6 20
1.61 19
1.62 15
1.63 19
1.64 6
1.65 2
1.66 0
1.67 0
1.68 0
1.69 0
1.7 0
1.71 0
1.72 0
1.73 0
1.74 0
1.75 0
1.76 2
1.77 6
1.78 9
1.79 14
1.8 19
1.81 23
1.82 28
1.83 32
1.84 35
1.85 22
1.86 20
1.87 20
1.88 19
1.89 15
1.9 8
1.91 6
1.92 4
1.93 4
1.94 2
1.95 0
1.96 0
1.97 0
1.98 0
1.99 0
2 0
2.01 0
2.02 4
2.03 9
2.04 13
2.05 16
2.06 19
2.07 23
2.08 28
2.09 30
2.1 35
2.11 21
2.12 22
2.13 21
2.14 21
2.15 18
2.16 20
2.17 9
2.18 0
2.19 0
2.2 0
2.21 0
2.22 0
2.23 0
2.24 0
2.25 0
2.26 0
2.27 0
2.28 0
2.29 0
2.3 4
2.31 6
2.32 12
2.33 17
2.34 20
2.35 24
2.36 27
2.37 33
2.38 33
2.39 24
2.4 20
2.41 21
2.42 20
2.43 18
2.44 19
2.45 13
2.46 7
2.47 2
2.48 0
2.49 0
2.5 0
2.51 0
2.52 0
2.53 0
2.54 0
2.55 0
2.56 5
2.57 9
2.58 15
2.59 16
2.6 19
2.61 25
2.62 27
2.63 30
2.64 34
2.65 32
2.66 21
2.67 22
2.68 21
2.69 21
2.7 20
2.71 6
2.72 0
2.73 0
2.74 0
2.75 0
2.76 0
2.77 0
2.78 0
2.79 0
2.8 0
2.81 0
2.82 0
2.83 0
2.84 0
2.85 0
2.86 5
2.87 11
2.88 13
2.89 18
2.9 22
2.91 26
2.92 29
2.93 33
2.94 36
2.95 20
2.96 20
2.97 20
2.98 21
2.99 19
3 15
3.01 9
3.02 0
3.03 0
3.04 0
3.05 0
3.06 0
3.07 0
3.08 0
3.09 0
3.1 0
3.11 0
3.12 0
3.13 0
3.14 0
3.15 5
3.16 9
3.17 13
3.18 19
3.19 23
3.2 28
3.21 32
3.22 36
3.23 37
3.24 21
3.25 20
3.26 20
3.27 21
3.28 20
3.29 9
3.3 11
3.31 5
3.32 3
3.33 0
3.34 0
3.35 0
3.36 0
3.37 0
3.38 0
3.39 0
3.4 0
3.41 0
3.42 2
3.43 6
3.44 8
3.45 10
3.46 15
3.47 19
3.48 22
3.49 30
3.5 32
3.51 35
3.52 30
3.53 20
3.54 22
3.55 20
3.56 21
3.57 16
3.58 13
3.59 0
3.6 0
3.61 0
3.62 0
3.63 0
3.64 0
3.65 0
3.66 0
3.67 0
3.68 0
3.69 0
3.7 0
3.71 1
3.72 6
3.73 11
3.74 14
3.75 19
3.76 23
3.77 28
3.78 31
3.79 36
3.8 41
3.81 22
3.82 22
3.83 21
3.84 21
3.85 15
3.86 8
3.87 2
3.88 0
3.89 0
3.9 0
3.91 0
3.92 0
3.93 0
3.94 0
3.95 0
3.96 5
3.97 8
3.98 13
3.99 16
4 20
4.01 23
4.02 28
4.03 33
4.04 35
4.05 21
4.06 21
4.07 20
4.08 21
4.09 21
4.1 18
4.11 20
4.12 10
4.13 3
4.14 4
4.15 0
4.16 0
4.17 0
4.18 0
4.19 0
4.2 2
4.21 7
4.22 11
4.23 13
4.24 19
4.25 21
4.26 24
4.27 29
4.28 33
4.29 35
4.3 21
4.31 21
4.32 22
4.33 21
4.34 19
4.35 9
4.36 5
4.37 0
4.38 0
4.39 0
4.4 0
4.41 0
4.42 0
4.43 0
4.44 0
4.45 2
4.46 7
4.47 10
4.48 13
4.49 17
4.5 19
4.51 22
4.52 26
4.53 30
4.54 35
4.55 25
4.56 21
4.57 20
4.58 20
4.59 20
4.6 16
4.61 10
4.62 4
4.63 0
4.64 0
4.65 0
4.66 0
4.67 0
4.68 0
4.69 0
4.7 0
4.71 0
4.72 0
4.73 2
4.74 6
4.75 10
4.76 15
4.77 19
4.78 22
4.79 25
4.8 29
4.81 34
4.82 30
4.83 20
4.84 20
4.85 20
4.86 20
4.87 16
4.88 1
4.89 2
4.9 0
4.91 0
4.92 0
4.93 0
4.94 0
4.95 0
4.96 0
4.97 0
4.98 0
4.99 4
5 8
5.01 12
5.02 15
5.03 18
5.04 22
5.05 28
5.06 33
5.07 35
5.08 20
5.09 20
5.1 20
5.11 20
5.12 21
5.13 15
5.14 4
5.15 0
5.16 0
5.17 0
5.18 0
5.19 0
5.2 0
5.21 0
5.22 0
5.23 0
5.24 5
5.25 10
5.26 14
5.27 20
5.28 23
5.29 29
5.3 34
5.31 38
5.32 20
5.33 22
5.34 20
5.35 21
5.36 19
5.37 3
5.38 2
5.39 3
5.4 5
5.41 0
5.42 0
5.43 0
5.44 0
5.45 0
5.46 0
5.47 0
5.48 0
5.49 1
5.5 6
5.51 9
5.52 14
5.53 18
5.54 23
5.55 27
5.56 30
5.57 34
5.58 30
5.59 19
5.6 19
5.61 21
5.62 19
5.63 20
5.64 20
5.65 15
5.66 2
5.67 0
5.68 0
5.69 0
5.7 0
5.71 0
5.72 0
5.73 0
5.74 0
5.75 0
5.76 0
5.77 3
5.78 7
5.79 10
5.8 12
5.81 17
5.82 22
5.83 24
5.84 28
5.85 31
5.86 35
5.87 20
5.88 19
5.89 20
5.9 20
5.91 18
5.92 9
5.93 5
5.94 5
5.95 2
5.96 0
5.97 0
5.98 0
5.99 0
6 0
6.01 0
6.02 0
6.03 4
6.04 8
6.05 10
6.06 14
6.07 18
6.08 22
6.09 26
6.1 29
6.11 32
6.12 36
6.13 20
6.14 21
6.15 20
6.16 20
6.17 20
6.18 22
6.19 17
6.2 7
6.21 4
6.22 0
6.23 0
6.24 0
6.25 0
6.26 2
6.27 0
6.28 1
6.29 3
6.3 8
6.31 13
6.32 20
6.33 23
6.34 29
6.35 32
6.36 36
6.37 40
6.38 23
6.39 24
6.4 23
6.41 24
6.42 23
6.43 14
6.44 8
6.45 0
6.46 0
6.47 0
6.48 0
6.49 0
6.5 0
6.51 0
6.52 0
6.53 0
6.54 0
6.55 2
6.56 7
6.57 9
6.58 14
6.59 17
6.6 20
6.61 24
6.62 27
6.63 31
6.64 33
6.65 18
6.66 18
6.67 18
6.68 18
6.69 13
6.7 0
6.71 0
6.72 0
6.73 0
6.74 0
6.75 0
6.76 0
6.77 0
6.78 0
6.79 0
6.8 0
6.81 1
6.82 6
6.83 10
6.84 13
6.85 17
6.86 22
6.87 24
6.88 27
6.89 30
6.9 35
6.91 23
6.92 20
6.93 20
6.94 21
6.95 17
6.96 2
6.97 0
6.98 0
6.99 0
7 0
7.01 0
7.02 0
7.03 0
7.04 0
7.05 0
7.06 0
7.07 0
7.08 0
7.09 0
7.1 0
7.11 3
7.12 6
7.13 12
7.14 17
7.15 20
7.16 23
7.17 29
7.18 32
7.19 35
7.2 30
7.21 20
7.22 20
7.23 20
7.24 20
7.25 6
7.26 0
7.27 0
7.28 0
7.29 0
7.3 0
7.31 0
7.32 0
7.33 0
7.34 0
7.35 0
7.36 0
7.37 0
7.38 0
7.39 2
7.4 7
7.41 10
7.42 15
7.43 18
7.44 23
7.45 27
7.46 30
7.47 33
7.48 36
7.49 20
7.5 19
7.51 22
7.52 19
7.53 5
7.54 4
7.55 5
7.56 0
7.57 0
7.58 0
7.59 0
7.6 0
7.61 0
7.62 0
7.63 0
7.64 0
7.65 0
7.66 2
7.67 5
7.68 11
7.69 14
7.7 18
7.71 24
7.72 28
7.73 31
7.74 33
7.75 30
7.76 20
7.77 22
7.78 20
7.79 19
7.8 11
7.81 7
7.82 4
7.83 0
7.84 0
7.85 0
7.86 0
7.87 0
7.88 0
7.89 0
7.9 0
7.91 0
7.92 3
7.93 7
7.94 8
7.95 12
7.96 16
7.97 19
7.98 21
7.99 25
8 28
8.01 30
8.02 34
8.03 26
8.04 22
8.05 21
8.06 21
8.07 21
8.08 14
8.09 0
8.1 0
8.11 0
8.12 0
8.13 0
8.14 0
8.15 0
8.16 0
8.17 0
8.18 0
8.19 0
8.2 0
8.21 0
8.22 1
8.23 3
8.24 9
8.25 12
8.26 15
8.27 20
8.28 23
8.29 30
8.3 31
8.31 37
8.32 19
8.33 20
8.34 20
8.35 19
8.36 11
8.37 9
8.38 0
8.39 0
8.4 0
8.41 0
8.42 0
8.43 0
8.44 0
8.45 0
8.46 0
8.47 0
8.48 4
8.49 9
8.5 15
8.51 18
8.52 23
8.53 27
8.54 30
8.55 35
8.56 41
8.57 22
8.58 21
8.59 22
8.6 21
8.61 21
8.62 20
8.63 4
8.64 0
8.65 0
8.66 0
8.67 0
8.68 0
8.69 0
8.7 0
8.71 0
8.72 0
8.73 0
8.74 0
8.75 0
8.76 0
8.77 3
8.78 7
8.79 13
8.8 17
8.81 20
8.82 29
8.83 32
8.84 35
8.85 40
8.86 22
8.87 22
8.88 21
8.89 22
8.9 21
8.91 20
8.92 17
8.93 13
8.94 2
8.95 0
8.96 0
8.97 0
8.98 0
8.99 0
9 0
9.01 0
9.02 0
9.03 0
9.04 0
9.05 3
9.06 5
9.07 7
9.08 11
9.09 15
9.1 19
9.11 21
9.12 24
9.13 29
9.14 31
9.15 33
9.16 35
9.17 22
9.18 22
9.19 21
9.2 21
9.21 23
9.22 12
9.23 5
9.24 1
9.25 0
9.26 0
9.27 0
9.28 0
9.29 0
9.3 0
9.31 0
9.32 0
9.33 0
9.34 0
9.35 3
9.36 5
9.37 10
9.38 14
9.39 18
9.4 22
9.41 24
9.42 32
9.43 34
9.44 38
9.45 20
9.46 20
9.47 20
9.48 20
9.49 16
9.5 15
9.51 12
9.52 9
9.53 8
9.54 0
9.55 0
9.56 0
9.57 0
9.58 0
9.59 0
9.6 0
9.61 0
9.62 5
9.63 10
9.64 11
9.65 16
9.66 21
9.67 24
9.68 28
9.69 32
9.7 33
9.71 20
9.72 21
9.73 21
9.74 20
9.75 17
9.76 10
9.77 0
9.78 0
9.79 0
9.8 0
9.81 0
9.82 0
9.83 0
9.84 0
9.85 0
9.86 0
9.87 0
9.88 4
9.89 10
9.9 16
9.91 20
9.92 25
9.93 31
9.94 36
9.95 40
9.96 20
9.97 20
9.98 20
9.99 21
10 17
10.01 4
10.02 0
10.03 0
10.04 0
10.05 0
10.06 0
10.07 0
10.08 0
10.09 0
10.1 0
10.11 0
10.12 3
10.13 7
10.14 13
10.15 16
10.16 19
10.17 24
10.18 28
10.19 31
10.2 36
10.21 32
10.22 21
10.23 21
10.24 21
10.25 22
10.26 14
10.27 8
10.28 0
10.29 0
10.3 0
10.31 0
10.32 0
10.33 0
10.34 0
10.35 0
10.36 0
10.37 0
10.38 0
10.39 0
10.4 5
10.41 9
10.42 12
10.43 17
10.44 21
10.45 24
10.46 27
10.47 31
10.48 33
10.49 23
10.5 20
10.51 21
10.52 20
10.53 21
10.54 13
10.55 10
10.56 8
10.57 0
10.58 0
10.59 0
10.6 0
10.61 0
10.62 0
10.63 0
10.64 0
10.65 0
10.66 5
10.67 9
10.68 13
10.69 16
10.7 22
10.71 25
10.72 28
10.73 32
10.74 37
10.75 20
10.76 21
10.77 21
10.78 20
10.79 15
10.8 9
10.81 6
10.82 4
10.83 0
10.84 0
10.85 0
10.86 0
10.87 0
10.88 0
10.89 0
10.9 0
10.91 0
10.92 2
10.93 5
10.94 8
10.95 12
10.96 19
10.97 20
10.98 23
10.99 27
11 32
11.01 36
11.02 21
11.03 20
11.04 19
11.05 19
11.06 17
11.07 11
11.08 5
11.09 0
11.1 0
11.11 0
11.12 0
11.13 0
11.14 0
11.15 0
11.16 0
11.17 0
11.18 0
11.19 1
11.2 5
11.21 8
11.22 13
11.23 18
11.24 22
11.25 28
11.26 32
11.27 36
11.28 40
11.29 21
11.3 21
11.31 20
11.32 20
11.33 14
11.34 7
11.35 1
11.36 0
11.37 0
11.38 0
11.39 0
11.4 0
11.41 0
11.42 0
11.43 0
11.44 0
11.45 5
11.46 8
11.47 12
11.48 16
11.49 20
11.5 22
11.51 25
11.52 32
11.53 36
11.54 19
11.55 20
11.56 20
11.57 21
11.58 17
11.59 5
11.6 0
11.61 3
11.62 0
11.63 0
11.64 0
11.65 0
11.66 0
11.67 0
11.68 0
11.69 0
11.7 0
11.71 0
11.72 0
11.73 4
11.74 8
11.75 16
11.76 18
11.77 21
11.78 26
11.79 30
11.8 34
11.81 38
11.82 26
11.83 21
11.84 21
11.85 22
11.86 22
11.87 12
11.88 14
11.89 16
11.9 7
11.91 0
11.92 0
11.93 0
11.94 0
11.95 0
11.96 0
11.97 0
11.98 0
11.99 0
12 0
12.01 4
12.02 9
12.03 13
12.04 16
12.05 20
12.06 26
12.07 31
12.08 34
12.09 39
12.1 21
12.11 21
12.12 22
12.13 21
12.14 22
12.15 17
12.16 12
12.17 0
12.18 0
12.19 0
12.2 0
12.21 0
12.22 0
12.23 0
12.24 0
12.25 0
12.26 0
12.27 0
12.28 0
12.29 0
12.3 4
12.31 8
12.32 14
12.33 18
12.34 21
12.35 26
12.36 30
12.37 34
12.38 37
12.39 27
12.4 22
12.41 21
12.42 21
12.43 22
12.44 21
12.45 16
12.46 14
12.47 8
12.48 0
12.49 0
12.5 0
12.51 0
12.52 0
12.53 0
12.54 0
12.55 0
12.56 0
12.57 0
12.58 0
12.59 0
12.6 0
12.61 0
12.62 0
12.63 1
12.64 4
12.65 9
12.66 12
12.67 18
12.68 21
12.69 24
12.7 28
12.71 31
12.72 34
12.73 26
12.74 21
12.75 20
12.76 20
12.77 21
12.78 12
12.79 7
12.8 7
12.81 0
12.82 0
12.83 0
12.84 0
12.85 0
12.86 0
12.87 0
12.88 0
12.89 0
12.9 3
12.91 7
12.92 11
12.93 13
12.94 18
12.95 22
12.96 26
12.97 28
12.98 31
12.99 36
13 21
13.01 20
13.02 22
13.03 21
13.04 19
13.05 17
13.06 17
13.07 13
13.08 0
13.09 0
13.1 0
13.11 0
13.12 0
13.13 0
13.14 0
13.15 0
13.16 3
13.17 8
13.18 11
13.19 14
13.2 18
13.21 23
13.22 26
13.23 30
13.24 34
13.25 37
13.26 22
13.27 21
13.28 22
13.29 21
13.3 14
13.31 4
13.32 1
13.33 0
13.34 0
13.35 0
13.36 0
13.37 0
13.38 0
13.39 0
13.4 0
13.41 0
13.42 4
13.43 11
13.44 14
13.45 18
13.46 24
13.47 27
13.48 31
13.49 35
13.5 27
13.51 19
13.52 20
13.53 20
13.54 19
13.55 14
13.56 8
13.57 10
13.58 0
13.59 0
13.6 0
13.61 0
13.62 0
13.63 0
13.64 0
13.65 0
13.66 0
13.67 0
13.68 1
13.69 6
13.7 9
13.71 12
13.72 15
13.73 21
13.74 26
13.75 28
13.76 30
13.77 37
13.78 20
13.79 20
13.8 21
13.81 21
13.82 14
13.83 13
13.84 8
13.85 2
13.86 0
13.87 0
13.88 0
13.89 0
13.9 0
13.91 0
13.92 0
13.93 0
13.94 0
13.95 0
13.96 0
13.97 4
13.98 7
13.99 11
14 18
14.01 21
14.02 25
14.03 28
14.04 32
14.05 34
14.06 38
14.07 21
14.08 22
14.09 21
14.1 21
14.11 21
14.12 16
14.13 7
14.14 0
14.15 0
14.16 0
14.17 0
14.18 0
14.19 0
14.2 0
14.21 0
14.22 0
14.23 0
14.24 0
14.25 3
14.26 7
14.27 13
14.28 16
14.29 20
14.3 24
14.31 28
14.32 31
14.33 35
14.34 38
14.35 21
14.36 21
14.37 21
14.38 21
14.39 11
14.4 0
14.41 0
14.42 0
14.43 0
14.44 0
14.45 0
14.46 0
14.47 0
14.48 0
14.49 0
14.5 0
14.51 0
14.52 0
14.53 3
14.54 8
14.55 12
14.56 17
14.57 23
14.58 28
14.59 31
14.6 34
14.61 36
14.62 20
14.63 20
14.64 21
14.65 20
14.66 16
14.67 18
14.68 6
14.69 5
14.7 0
14.71 0
14.72 0
14.73 0
14.74 0
14.75 0
14.76 3
14.77 7
14.78 12
14.79 15
14.8 19
14.81 23
14.82 28
14.83 31
14.84 33
14.85 20
14.86 20
14.87 19
14.88 19
14.89 17
14.9 12
14.91 10
14.92 0
14.93 0
14.94 0
14.95 0
14.96 0
14.97 0
14.98 0
14.99 0
15 0
15.01 0
15.02 0
15.03 3
15.04 8
15.05 11
15.06 15
15.07 19
15.08 24
15.09 27
15.1 30
15.11 35
15.12 19
15.13 20
15.14 19
15.15 20
15.16 19
15.17 15
15.18 9
15.19 2
15.2 0
15.21 0
15.22 0
15.23 0
15.24 0
15.25 0
15.26 0
15.27 0
15.28 0
15.29 0
15.3 0
15.31 4
15.32 6
15.33 9
15.34 13
15.35 19
15.36 24
15.37 25
15.38 28
15.39 31
15.4 35
15.41 21
15.42 19
15.43 19
15.44 20
15.45 19
15.46 15
15.47 4
15.48 0
15.49 0
15.5 0
15.51 0
15.52 0
15.53 0
15.54 0
15.55 0
15.56 3
15.57 7
15.58 12
15.59 16
15.6 19
15.61 21
15.62 25
15.63 29
15.64 32
15.65 34
15.66 20
15.67 21
15.68 21
15.69 20
15.7 21
15.71 12
15.72 3
15.73 0
15.74 0
15.75 0
15.76 0
15.77 0
15.78 0
15.79 0
15.8 0
15.81 0
15.82 0
15.83 0
15.84 0
15.85 5
15.86 9
15.87 14
15.88 19
15.89 23
15.9 26
15.91 30
15.92 34
15.93 38
15.94 20
15.95 20
15.96 20
15.97 21
15.98 18
15.99 15
16 10
16.01 3
16.02 0
16.03 0
16.04 0
16.05 0
16.06 0
16.07 0
16.08 4
16.09 6
16.1 12
16.11 16
16.12 21
16.13 26
16.14 30
16.15 35
16.16 40
16.17 25
16.18 23
16.19 23
16.2 24
16.21 21
16.22 10
16.23 0
16.24 0
16.25 0
16.26 0
16.27 0
16.28 0
16.29 0
16.3 0
16.31 0
16.32 0
16.33 0
16.34 4
16.35 9
16.36 14
16.37 18
16.38 23
16.39 27
16.4 32
16.41 36
16.42 25
16.43 20
16.44 20
16.45 21
16.46 19
16.47 7
16.48 8
16.49 1
16.5 0
16.51 0
16.52 0
16.53 0
16.54 0
16.55 0
16.56 0
16.57 0
16.58 0
16.59 4
16.6 10
16.61 15
16.62 19
16.63 23
16.64 28
16.65 32
16.66 36
16.67 36
16.68 20
16.69 20
16.7 20
16.71 21
16.72 19
16.73 8
16.74 4
16.75 0
16.76 0
16.77 0
16.78 0
16.79 0
16.8 0
16.81 0
16.82 0
16.83 2
16.84 7
16.85 11
16.86 15
16.87 19
16.88 25
16.89 27
16.9 30
16.91 33
16.92 27
16.93 20
16.94 20
16.95 20
16.96 20
16.97 17
16.98 17
16.99 10
17 5
17.01 9
17.02 1
17.03 0
17.04 0
17.05 0
17.06 1
17.07 5
17.08 10
17.09 12
17.1 15
17.11 18
17.12 21
17.13 27
17.14 29
17.15 16
17.16 18
17.17 16
17.18 19
17.19 16
17.2 17
17.21 16
17.22 6
17.23 1
17.24 0
17.25 0
17.26 0
17.27 0
17.28 0
17.29 0
17.3 0
17.31 0
17.32 3
17.33 6
17.34 13
17.35 16
17.36 18
17.37 23
17.38 27
17.39 30
17.4 32
17.41 37
17.42 21
17.43 22
17.44 22
17.45 22
17.46 20
17.47 14
17.48 6
17.49 0
17.5 0
17.51 0
17.52 0
17.53 0
17.54 0
17.55 0
17.56 0
17.57 0
17.58 0
17.59 0
17.6 0
17.61 1
17.62 4
17.63 8
17.64 13
17.65 17
17.66 19
17.67 23
17.68 27
17.69 29
17.7 31
17.71 36
17.72 22
17.73 20
17.74 21
17.75 20
17.76 16
17.77 17
17.78 9
17.79 0
17.8 0
17.81 0
17.82 0
17.83 0
17.84 0
17.85 0
17.86 0
17.87 0
17.88 0
17.89 0
17.9 0
17.91 5
17.92 8
17.93 11
17.94 16
17.95 20
17.96 22
17.97 26
17.98 33
17.99 31
18 34
18.01 20
18.02 21
18.03 21
18.04 21
18.05 20
18.06 21
18.07 5
18.08 0
18.09 0
18.1 0
18.11 0
18.12 0
18.13 0
18.14 0
18.15 0
18.16 0
18.17 0
18.18 0
18.19 0
18.2 3
18.21 9
18.22 13
18.23 17
18.24 22
18.25 26
18.26 30
18.27 35
18.28 30
18.29 19
18.3 19
18.31 21
18.32 19
18.33 9
18.34 10
18.35 9
18.36 6
18.37 0
18.38 0
18.39 0
18.4 0
18.41 0
18.42 0
18.43 0
18.44 0
18.45 0
18.46 0
18.47 0
18.48 4
18.49 7
18.5 12
18.51 15
18.52 18
18.53 22
18.54 26
18.55 32
18.56 34
18.57 38
18.58 22
18.59 22
18.6 21
18.61 22
18.62 19
18.63 9
18.64 9
18.65 7
18.66 0
18.67 0
18.68 0
18.69 0
18.7 0
18.71 0
18.72 0
18.73 0
18.74 0
18.75 1
18.76 5
18.77 8
18.78 13
18.79 17
18.8 21
18.81 26
18.82 29
18.83 32
18.84 35
18.85 20
18.86 20
18.87 20
18.88 19
18.89 20
18.9 9
18.91 0
18.92 0
18.93 0
18.94 0
18.95 0
18.96 0
18.97 0
18.98 0
18.99 0
19 0
19.01 0
19.02 0
19.03 0
19.04 0
19.05 5
19.06 7
19.07 12
19.08 16
19.09 19
19.1 23
19.11 25
19.12 29
19.13 32
19.14 36
19.15 20
19.16 20
19.17 22
19.18 20
19.19 13
19.2 4
19.21 5
19.22 0
19.23 0
19.24 0
19.25 0
19.26 0
19.27 0
19.28 0
19.29 0
19.3 0
19.31 0
19.32 4
19.33 8
19.34 12
19.35 16
19.36 21
19.37 26
19.38 29
19.39 32
19.4 36
19.41 21
19.42 20
19.43 20
19.44 20
19.45 20
19.46 19
19.47 15
19.48 3
19.49 0
19.5 0
19.51 0
19.52 0
19.53 0
19.54 0
19.55 0
19.56 0
19.57 0
19.58 0
19.59 0
19.6 0
19.61 0
19.62 5
19.63 10
19.64 15
19.65 18
19.66 23
19.67 28
19.68 31
19.69 35
19.7 31
19.71 20
19.72 20
19.73 20
19.74 21
19.75 20
19.76 8
19.77 4
19.78 0
19.79 0
19.8 0
19.81 0
19.82 0
19.83 0
19.84 0
19.85 0
19.86 2
19.87 7
19.88 11
19.89 14
19.9 16
19.91 21
19.92 27
19.93 31
19.94 36
19.95 34
19.96 20
19.97 21
19.98 22
19.99 22
20 16
20.01 12
20.02 6
20.03 0
20.04 0
20.05 0
20.06 0
20.07 0
20.08 0
20.09 0
20.1 0
20.11 0
20.12 0
20.13 0
20.14 3
20.15 7
20.16 11
20.17 16
20.18 19
20.19 22
20.2 24
20.21 28
20.22 34
20.23 32
20.24 19
20.25 20
20.26 19
20.27 19
20.28 18
20.29 14
20.3 7
20.31 0
20.32 0
20.33 0
20.34 0
20.35 0
20.36 0
20.37 0
20.38 0
20.39 0
20.4 0
20.41 0
20.42 2
20.43 6
20.44 11
20.45 14
20.46 19
20.47 21
20.48 27
20.49 30
20.5 34
20.51 36
20.52 20
20.53 21
20.54 21
20.55 20
20.56 19
20.57 17
20.58 8
20.59 0
20.6 0
20.61 0
20.62 0
20.63 0
20.64 0
20.65 0
20.66 0
20.67 0
20.68 0
20.69 0
20.7 4
20.71 10
20.72 13
20.73 16
20.74 20
20.75 25
20.76 26
20.77 29
20.78 36
20.79 33
20.8 22
20.81 21
20.82 21
20.83 21
20.84 16
20.85 14
20.86 3
20.87 0
20.88 0
20.89 0
20.9 0
20.91 0
20.92 0
20.93 0
20.94 0
20.95 2
20.96 8
20.97 11
20.98 14
20.99 19
21 22
21.01 25
21.02 30
21.03 33
21.04 36
21.05 20
21.06 21
21.07 20
21.08 20
21.09 18
21.1 20
21.11 20
21.12 0
21.13 0
21.14 0
21.15 0
21.16 0
21.17 0
21.18 0
21.19 0
21.2 0
21.21 0
21.22 0
21.23 0
21.24 0
21.25 0
21.26 4
21.27 7
21.28 11
21.29 15
21.3 21
21.31 23
21.32 27
21.33 31
21.34 37
21.35 28
21.36 20
21.37 20
21.38 20
21.39 21
21.4 19
21.41 11
21.42 2
21.43 0
21.44 0
21.45 0
21.46 0
21.47 0
21.48 0
21.49 0
21.5 0
21.51 0
21.52 6
21.53 11
21.54 14
21.55 16
21.56 19
21.57 22
21.58 26
21.59 31
21.6 34
21.61 19
21.62 19
21.63 20
21.64 19
21.65 19
21.66 15
21.67 13
21.68 8
21.69 9
21.7 10
21.71 6
21.72 0
21.73 0
21.74 4
21.75 3
21.76 8
21.77 12
21.78 17
21.79 21
21.8 23
21.81 28
21.82 33
21.83 38
21.84 23
21.85 22
21.86 22
21.87 24
21.88 18
21.89 15
21.9 15
21.91 7
21.92 0
21.93 0
21.94 0
21.95 0
21.96 0
21.97 0
21.98 0
21.99 0
22 0
22.01 0
22.02 0
22.03 2
22.04 6
22.05 13
22.06 15
22.07 20
22.08 24
22.09 28
22.1 30
22.11 33
22.12 19
22.13 20
22.14 19
22.15 20
22.16 17
22.17 19
22.18 19
22.19 11
22.2 5
22.21 0
22.22 0
22.23 0
22.24 0
22.25 0
22.26 0
22.27 0
22.28 4
22.29 9
22.3 13
22.31 17
22.32 20
22.33 25
22.34 30
22.35 32
22.36 37
22.37 21
22.38 22
22.39 21
22.4 21
22.41 17
22.42 4
22.43 0
22.44 0
22.45 0
22.46 0
22.47 0
22.48 0
22.49 0
22.5 0
22.51 6
22.52 11
22.53 14
22.54 17
22.55 21
22.56 25
22.57 28
22.58 31
22.59 36
22.6 22
22.61 21
22.62 20
22.63 20
22.64 18
22.65 15
22.66 17
22.67 11
22.68 0
22.69 0
22.7 0
22.71 0
22.72 0
22.73 0
22.74 0
22.75 0
22.76 0
22.77 0
22.78 0
22.79 0
22.8 0
22.81 0
22.82 0
22.83 3
22.84 8
22.85 12
22.86 16
22.87 19
22.88 23
22.89 27
22.9 31
22.91 35
22.92 35
22.93 22
22.94 20
22.95 21
22.96 21
22.97 10
22.98 8
22.99 0
23 0
23.01 0
23.02 0
23.03 0
23.04 0
23.05 0
23.06 0
23.07 0
23.08 0
23.09 0
23.1 0
23.11 0
23.12 4
23.13 6
23.14 11
23.15 14
23.16 20
23.17 24
23.18 28
23.19 31
23.2 35
23.21 38
23.22 23
23.23 21
23.24 21
23.25 22
23.26 20
23.27 19
23.28 14
23.29 17
23.3 14
23.31 14
23.32 3
23.33 0
23.34 0
23.35 0
23.36 0
23.37 0
23.38 0
23.39 3
23.4 8
23.41 13
23.42 17
23.43 21
23.44 27
23.45 31
23.46 35
23.47 30
23.48 21
23.49 21
23.5 22
23.51 21
23.52 19
23.53 9
23.54 1
23.55 0
23.56 0
23.57 0
23.58 0
23.59 0
23.6 0
23.61 0
23.62 0
23.63 0
23.64 0
23.65 0
23.66 2
23.67 6
23.68 9
23.69 13
23.7 18
23.71 21
23.72 24
23.73 27
23.74 31
23.75 35
23.76 19
23.77 19
23.78 19
23.79 20
23.8 21
23.81 14
23.82 7
23.83 4
23.84 0
23.85 0
23.86 0
23.87 0
23.88 0
23.89 0
23.9 0
23.91 0
23.92 0
23.93 0
23.94 0
23.95 0
23.96 1
23.97 4
23.98 9
23.99 13
24 15
24.01 18
24.02 24
24.03 26
24.04 29
24.05 34
24.06 31
24.07 19
24.08 19
24.09 20
24.1 19
24.11 10
24.12 4
24.13 0
24.14 0
24.15 0
24.16 0
24.17 0
24.18 0
24.19 0
24.2 0
24.21 0
24.22 0
24.23 0
24.24 0
24.25 6
24.26 11
24.27 14
24.28 21
24.29 26
24.3 29
24.31 33
24.32 39
24.33 19
24.34 20
24.35 19
24.36 20
24.37 18
24.38 10
24.39 8
24.4 9
24.41 4
24.42 0
24.43 0
24.44 0
24.45 0
24.46 0
24.47 0
24.48 1
24.49 6
24.5 8
24.51 15
24.52 18
24.53 22
24.54 24
24.55 28
24.56 31
24.57 35
24.58 19
24.59 20
24.6 20
24.61 20
24.62 13
24.63 17
24.64 13
24.65 6
24.66 0
24.67 0
24.68 0
24.69 0
24.7 0
24.71 0
24.72 0
24.73 0
24.74 0
24.75 0
24.76 4
24.77 9
24.78 14
24.79 18
24.8 23
24.81 27
24.82 30
24.83 34
24.84 38
24.85 21
24.86 20
24.87 21
24.88 20
24.89 21
24.9 17
24.91 19
24.92 16
24.93 13
24.94 9
24.95 4
24.96 0
24.97 0
24.98 0
24.99 2
25 2
25.01 7
25.02 10
25.03 13
25.04 16
25.05 19
25.06 23
25.07 27
25.08 29
25.09 32
25.1 34
25.11 22
25.12 22
25.13 21
25.14 22
25.15 13
25.16 9
25.17 0
25.18 0
25.19 0
25.2 0
25.21 0
25.22 0
25.23 0
25.24 0
25.25 0
25.26 0
25.27 0
25.28 0
25.29 3
25.3 6
25.31 10
25.32 13
25.33 20
25.34 23
25.35 26
25.36 31
25.37 36
25.38 34
25.39 20
25.4 22
25.41 20
25.42 20
25.43 4
25.44 0
25.45 0
25.46 0
25.47 0
25.48 0
25.49 0
25.5 0
25.51 0
25.52 0
25.53 0
25.54 0
25.55 0
25.56 3
25.57 5
25.58 10
25.59 15
25.6 19
25.61 23
25.62 27
25.63 31
25.64 34
25.65 36
25.66 21
25.67 21
25.68 21
25.69 21
25.7 21
25.71 13
25.72 5
25.73 3
25.74 3
25.75 2
25.76 0
25.77 0
25.78 0
25.79 0
25.8 0
25.81 0
25.82 0
25.83 4
25.84 9
25.85 14
25.86 16
25.87 18
25.88 21
25.89 25
25.9 27
25.91 30
25.92 18
25.93 18
25.94 19
25.95 19
25.96 12
25.97 12
25.98 1
25.99 0
26 0
26.01 0
26.02 0
26.03 0
26.04 0
26.05 0
26.06 0
26.07 0
26.08 5
26.09 7
26.1 11
26.11 15
26.12 18
26.13 21
26.14 27
26.15 30
26.16 35
26.17 19
26.18 19
26.19 18
26.2 18
26.21 8
26.22 1
26.23 0
26.24 1
26.25 0
26.26 0
26.27 0
26.28 0
26.29 0
26.3 0
26.31 0
26.32 4
26.33 6
26.34 10
26.35 14
26.36 16
26.37 21
26.38 25
26.39 30
26.4 33
26.41 36
26.42 26
26.43 22
26.44 24
26.45 22
26.46 21
26.47 19
26.48 13
26.49 1
26.5 0
26.51 0
26.52 0
26.53 0
26.54 0
26.55 0
26.56 0
26.57 0
26.58 0
26.59 1
26.6 5
26.61 9
26.62 14
26.63 16
26.64 21
26.65 24
26.66 28
26.67 31
26.68 34
26.69 21
26.7 20
26.71 20
26.72 20
26.73 20
26.74 16
26.75 11
26.76 4
26.77 0
26.78 0
26.79 0
26.8 0
26.81 0
26.82 0
26.83 0
26.84 0
26.85 0
26.86 0
26.87 0
26.88 0
26.89 5
26.9 8
26.91 11
26.92 17
26.93 20
26.94 24
26.95 27
26.96 33
26.97 36
26.98 38
26.99 22
27 22
27.01 22
27.02 22
27.03 21
27.04 15
27.05 11
27.06 6
27.07 0
27.08 0
27.09 0
27.1 0
27.11 0
27.12 0
27.13 0
27.14 0
27.15 0
27.16 0
27.17 0
27.18 0
27.19 2
27.2 7
27.21 13
27.22 18
27.23 19
27.24 24
27.25 28
27.26 33
27.27 35
27.28 33
27.29 21
27.3 20
27.31 20
27.32 20
27.33 16
27.34 7
27.35 0
27.36 0
27.37 0
27.38 0
27.39 0
27.4 0
27.41 0
27.42 0
27.43 0
27.44 0
27.45 0
27.46 1
27.47 6
27.48 10
27.49 16
27.5 20
27.51 23
27.52 27
27.53 30
27.54 35
27.55 21
27.56 19
27.57 20
27.58 20
27.59 19
27.6 10
27.61 0
27.62 0
27.63 0
27.64 0
27.65 0
27.66 0
27.67 0
27.68 0
27.69 0
27.7 0
27.71 5
27.72 12
27.73 16
27.74 18
27.75 22
27.76 29
27.77 32
27.78 36
27.79 42
27.8 22
27.81 23
27.82 23
27.83 23
27.84 11
27.85 0
27.86 2
27.87 0
27.88 0
27.89 0
27.9 0
27.91 0
27.92 0
27.93 0
27.94 0
27.95 0
27.96 0
27.97 0
27.98 3
27.99 7
28 11
28.01 16
28.02 21
28.03 24
28.04 29
28.05 34
28.06 38
28.07 32
28.08 22
28.09 22
28.1 21
28.11 21
28.12 16
28.13 16
28.14 4
28.15 0
28.16 0
28.17 0
28.18 0
28.19 0
28.2 0
28.21 0
28.22 0
28.23 0
28.24 0
28.25 0
28.26 0
28.27 4
28.28 10
28.29 15
28.3 18
28.31 23
28.32 27
28.33 31
28.34 34
28.35 37
28.36 20
28.37 20
28.38 20
28.39 20
28.4 16
28.41 5
28.42 6
28.43 0
28.44 0
28.45 0
28.46 0
28.47 0
28.48 0
28.49 0
28.5 0
28.51 0
28.52 3
28.53 8
28.54 11
28.55 13
28.56 18
28.57 23
28.58 26
28.59 29
28.6 32
28.61 35
28.62 20
28.63 20
28.64 19
28.65 19
28.66 14
28.67 0
28.68 0
28.69 0
28.7 0
28.71 0
28.72 0
28.73 0
28.74 0
28.75 0
28.76 0
28.77 0
28.78 0
28.79 0
28.8 0
28.81 4
28.82 10
28.83 14
28.84 19
28.85 23
28.86 29
28.87 33
28.88 37
28.89 26
28.9 21
28.91 20
28.92 21
28.93 20
28.94 12
28.95 10
28.96 13
28.97 0
28.98 0
28.99 0
29 0
29.01 0
29.02 0
29.03 0
29.04 0
29.05 0
29.06 2
29.07 5
29.08 10
29.09 14
29.1 19
29.11 22
29.12 26
29.13 32
29.14 34
29.15 19
29.16 20
29.17 19
29.18 19
29.19 15
29.2 0
29.21 0
29.22 0
29.23 0
29.24 0
29.25 0
29.26 0
29.27 0
29.28 0
29.29 0
29.3 0
29.31 0
29.32 0
29.33 0
29.34 0
29.35 2
29.36 6
29.37 11
29.38 15
29.39 20
29.4 24
29.41 28
29.42 30
29.43 34
29.44 38
29.45 20
29.46 21
29.47 22
29.48 20
29.49 13
29.5 8
29.51 0
29.52 0
29.53 0
29.54 0
29.55 0
29.56 0
29.57 0
29.58 0
29.59 0
29.6 0
29.61 0
29.62 0
29.63 0
29.64 2
29.65 7
29.66 10
29.67 14
29.68 19
29.69 22
29.7 28
29.71 30
29.72 33
29.73 36
29.74 20
29.75 20
29.76 20
29.77 20
29.78 21
29.79 14
29.8 10
29.81 10
29.82 0
29.83 0
29.84 0
29.85 0
29.86 0
29.87 0
29.88 0
29.89 0
29.9 0
29.91 4
29.92 9
29.93 11
29.94 14
29.95 17
29.96 24
29.97 26
29.98 30
29.99 34
30 21
30.01 20
30.02 20
30.03 19
30.04 15
30.05 13
30.06 13
30.07 5
30.08 6
30.09 0
30.1 0
30.11 0
30.12 0
30.13 0
30.14 0
30.15 0
30.16 0
30.17 2
30.18 8
30.19 13
30.2 18
30.21 21
30.22 28
30.23 32
30.24 34
30.25 29
30.26 21
30.27 20
30.28 19
30.29 20
30.3 21
30.31 18
30.32 9
30.33 7
30.34 0
30.35 0
30.36 0
30.37 0
30.38 0
30.39 0
30.4 0
30.41 1
30.42 6
30.43 10
30.44 13
30.45 17
30.46 20
30.47 24
30.48 28
30.49 31
30.5 35
30.51 19
30.52 20
30.53 20
30.54 19
30.55 4
30.56 0
30.57 0
30.58 0
30.59 0
30.6 0
30.61 0
30.62 0
30.63 0
30.64 0
30.65 0
30.66 0
30.67 0
30.68 0
30.69 0
30.7 2
30.71 6
30.72 9
30.73 14
30.74 17
30.75 22
30.76 25
30.77 29
30.78 33
30.79 36
30.8 32
30.81 21
30.82 22
30.83 22
30.84 21
30.85 13
30.86 4
30.87 2
30.88 2
30.89 0
30.9 0
30.91 0
30.92 0
30.93 0
30.94 0
30.95 0
30.96 0
30.97 0
30.98 0
30.99 4
31 6
31.01 9
31.02 13
31.03 16
31.04 21
31.05 23
31.06 27
31.07 34
31.08 36
31.09 37
31.1 21
31.11 22
31.12 22
31.13 22
31.14 9
31.15 6
31.16 4
31.17 0
31.18 0
31.19 0
31.2 0
31.21 0
31.22 0
31.23 0
31.24 0
31.25 0
31.26 3
31.27 7
31.28 10
31.29 16
31.3 21
31.31 25
31.32 29
31.33 36
31.34 40
31.35 21
31.36 21
31.37 20
31.38 20
31.39 9
31.4 5
31.41 0
31.42 0
31.43 0
31.44 0
31.45 0
31.46 0
31.47 0
31.48 0
31.49 0
31.5 0
31.51 0
31.52 0
31.53 0
31.54 3
31.55 7
31.56 13
31.57 18
31.58 22
31.59 25
31.6 29
31.61 34
31.62 36
31.63 22
31.64 20
31.65 22
31.66 20
31.67 17
31.68 14
31.69 8
31.7 3
31.71 0
31.72 0
31.73 0
31.74 0
31.75 0
31.76 0
31.77 0
31.78 2
31.79 7
31.8 13
31.81 18
31.82 23
31.83 28
31.84 33
31.85 36
31.86 27
31.87 21
31.88 23
31.89 21
31.9 20
31.91 16
31.92 9
31.93 0
31.94 0
31.95 0
31.96 0
31.97 0
31.98 0
31.99 0
32 1
32.01 9
32.02 14
32.03 19
32.04 23
32.05 28
32.06 33
32.07 37
32.08 39
32.09 23
32.1 22
32.11 22
32.12 24
32.13 16
32.14 9
32.15 8
32.16 3
32.17 0
32.18 0
32.19 0
32.2 0
32.21 0
32.22 0
32.23 0
32.24 0
32.25 0
32.26 3
32.27 9
32.28 13
32.29 19
32.3 24
32.31 27
32.32 31
32.33 36
32.34 39
32.35 22
32.36 21
32.37 22
32.38 22
32.39 19
32.4 20
32.41 15
32.42 7
32.43 0
32.44 0
32.45 0
32.46 0
32.47 0
32.48 0
32.49 0
32.5 0
32.51 4
32.52 10
32.53 14
32.54 18
32.55 23
32.56 26
32.57 30
32.58 35
32.59 36
32.6 20
32.61 20
32.62 21
32.63 21
32.64 11
32.65 5
32.66 5
32.67 0
32.68 0
32.69 0
32.7 0
32.71 0
32.72 0
32.73 0
32.74 0
32.75 0
32.76 0
32.77 1
32.78 4
32.79 7
32.8 12
32.81 17
32.82 22
32.83 25
32.84 28
32.85 32
32.86 35
32.87 19
32.88 19
32.89 21
32.9 20
32.91 11
32.92 0
32.93 0
32.94 0
32.95 0
32.96 0
32.97 0
32.98 0
32.99 0
33 0
33.01 0
33.02 0
33.03 0
33.04 0
33.05 3
33.06 9
33.07 12
33.08 15
33.09 21
33.1 23
33.11 27
33.12 31
33.13 37
33.14 22
33.15 20
33.16 20
33.17 21
33.18 21
33.19 16
33.2 12
33.21 16
33.22 1
33.23 0
33.24 0
33.25 0
33.26 0
33.27 0
33.28 0
33.29 0
33.3 3
33.31 8
33.32 12
33.33 16
33.34 20
33.35 26
33.36 29
33.37 32
33.38 36
33.39 21
33.4 21
33.41 21
33.42 20
33.43 14
33.44 8
33.45 4
33.46 0
33.47 0
33.48 0
33.49 0
33.5 0
33.51 0
33.52 0
33.53 0
33.54 0
33.55 0
33.56 2
33.57 6
33.58 9
33.59 13
33.6 19
33.61 21
33.62 25
33.63 28
33.64 32
33.65 36
33.66 20
33.67 20
33.68 21
33.69 20
33.7 20
33.71 15
33.72 11
33.73 0
33.74 0
33.75 0
33.76 0
33.77 0
33.78 0
33.79 0
33.8 0
33.81 0
33.82 0
33.83 0
33.84 0
33.85 0
33.86 0
33.87 1
33.88 6
33.89 9
33.9 12
33.91 17
33.92 20
33.93 22
33.94 27
33.95 30
33.96 33
33.97 35
33.98 22
33.99 21
34 20
34.01 20
34.02 9
34.03 4
34.04 0
34.05 0
34.06 0
34.07 0
34.08 0
34.09 0
34.1 0
34.11 0
34.12 0
34.13 0
34.14 0
34.15 0
34.16 0
34.17 3
34.18 6
34.19 9
34.2 14
34.21 19
34.22 22
34.23 25
34.24 30
34.25 35
34.26 37
34.27 20
34.28 22
34.29 20
34.3 21
34.31 16
34.32 4
34.33 0
34.34 0
34.35 0
34.36 0
34.37 0
34.38 0
34.39 0
34.4 0
34.41 0
34.42 0
34.43 0
34.44 0
34.45 3
34.46 9
34.47 14
34.48 19
34.49 22
34.5 23
34.51 27
34.52 29
34.53 33
34.54 37
34.55 21
34.56 21
34.57 21
34.58 21
34.59 18
34.6 8
34.61 5
34.62 3
34.63 0
34.64 0
34.65 0
34.66 0
34.67 0
34.68 0
34.69 0
34.7 0
34.71 0
34.72 6
34.73 11
34.74 13
34.75 15
34.76 18
34.77 25
34.78 29
34.79 33
34.8 36
34.81 20
34.82 20
34.83 20
34.84 20
34.85 17
34.86 12
34.87 6
34.88 0
34.89 0
34.9 0
34.91 0
34.92 0
34.93 0
34.94 0
34.95 0
34.96 0
34.97 0
34.98 0
34.99 1
35 7
35.01 14
35.02 17
35.03 21
35.04 26
35.05 32
35.06 34
35.07 30
35.08 19
35.09 20
35.1 19
35.11 19
35.12 19
35.13 16
35.14 10
35.15 9
35.16 8
35.17 9
35.18 9
35.19 9
35.2 12
35.21 15
35.22 16
35.23 21
35.24 15
35.25 14
35.26 15
35.27 14
35.28 5
35.29 1
35.3 0
35.31 0
35.32 0
35.33 0
35.34 0
35.35 0
35.36 0
35.37 0
35.38 3
35.39 9
35.4 15
35.41 17
35.42 21
35.43 26
35.44 32
35.45 34
35.46 38
35.47 21
35.48 22
35.49 22
35.5 21
35.51 19
35.52 6
35.53 0
35.54 0
35.55 0
35.56 0
35.57 0
35.58 0
35.59 0
35.6 0
35.61 0
35.62 0
35.63 0
35.64 0
35.65 0
35.66 0
35.67 3
35.68 8
35.69 11
35.7 14
35.71 19
35.72 23
35.73 27
35.74 30
35.75 33
35.76 38
35.77 20
35.78 21
35.79 20
35.8 20
35.81 15
35.82 11
35.83 6
35.84 0
35.85 0
35.86 0
35.87 0
35.88 0
35.89 0
35.9 0
35.91 0
35.92 0
35.93 0
35.94 0
35.95 0
35.96 7
35.97 10
35.98 13
35.99 20
36 24
36.01 29
36.02 32
36.03 37
36.04 20
36.05 19
36.06 20
36.07 20
36.08 17
36.09 16
36.1 17
36.11 7
36.12 1
36.13 0
36.14 0
36.15 0
36.16 0
36.17 0
36.18 0
36.19 0
36.2 0
36.21 2
36.22 5
36.23 9
36.24 14
36.25 18
36.26 22
36.27 30
36.28 34
36.29 37
36.3 20
36.31 21
36.32 20
36.33 20
36.34 20
36.35 19
36.36 14
36.37 7
36.38 0
36.39 0
36.4 0
36.41 0
36.42 0
36.43 0
36.44 0
36.45 0
36.46 1
36.47 8
36.48 13
36.49 17
36.5 21
36.51 24
36.52 28
36.53 31
36.54 37
36.55 19
36.56 21
36.57 19
36.58 19
36.59 11
36.6 11
36.61 4
36.62 0
36.63 0
36.64 0
36.65 0
36.66 0
36.67 0
36.68 3
36.69 8
36.7 12
36.71 14
36.72 19
36.73 24
36.74 27
36.75 31
36.76 35
36.77 20
36.78 19
36.79 21
36.8 19
36.81 18
36.82 8
36.83 5
36.84 6
36.85 0
36.86 3
36.87 0
36.88 0
36.89 0
36.9 0
36.91 4
36.92 6
36.93 12
36.94 16
36.95 18
36.96 21
36.97 27
36.98 31
36.99 34
37 24
37.01 21
37.02 21
37.03 21
37.04 21
37.05 17
37.06 4
37.07 4
37.08 0
37.09 0
37.1 0
37.11 0
37.12 0
37.13 0
37.14 0
37.15 3
37.16 5
37.17 10
37.18 15
37.19 20
37.2 22
37.21 27
37.22 33
37.23 35
37.24 34
37.25 20
37.26 20
37.27 20
37.28 21
37.29 20
37.3 16
37.31 10
37.32 0
37.33 0
37.34 0
37.35 0
37.36 0
37.37 0
37.38 0
37.39 0
37.4 0
37.41 0
37.42 0
37.43 0
37.44 0
37.45 4
37.46 5
37.47 11
37.48 17
37.49 20
37.5 21
37.51 26
37.52 31
37.53 33
37.54 36
37.55 20
37.56 20
37.57 21
37.58 22
37.59 17
37.6 10
37.61 6
37.62 4
37.63 2
37.64 0
37.65 0
37.66 0
37.67 0
37.68 0
37.69 0
37.7 0
37.71 0
37.72 3
37.73 6
37.74 8
37.75 12
37.76 15
37.77 19
37.78 23
37.79 27
37.8 29
37.81 33
37.82 23
37.83 20
37.84 20
37.85 19
37.86 18
37.87 16
37.88 11
37.89 6
37.9 0
37.91 0
37.92 0
37.93 0
37.94 0
37.95 0
37.96 0
37.97 0
37.98 0
37.99 0
38 1
38.01 6
38.02 10
38.03 12
38.04 16
38.05 20
38.06 23
38.07 28
38.08 31
38.09 34
38.1 33
38.11 23
38.12 21
38.13 22
38.14 21
38.15 16
38.16 16
38.17 3
38.18 0
38.19 0
38.2 0
38.21 0
38.22 0
38.23 0
38.24 0
38.25 0
38.26 0
38.27 1
38.28 5
38.29 8
38.3 11
38.31 18
38.32 20
38.33 25
38.34 29
38.35 34
38.36 36
38.37 21
38.38 21
38.39 20
38.4 20
38.41 15
38.42 9
38.43 5
38.44 0
38.45 0
38.46 0
38.47 0
38.48 0
38.49 0
38.5 0
38.51 0
38.52 0
38.53 0
38.54 0
38.55 3
38.56 9
38.57 11
38.58 14
38.59 17
38.6 20
38.61 24
38.62 28
38.63 32
38.64 36
38.65 21
38.66 21
38.67 20
38.68 21
38.69 21
38.7 10
38.71 10
38.72 4
38.73 0
38.74 0
38.75 1
38.76 0
38.77 0
38.78 0
38.79 0
38.8 4
38.81 6
38.82 11
38.83 14
38.84 19
38.85 21
38.86 25
38.87 28
38.88 31
38.89 34
38.9 35
38.91 22
38.92 22
38.93 22
38.94 22
38.95 23
38.96 19
38.97 10
38.98 0
38.99 0
39 0
39.01 0
39.02 0
39.03 0
39.04 0
39.05 0
39.06 0
39.07 0
39.08 0
39.09 1
39.1 7
39.11 10
39.12 13
39.13 17
39.14 20
39.15 23
39.16 26
39.17 33
39.18 35
39.19 20
39.2 19
39.21 20
39.22 20
39.23 10
39.24 13
39.25 1
39.26 0
39.27 0
39.28 0
39.29 0
39.3 0
39.31 0
39.32 0
39.33 0
39.34 0
39.35 0
39.36 0
39.37 0
39.38 5
39.39 9
39.4 13
39.41 17
39.42 19
39.43 26
39.44 32
39.45 35
39.46 31
39.47 19
39.48 19
39.49 19
39.5 19
39.51 14
39.52 2
39.53 0
39.54 0
39.55 0
39.56 0
39.57 0
39.58 0
39.59 0
39.6 0
39.61 2
39.62 5
39.63 9
39.64 14
39.65 15
39.66 18
39.67 21
39.68 29
39.69 29
39.7 33
39.71 27
39.72 20
39.73 19
39.74 20
39.75 20
39.76 16
39.77 19
39.78 15
39.79 4
39.8 7
39.81 5
39.82 3
39.83 6
39.84 3
39.85 3
39.86 8
39.87 10
39.88 13
39.89 18
39.9 17
39.91 20
39.92 23
39.93 27
39.94 16
39.95 16
39.96 17
39.97 15
39.98 0
39.99 0
40 0
40.01 0
40.02 0
40.03 0
40.04 0
40.05 0
40.06 0
40.07 0
40.08 0
40.09 0
40.1 3
40.11 7
40.12 13
40.13 18
40.14 21
40.15 25
40.16 29
40.17 33
40.18 37
40.19 20
40.2 20
40.21 21
40.22 19
40.23 14
40.24 11
40.25 9
40.26 0
40.27 0
40.28 0
40.29 0
40.3 0
40.31 0
40.32 0
40.33 2
40.34 6
40.35 11
40.36 16
40.37 20
40.38 24
40.39 29
40.4 33
40.41 33
40.42 19
40.43 20
40.44 21
40.45 20
40.46 19
40.47 18
40.48 4
40.49 0
40.5 0
40.51 0
40.52 0
40.53 0
40.54 0
40.55 0
40.56 0
40.57 0
40.58 3
40.59 8
40.6 15
40.61 19
40.62 23
40.63 27
40.64 32
40.65 34
40.66 39
40.67 22
40.68 21
40.69 21
40.7 22
40.71 15
40.72 13
40.73 2
40.74 3
40.75 0
40.76 0
40.77 0
40.78 0
40.79 0
40.8 0
40.81 0
40.82 0
40.83 0
40.84 0
40.85 1
40.86 7
40.87 13
40.88 16
40.89 20
40.9 23
40.91 27
40.92 30
40.93 34
40.94 33
40.95 20
40.96 20
40.97 20
40.98 21
40.99 12
41 7
41.01 4
41.02 2
41.03 0
41.04 0
41.05 0
41.06 0
41.07 0
41.08 0
41.09 0
41.1 0
41.11 1
41.12 4
41.13 8
41.14 12
41.15 16
41.16 19
41.17 23
41.18 27
41.19 32
41.2 35
41.21 37
41.22 22
41.23 22
41.24 21
41.25 23
41.26 16
41.27 19
41.28 16
41.29 1
41.3 0
41.31 0
41.32 0
41.33 0
41.34 0
41.35 0
41.36 0
41.37 0
41.38 0
41.39 0
41.4 0
41.41 0
41.42 0
41.43 4
41.44 7
41.45 12
41.46 14
41.47 17
41.48 21
41.49 25
41.5 28
41.51 29
41.52 32
41.53 34
41.54 22
41.55 21
41.56 23
41.57 22
41.58 18
41.59 15
41.6 17
41.61 0
41.62 0
41.63 0
41.64 0
41.65 0
41.66 0
41.67 0
41.68 0
41.69 0
41.7 0
41.71 0
41.72 0
41.73 0
41.74 3
41.75 8
41.76 14
41.77 17
41.78 20
41.79 24
41.8 28
41.81 30
41.82 33
41.83 36
41.84 21
41.85 21
41.86 20
41.87 20
41.88 20
41.89 10
41.9 6
41.91 0
41.92 0
41.93 0
41.94 0
41.95 0
41.96 0
41.97 0
41.98 0
41.99 0
42 0
42.01 4
42.02 8
42.03 11
42.04 13
42.05 16
42.06 19
42.07 25
42.08 27
42.09 30
42.1 33
42.11 36
42.12 22
42.13 21
42.14 21
42.15 22
42.16 22
42.17 16
42.18 8
42.19 4
42.2 2
42.21 0
42.22 0
42.23 0
42.24 0
42.25 0
42.26 0
42.27 5
42.28 12
42.29 12
42.3 15
42.31 19
42.32 24
42.33 27
42.34 29
42.35 35
42.36 20
42.37 21
42.38 20
42.39 21
42.4 12
42.41 2
42.42 0
42.43 0
42.44 0
42.45 0
42.46 0
42.47 0
42.48 0
42.49 0
42.5 0
42.51 0
42.52 5
42.53 9
42.54 12
42.55 16
42.56 20
42.57 23
42.58 25
42.59 31
42.6 35
42.61 19
42.62 19
42.63 19
42.64 19
42.65 13
42.66 8
42.67 6
42.68 0
42.69 0
42.7 0
42.71 0
42.72 0
42.73 0
42.74 0
42.75 0
42.76 0
42.77 0
42.78 0
42.79 0
42.8 2
42.81 7
42.82 12
42.83 14
42.84 19
42.85 23
42.86 26
42.87 30
42.88 35
42.89 39
42.9 22
42.91 23
42.92 23
42.93 23
42.94 16
42.95 12
42.96 0
42.97 0
42.98 0
42.99 0
43 0
43.01 0
43.02 0
43.03 0
43.04 0
43.05 0
43.06 0
43.07 0
43.08 0
43.09 1
43.1 6
43.11 12
43.12 15
43.13 19
43.14 23
43.15 28
43.16 28
43.17 32
43.18 34
43.19 22
43.2 21
43.21 21
43.22 21
43.23 18
43.24 8
43.25 3
43.26 0
43.27 0
43.28 0
43.29 0
43.3 0
43.31 0
43.32 0
43.33 0
43.34 0
43.35 0
43.36 0
43.37 5
43.38 8
43.39 14
43.4 18
43.41 22
43.42 27
43.43 30
43.44 34
43.45 38
43.46 22
43.47 22
43.48 22
43.49 22
43.5 18
43.51 18
43.52 3
43.53 0
43.54 0
43.55 0
43.56 0
43.57 0
43.58 0
43.59 0
43.6 0
43.61 0
43.62 0
43.63 1
43.64 5
43.65 8
43.66 13
43.67 17
43.68 20
43.69 24
43.7 27
43.71 31
43.72 35
43.73 30
43.74 21
43.75 22
43.76 23
43.77 22
43.78 8
43.79 1
43.8 0
43.81 0
43.82 0
43.83 0
43.84 0
43.85 0
43.86 0
43.87 0
43.88 0
43.89 0
43.9 0
43.91 4
43.92 8
43.93 12
43.94 16
43.95 21
43.96 25
43.97 31
43.98 36
43.99 37
44 21
44.01 21
44.02 21
44.03 20
44.04 11
44.05 0
44.06 0
44.07 0
44.08 0
44.09 0
44.1 0
44.11 0
44.12 0
44.13 0
44.14 0
44.15 0
44.16 0
44.17 0
44.18 0
44.19 2
44.2 7
44.21 12
44.22 16
44.23 21
44.24 24
44.25 28
44.26 31
44.27 35
44.28 38
44.29 21
44.3 23
44.31 22
44.32 22
44.33 20
44.34 11
44.35 8
44.36 6
44.37 1
44.38 0
44.39 0
44.4 0
44.41 0
44.42 0
44.43 0
44.44 0
44.45 0
44.46 0
44.47 0
44.48 4
44.49 8
44.5 11
44.51 14
44.52 17
44.53 21
44.54 23
44.55 27
44.56 30
44.57 34
44.58 30
44.59 20
44.6 22
44.61 20
44.62 20
44.63 14
44.64 8
44.65 0
44.66 0
44.67 0
44.68 0
44.69 0
44.7 0
44.71 0
44.72 0
44.73 0
44.74 0
44.75 0
44.76 0
44.77 1
44.78 7
44.79 11
44.8 17
44.81 20
44.82 23
44.83 27
44.84 32
44.85 36
44.86 21
44.87 20
44.88 20
44.89 21
44.9 18
44.91 2
44.92 0
44.93 0
44.94 0
44.95 0
44.96 0
44.97 0
44.98 0
44.99 0
45 0
45.01 0
45.02 0
45.03 0
45.04 2
45.05 8
45.06 14
45.07 17
45.08 20
45.09 24
45.1 28
45.11 31
45.12 34
45.13 34
45.14 21
45.15 20
45.16 20
45.17 20
45.18 18
45.19 16
45.2 11
45.21 1
45.22 0
45.23 0
45.24 0
45.25 0
45.26 0
45.27 0
45.28 0
45.29 0
45.3 0
45.31 0
45.32 0
45.33 0
45.34 5
45.35 13
45.36 17
45.37 21
45.38 22
45.39 26
45.4 29
45.41 34
45.42 39
45.43 20
45.44 20
45.45 20
45.46 21
45.47 21
45.48 14
45.49 11
45.5 8
45.51 0
45.52 0
45.53 0
45.54 0
45.55 0
45.56 0
45.57 0
45.58 0
45.59 0
45.6 0
45.61 0
45.62 0
45.63 0
45.64 1
45.65 6
45.66 10
45.67 15
45.68 19
45.69 25
45.7 28
45.71 31
45.72 35
45.73 25
45.74 20
45.75 21
45.76 21
45.77 20
45.78 20
45.79 17
45.8 10
45.81 9
45.82 0
45.83 0
45.84 0
45.85 0
45.86 0
45.87 0
45.88 0
45.89 0
45.9 0
45.91 2
45.92 7
45.93 12
45.94 16
45.95 20
45.96 25
45.97 30
45.98 34
45.99 37
46 21
46.01 22
46.02 22
46.03 21
46.04 21
46.05 20
46.06 11
46.07 2
46.08 0
46.09 0
46.1 0
46.11 0
46.12 0
46.13 0
46.14 0
46.15 0
46.16 0
46.17 0
46.18 0
46.19 0
46.2 2
46.21 6
46.22 12
46.23 16
46.24 21
46.25 25
46.26 29
46.27 31
46.28 36
46.29 34
46.3 21
46.31 21
46.32 20
46.33 20
46.34 10
46.35 11
46.36 5
46.37 0
46.38 0
46.39 0
46.4 0
46.41 0
46.42 0
46.43 0
46.44 0
46.45 0
46.46 0
46.47 0
46.48 2
46.49 7
46.5 11
46.51 13
46.52 18
46.53 22
46.54 25
46.55 29
46.56 32
46.57 35
46.58 20
46.59 21
46.6 20
46.61 21
46.62 10
46.63 11
46.64 11
46.65 3
46.66 0
46.67 0
46.68 0
46.69 0
46.7 0
46.71 0
46.72 0
46.73 0
46.74 0
46.75 0
46.76 2
46.77 8
46.78 14
46.79 16
46.8 21
46.81 26
46.82 30
46.83 33
46.84 40
46.85 20
46.86 20
46.87 21
46.88 21
46.89 8
46.9 2
46.91 0
46.92 0
46.93 0
46.94 0
46.95 0
46.96 0
46.97 0
46.98 0
46.99 0
47 0
47.01 0
47.02 1
47.03 6
47.04 11
47.05 16
47.06 18
47.07 26
47.08 29
47.09 33
47.1 36
47.11 20
47.12 20
47.13 20
47.14 21
47.15 18
47.16 19
47.17 10
47.18 13
47.19 10
47.2 0
47.21 0
47.22 0
47.23 0
47.24 0
47.25 0
47.26 0
47.27 0
47.28 0
47.29 2
47.3 5
47.31 11
47.32 13
47.33 18
47.34 20
47.35 23
47.36 27
47.37 32
47.38 35
47.39 38
47.4 22
47.41 21
47.42 21
47.43 21
47.44 22
47.45 17
47.46 14
47.47 0
47.48 0
47.49 0
47.5 0
47.51 0
47.52 0
47.53 0
47.54 0
47.55 0
47.56 0
47.57 0
47.58 0
47.59 2
47.6 5
47.61 5
47.62 8
47.63 12
47.64 13
47.65 17
47.66 22
47.67 24
47.68 26
47.69 29
47.7 33
47.71 30
47.72 20
47.73 20
47.74 21
47.75 21
47.76 11
47.77 8
47.78 7
47.79 0
47.8 0
47.81 0
47.82 0
47.83 0
47.84 0
47.85 0
47.86 0
47.87 0
47.88 1
47.89 5
47.9 10
47.91 18
47.92 21
47.93 26
47.94 29
47.95 33
47.96 35
47.97 19
47.98 20
47.99 20
48 19
48.01 19
48.02 9
48.03 0
48.04 0
48.05 0
48.06 0
48.07 0
48.08 0
48.09 0
48.1 0
48.11 0
48.12 1
48.13 5
48.14 8
48.15 13
48.16 17
48.17 21
48.18 24
48.19 29
48.2 32
48.21 36
48.22 19
48.23 19
48.24 19
48.25 19
48.26 20
48.27 18
48.28 2
48.29 0
48.3 0
48.31 0
48.32 0
48.33 0
48.34 0
48.35 0
48.36 0
48.37 0
48.38 2
48.39 6
48.4 10
48.41 13
48.42 18
48.43 21
48.44 27
48.45 31
48.46 34
48.47 28
48.48 19
48.49 19
48.5 20
48.51 20
48.52 13
48.53 9
48.54 2
48.55 2
48.56 0
48.57 0
48.58 0
48.59 0
48.6 0
48.61 0
48.62 1
48.63 6
48.64 10
48.65 14
48.66 19
48.67 23
48.68 26
48.69 30
48.7 35
48.71 39
48.72 21
48.73 21
48.74 21
48.75 22
48.76 11
48.77 14
48.78 10
48.79 4
48.8 0
48.81 0
48.82 0
48.83 0
48.84 0
48.85 0
48.86 0
48.87 0
48.88 0
48.89 0
48.9 3
48.91 7
48.92 12
48.93 16
48.94 19
48.95 23
48.96 27
48.97 32
48.98 34
48.99 37
49 21
49.01 21
49.02 21
49.03 21
49.04 22
49.05 8
49.06 3
49.07 0
49.08 0
49.09 0
49.1 0
49.11 0
49.12 0
49.13 0
49.14 0
49.15 0
49.16 0
49.17 0
49.18 3
49.19 7
49.2 10
49.21 14
49.22 18
49.23 22
49.24 26
49.25 29
49.26 33
49.27 37
49.28 21
49.29 20
49.3 22
49.31 20
49.32 20
49.33 13
49.34 14
49.35 2
49.36 0
49.37 0
49.38 0
49.39 0
49.4 0
49.41 0
49.42 0
49.43 0
49.44 5
49.45 8
49.46 13
49.47 15
49.48 19
49.49 21
49.5 24
49.51 26
49.52 31
49.53 33
49.54 19
49.55 21
49.56 19
49.57 20
49.58 13
49.59 12
49.6 2
49.61 3
49.62 0
49.63 0
49.64 0
49.65 0
49.66 0
49.67 0
49.68 0
49.69 1
49.7 5
49.71 10
49.72 16
49.73 19
49.74 22
49.75 27
49.76 30
49.77 35
49.78 36
49.79 21
49.8 21
49.81 21
49.82 21
49.83 16
49.84 11
49.85 0
49.86 0
49.87 0
49.88 0
49.89 0
49.9 0
49.91 0
49.92 0
49.93 0
49.94 0
49.95 0
49.96 2
49.97 5
49.98 9
49.99 10
50 16
50.01 19
50.02 24
50.03 27
50.04 32
50.05 34
50.06 34
50.07 22
50.08 21
50.09 22
50.1 21
50.11 11
50.12 7
50.13 8
50.14 0
50.15 0
50.16 0
50.17 0
50.18 0
50.19 0
50.2 0
50.21 0
50.22 0
50.23 0
50.24 0
50.25 1
50.26 8
50.27 10
50.28 15
50.29 19
50.3 22
50.31 26
50.32 29
50.33 33
50.34 36
50.35 22
50.36 21
50.37 21
50.38 20
50.39 17
50.4 11
50.41 13
50.42 3
50.43 0
50.44 0
50.45 0
50.46 0
50.47 0
50.48 0
50.49 0
50.5 1
50.51 6
50.52 10
50.53 13
50.54 18
50.55 23
50.56 26
50.57 28
50.58 33
50.59 36
50.6 25
50.61 21
50.62 22
50.63 21
50.64 20
50.65 19
50.66 5
50.67 0
50.68 0
50.69 0
50.7 0
50.71 0
50.72 0
50.73 0
50.74 0
50.75 0
50.76 0
50.77 0
50.78 3
50.79 7
50.8 11
50.81 14
50.82 19
50.83 23
50.84 26
50.85 32
50.86 35
50.87 35
50.88 20
50.89 20
50.9 20
50.91 20
50.92 16
50.93 9
50.94 0
50.95 0
50.96 0
50.97 0
50.98 0
50.99 0
51 0
51.01 0
51.02 0
51.03 4
51.04 10
51.05 13
51.06 17
51.07 22
51.08 27
51.09 30
51.1 34
51.11 37
51.12 20
51.13 20
51.14 20
51.15 21
51.16 15
51.17 10
51.18 12
51.19 0
51.2 0
51.21 0
51.22 0
51.23 0
51.24 0
51.25 0
51.26 0
51.27 0
51.28 0
51.29 0
51.3 4
51.31 10
51.32 12
51.33 17
51.34 22
51.35 28
51.36 30
51.37 34
51.38 38
51.39 22
51.4 22
51.41 22
51.42 22
51.43 17
51.44 13
51.45 6
51.46 2
51.47 0
51.48 0
51.49 0
51.5 0
51.51 0
51.52 0
51.53 0
51.54 0
51.55 1
51.56 5
51.57 7
51.58 12
51.59 16
51.6 19
51.61 23
51.62 27
51.63 32
51.64 34
51.65 38
51.66 22
51.67 22
51.68 21
51.69 21
51.7 13
51.71 7
51.72 0
51.73 0
51.74 0
51.75 0
51.76 0
51.77 0
51.78 0
51.79 0
51.8 0
51.81 0
51.82 3
51.83 8
51.84 11
51.85 14
51.86 18
51.87 23
51.88 25
51.89 30
51.9 34
51.91 37
51.92 20
51.93 21
51.94 21
51.95 22
51.96 19
51.97 21
51.98 10
51.99 3
52 0
52.01 0
52.02 0
52.03 0
52.04 0
52.05 0
52.06 0
52.07 0
52.08 0
52.09 3
52.1 7
52.11 12
52.12 18
52.13 22
52.14 26
52.15 32
52.16 36
52.17 39
52.18 21
52.19 24
52.2 21
52.21 22
52.22 23
52.23 11
52.24 0
52.25 2
52.26 0
52.27 0
52.28 0
52.29 0
52.3 0
52.31 0
52.32 0
52.33 1
52.34 7
52.35 11
52.36 16
52.37 20
52.38 23
52.39 29
52.4 31
52.41 34
52.42 36
52.43 21
52.44 21
52.45 23
52.46 21
52.47 15
52.48 7
52.49 6
52.5 0
52.51 0
52.52 0
52.53 0
52.54 0
52.55 0
52.56 0
52.57 0
52.58 0
52.59 0
52.6 3
52.61 7
52.62 12
52.63 16
52.64 20
52.65 24
52.66 30
52.67 33
52.68 37
52.69 21
52.7 20
52.71 21
52.72 20
52.73 16
52.74 8
52.75 2
52.76 0
52.77 0
52.78 0
52.79 0
52.8 0
52.81 0
52.82 0
52.83 0
52.84 0
52.85 0
52.86 0
52.87 0
52.88 0
52.89 0
52.9 2
52.91 8
52.92 10
52.93 15
52.94 17
52.95 20
52.96 24
52.97 27
52.98 32
52.99 34
53 21
53.01 20
53.02 21
53.03 21
53.04 20
53.05 14
53.06 5
53.07 3
53.08 0
53.09 0
53.1 0
53.11 0
53.12 0
53.13 0
53.14 0
53.15 0
53.16 0
53.17 0
53.18 0
53.19 0
53.2 3
53.21 9
53.22 14
53.23 17
53.24 20
53.25 27
53.26 32
53.27 35
53.28 38
53.29 21
53.3 22
53.31 22
53.32 21
53.33 18
53.34 15
53.35 0
53.36 0
53.37 0
53.38 0
53.39 0
53.4 0
53.41 0
53.42 0
53.43 0
53.44 0
53.45 0
53.46 0
53.47 1
53.48 6
53.49 11
53.5 15
53.51 20
53.52 23
53.53 27
53.54 30
53.55 35
53.56 35
53.57 22
53.58 20
53.59 21
53.6 20
53.61 20
53.62 15
53.63 7
53.64 0
53.65 0
53.66 0
53.67 0
53.68 0
53.69 0
53.7 0
53.71 0
53.72 0
53.73 2
53.74 6
53.75 13
53.76 18
53.77 20
53.78 24
53.79 27
53.8 32
53.81 35
53.82 20
53.83 19
53.84 19
53.85 19
53.86 20
53.87 12
53.88 0
53.89 0
53.9 0
53.91 0
53.92 0
53.93 0
53.94 0
53.95 0
53.96 0
53.97 0
53.98 0
53.99 0
54 5
54.01 8
54.02 12
54.03 16
54.04 21
54.05 24
54.06 29
54.07 33
54.08 38
54.09 34
54.1 22
54.11 23
54.12 22
54.13 22
54.14 12
54.15 5
54.16 1
54.17 0
54.18 0
54.19 0
54.2 0
54.21 0
54.22 0
54.23 0
54.24 0
54.25 4
54.26 9
54.27 13
54.28 16
54.29 21
54.3 25
54.31 29
54.32 32
54.33 37
54.34 21
54.35 21
54.36 21
54.37 20
54.38 17
54.39 15
54.4 8
54.41 0
54.42 0
54.43 0
54.44 0
54.45 0
54.46 0
54.47 0
54.48 0
54.49 0
54.5 0
54.51 0
54.52 0
54.53 3
54.54 9
54.55 13
54.56 18
54.57 22
54.58 24
54.59 28
54.6 32
54.61 35
54.62 19
54.63 21
54.64 20
54.65 20
54.66 19
54.67 10
54.68 3
54.69 0
54.7 0
54.71 0
54.72 0
54.73 0
54.74 0
54.75 0
54.76 0
54.77 0
54.78 0
54.79 0
54.8 3
54.81 7
54.82 12
54.83 16
54.84 20
54.85 25
54.86 28
54.87 32
54.88 37
54.89 23
54.9 20
54.91 20
54.92 21
54.93 20
54.94 11
54.95 0
54.96 0
54.97 0
54.98 0
54.99 0
55 0
55.01 0
55.02 0
55.03 0
55.04 0
55.05 0
55.06 0
55.07 3
55.08 7
55.09 11
55.1 17
55.11 20
55.12 24
55.13 27
55.14 30
55.15 33
55.16 37
55.17 20
55.18 20
55.19 21
55.2 20
55.21 15
55.22 13
55.23 4
55.24 0
55.25 0
55.26 0
55.27 0
55.28 0
55.29 0
55.3 0
55.31 0
55.32 0
55.33 0
55.34 0
55.35 0
55.36 5
55.37 10
55.38 14
55.39 21
55.4 23
55.41 28
55.42 33
55.43 37
55.44 19
55.45 19
55.46 20
55.47 20
55.48 16
55.49 13
55.5 9
55.51 0
55.52 0
55.53 0
55.54 0
55.55 0
55.56 0
55.57 0
55.58 0
55.59 0
55.6 0
55.61 0
55.62 4
55.63 7
55.64 10
55.65 13
55.66 19
55.67 22
55.68 26
55.69 33
55.7 36
55.71 19
55.72 19
55.73 19
55.74 19
55.75 19
55.76 17
55.77 19
55.78 16
55.79 2
55.8 1
55.81 0
55.82 0
55.83 0
55.84 0
55.85 1
55.86 4
55.87 7
55.88 11
55.89 17
55.9 21
55.91 25
55.92 29
55.93 33
55.94 35
55.95 38
55.96 22
55.97 23
55.98 25
55.99 23
56 19
56.01 7
56.02 10
56.03 7
56.04 2
56.05 0
56.06 0
56.07 0
56.08 0
56.09 0
56.1 0
56.11 0
56.12 1
56.13 6
56.14 9
56.15 12
56.16 17
56.17 20
56.18 22
56.19 25
56.2 30
56.21 35
56.22 19
56.23 20
56.24 20
56.25 19
56.26 17
56.27 13
56.28 0
56.29 0
56.3 0
56.31 0
56.32 0
56.33 0
56.34 0
56.35 0
56.36 0
56.37 3
56.38 9
56.39 12
56.4 16
56.41 20
56.42 23
56.43 26
56.44 30
56.45 35
56.46 38
56.47 21
56.48 22
56.49 21
56.5 21
56.51 17
56.52 14
56.53 9
56.54 0
56.55 0
56.56 0
56.57 0
56.58 0
56.59 0
56.6 0
56.61 0
56.62 0
56.63 3
56.64 4
56.65 11
56.66 15
56.67 17
56.68 20
56.69 25
56.7 29
56.71 32
56.72 36
56.73 39
56.74 22
56.75 23
56.76 22
56.77 23
56.78 9
56.79 3
56.8 0
56.81 0
56.82 0
56.83 0
56.84 0
56.85 0
56.86 0
56.87 0
56.88 0
56.89 0
56.9 0
56.91 3
56.92 5
56.93 9
56.94 12
56.95 16
56.96 21
56.97 26
56.98 31
56.99 34
57 39
57.01 21
57.02 21
57.03 22
57.04 21
57.05 22
57.06 3
57.07 0
57.08 0
57.09 0
57.1 0
57.11 0
57.12 0
57.13 0
57.14 0
57.15 0
57.16 0
57.17 0
57.18 4
57.19 7
57.2 11
57.21 15
57.22 18
57.23 21
57.24 25
57.25 30
57.26 33
57.27 38
57.28 17
57.29 21
57.3 20
57.31 20
57.32 21
57.33 12
57.34 0
57.35 0
57.36 0
57.37 0
57.38 0
57.39 0
57.4 0
57.41 0
57.42 1
57.43 6
57.44 9
57.45 15
57.46 20
57.47 23
57.48 26
57.49 30
57.5 35
57.51 38
57.52 21
57.53 21
57.54 22
57.55 22
57.56 16
57.57 11
57.58 10
57.59 4
57.6 1
57.61 0
57.62 0
57.63 0
57.64 0
57.65 0
57.66 0
57.67 0
57.68 2
57.69 6
57.7 10
57.71 15
57.72 20
57.73 23
57.74 28
57.75 29
57.76 34
57.77 37
57.78 23
57.79 22
57.8 23
57.81 22
57.82 21
57.83 8
57.84 1
57.85 0
57.86 0
57.87 0
57.88 0
57.89 0
57.9 0
57.91 0
57.92 0
57.93 0
57.94 0
57.95 0
57.96 3
57.97 7
57.98 11
57.99 15
58 19
58.01 23
58.02 27
58.03 30
58.04 33
58.05 37
58.06 21
58.07 20
58.08 20
58.09 21
58.1 12
58.11 7
58.12 1
58.13 0
58.14 0
58.15 0
58.16 0
58.17 0
58.18 0
58.19 0
58.2 0
58.21 3
58.22 0
58.23 0
58.24 0
58.25 0
58.26 0
58.27 0
58.28 0
58.29 0
58.3 0
58.31 0
58.32 3
58.33 0
58.34 3
58.35 4
58.36 0
58.37 0
58.38 0
58.39 0
58.4 0
58.41 0
58.42 0
58.43 0
58.44 0
58.45 0
58.46 0
58.47 0
58.48 0
58.49 0
58.5 0
58.51 0
58.52 0
58.53 0
58.54 0
58.55 0
58.56 0
58.57 0
58.58 0
58.59 0
58.6 0
58.61 0
58.62 0
58.63 0
58.64 0
58.65 0
58.66 0
58.67 0
58.68 0
58.69 0
58.7 0
58.71 0
58.72 0
58.73 0
58.74 0
58.75 0
58.76 0
58.77 0
58.78 0
58.79 0
58.8 0
58.81 0
58.82 0
58.83 0
58.84 0
58.85 0
58.86 0
58.87 0
58.88 0
58.89 0
58.9 0
58.91 0
58.92 0
58.93 0
58.94 0
58.95 0
58.96 0
58.97 0
58.98 0
58.99 0
59 0
59.01 0
59.02 0
59.03 0
59.04 0
59.05 0
59.06 0
59.07 0
59.08 0
59.09 0
59.1 0
59.11 0
59.12 0
59.13 0
59.14 0
59.15 0
59.16 0
59.17 0
59.18 0
59.19 0
59.2 0
59.21 0
59.22 0
59.23 0
59.24 0
59.25 0
59.26 0
59.27 0
59.28 0
59.29 0
59.3 0
59.31 0
59.32 0
59.33 0
59.34 0
59.35 0
59.36 0
59.37 0
59.38 0
59.39 0
59.4 0
59.41 0
59.42 0
59.43 0
59.44 0
59.45 0
59.46 0
59.47 0
59.48 0
59.49 0
59.5 0
59.51 0
59.52 0
59.53 0
59.54 0
59.55 0
59.56 0
59.57 0
59.58 0
59.59 0
59.6 0
59.61 0
59.62 0
59.63 0
59.64 0
59.65 0
59.66 0
59.67 0
59.68 0
59.69 0
59.7 0
59.71 0
59.72 0
59.73 0
59.74 0
59.75 0
59.76 0
59.77 0
59.78 0
59.79 0
59.8 0
59.81 0
59.82 0
59.83 0
59.84 0
59.85 0
59.86 0
59.87 0
59.88 0
59.89 0
59.9 0
59.91 0
59.92 0
59.93 0
59.94 0
59.95 0
59.96 0
59.97 0
59.98 0
59.99 0
60 0
60.01 0
60.02 0
60.03 0
60.04 0
60.05 0
60.06 0
60.07 0
60.08 0
60.09 0
60.1 0
60.11 0
60.12 0
60.13 0
60.14 0
60.15 0
60.16 0
60.17 0
60.18 0
60.19 0
60.2 0
60.21 0
60.22 0
60.23 0
60.24 0
60.25 0
60.26 0
60.27 0
60.28 0
60.29 0
60.3 0
60.31 0
60.32 0
60.33 0
60.34 0
60.35 0
60.36 0
60.37 0
60.38 0
60.39 0
60.4 0
60.41 0
60.42 0
60.43 0
60.44 0
60.45 0
60.46 0
60.47 0
60.48 0
60.49 0
60.5 0
60.51 0
60.52 0
60.53 0
60.54 0
60.55 0
60.56 0
60.57 0
60.58 0
60.59 0
60.6 0
60.61 0
60.62 0
60.63 0
60.64 0
60.65 0
60.66 0
60.67 0
60.68 0
60.69 0
60.7 0
60.71 0
60.72 0
60.73 0
60.74 0
60.75 0
60.76 0
60.77 0
60.78 0
60.79 0
60.8 0
60.81 0
60.82 0
60.83 0
60.84 0
60.85 0
60.86 0
60.87 0
60.88 0
60.89 0
60.9 0
60.91 0
60.92 0
60.93 0
60.94 0
60.95 0
60.96 0
60.97 0
60.98 0
60.99 0
61 0
61.01 0
61.02 0
61.03 0
61.04 0
61.05 0
61.06 0
61.07 0
61.08 0
61.09 0
61.1 0
61.11 0
61.12 0
61.13 0
61.14 0
61.15 0
61.16 0
61.17 0
61.18 0
61.19 0
61.2 0
61.21 0
61.22 0
61.23 0
61.24 0
61.25 0
61.26 0
61.27 0
61.28 0
61.29 0
61.3 0
61.31 0
61.32 0
61.33 0
61.34 0
61.35 0
61.36 0
61.37 0
61.38 0
61.39 0
61.4 0
61.41 0
61.42 0
61.43 0
61.44 0
61.45 0
61.46 0
61.47 0
61.48 0
61.49 0
61.5 0
61.51 0
61.52 0
61.53 0
61.54 0
61.55 0
61.56 0
61.57 0
61.58 0
61.59 0
61.6 0
61.61 0
61.62 0
61.63 0
61.64 0
61.65 0
61.66 0
61.67 0
61.68 0
61.69 0
61.7 0
61.71 0
61.72 0
61.73 0
61.74 0
61.75 0
61.76 0
61.77 0
61.78 0
61.79 0
61.8 0
61.81 0
61.82 0
61.83 0
61.84 0
61.85 0
61.86 0
61.87 0
61.88 0
61.89 0
61.9 0
61.91 0
61.92 0
61.93 0
61.94 0
61.95 0
61.96 0
61.97 0
61.98 0
61.99 0
62 0
62.01 0
62.02 0
62.03 0
62.04 0
62.05 0
62.06 0
62.07 0
62.08 0
62.09 0
62.1 0
62.11 0
62.12 0
62.13 0
62.14 0
62.15 0
62.16 0
62.17 0
62.18 0
62.19 0
62.2 0
62.21 0
62.22 0
62.23 0
62.24 0
62.25 0
62.26 0
62.27 0
62.28 0
62.29 0
62.3 0
62.31 0
62.32 0
62.33 0
62.34 0
62.35 0
62.36 0
62.37 0
62.38 0
62.39 0
62.4 0
62.41 0
62.42 0
62.43 0
62.44 0
62.45 0
62.46 0
62.47 0
62.48 0
62.49 0
62.5 0
62.51 0
62.52 0
62.53 0
62.54 0
62.55 0
62.56 0
62.57 0
62.58 0
62.59 0
62.6 0
62.61 0
62.62 0
62.63 0
62.64 0
62.65 0
62.66 0
62.67 0
62.68 0
62.69 0
62.7 0
62.71 0
62.72 0
62.73 0
62.74 0
62.75 0
62.76 0
62.77 0
62.78 0
62.79 0
62.8 0
62.81 0
62.82 0
62.83 0
62.84 0
62.85 0
62.86 0
62.87 0
62.88 0
62.89 0
62.9 0
62.91 0
62.92 0
62.93 0
62.94 0
62.95 0
62.96 0
62.97 0
62.98 0
62.99 0
