0 0
0.01 0
0.02 0
0.03 0
0.04 0
0.05 0
0.06 0
0.07 0
0.08 0
0.09 0
0.1 0
0.11 0
0.12 0
0.13 0
0.14 0
0.15 0
0.16 0
0.17 0
0.18 0
0.19 0
0.2 0
0.21 55
0.22 0
0.23 0
0.24 0
0.25 0
0.26 14
0.27 34
0.28 25
0.29 24
0.3 0
0.31 0
0.32 0
0.33 11
0.34 31
0.35 47
0.36 29
0.37 1
0.38 0
0.39 0
0.4 7
0.41 26
0.42 42
0.43 27
0.44 27
0.45 0
0.46 0
0.47 0
0.48 11
0.49 29
0.5 41
0.51 28
0.52 10
0.53 0
0.54 0
0.55 0
0.56 11
0.57 29
0.58 46
0.59 29
0.6 26
0.61 0
0.62 0
0.63 0
0.64 11
0.65 27
0.66 37
0.67 26
0.68 1
0.69 0
0.7 0
0.71 0
0.72 6
0.73 24
0.74 39
0.75 28
0.76 22
0.77 0
0.78 0
0.79 0
0.8 1
0.81 19
0.82 33
0.83 43
0.84 28
0.85 0
0.86 0
0.87 0
0.88 0
0.89 12
0.9 27
0.91 36
0.92 28
0.93 14
0.94 0
0.95 0
0.96 2
0.97 16
0.98 30
0.99 43
1 28
1.01 15
1.02 0
1.03 0
1.04 2
1.05 14
1.06 27
1.07 39
1.08 27
1.09 13
1.1 0
1.11 0
1.12 0
1.13 0
1.14 9
1.15 19
1.16 30
1.17 41
1.18 28
1.19 18
1.2 0
1.21 0
1.22 0
1.23 0
1.24 9
1.25 22
1.26 34
1.27 33
1.28 25
1.29 0
1.3 0
1.31 0
1.32 0
1.33 11
1.34 23
1.35 33
1.36 28
1.37 27
1.38 0
1.39 0
1.4 0
1.41 0
1.42 9
1.43 20
1.44 31
1.45 42
1.46 28
1.47 0
1.48 0
1.49 0
1.5 0
1.51 2
1.52 15
1.53 28
1.54 39
1.55 28
1.56 23
1.57 0
1.58 0
1.59 0
1.6 14
1.61 29
1.62 41
1.63 29
1.64 22
1.65 0
1.66 0
1.67 0
1.68 0
1.69 8
1.7 19
1.71 29
1.72 39
1.73 28
1.74 0
1.75 0
1.76 0
1.77 0
1.78 3
1.79 17
1.8 30
1.81 43
1.82 28
1.83 0
1.84 0
1.85 0
1.86 0
1.87 7
1.88 21
1.89 36
1.9 29
1.91 17
1.92 0
1.93 0
1.94 0
1.95 6
1.96 17
1.97 33
1.98 33
1.99 28
2 0
2.01 0
2.02 0
2.03 0
2.04 8
2.05 19
2.06 31
2.07 44
2.08 28
2.09 0
2.1 0
2.11 0
2.12 4
2.13 22
2.14 34
2.15 27
2.16 22
2.17 0
2.18 0
2.19 0
2.2 0
2.21 16
2.22 33
2.23 48
2.24 28
2.25 6
2.26 0
2.27 0
2.28 5
2.29 21
2.3 36
2.31 28
2.32 17
2.33 0
2.34 0
2.35 0
2.36 13
2.37 29
2.38 44
2.39 27
2.4 8
2.41 0
2.42 0
2.43 0
2.44 5
2.45 18
2.46 33
2.47 44
2.48 29
2.49 0
2.5 0
2.51 0
2.52 5
2.53 18
2.54 29
2.55 43
2.56 26
2.57 1
2.58 0
2.59 0
2.6 0
2.61 2
2.62 14
2.63 28
2.64 41
2.65 28
2.66 23
2.67 0
2.68 0
2.69 0
2.7 0
2.71 14
2.72 28
2.73 40
2.74 27
2.75 15
2.76 0
2.77 0
2.78 0
2.79 0
2.8 14
2.81 26
2.82 39
2.83 28
2.84 9
2.85 0
2.86 0
2.87 0
2.88 3
2.89 18
2.9 33
2.91 44
2.92 28
2.93 0
2.94 0
2.95 0
2.96 0
2.97 7
2.98 24
2.99 39
3 29
3.01 24
3.02 0
3.03 0
3.04 0
3.05 0
3.06 13
3.07 25
3.08 37
3.09 28
3.1 17
3.11 0
3.12 0
3.13 0
3.14 0
3.15 13
3.16 26
3.17 37
3.18 28
3.19 12
3.2 0
3.21 0
3.22 0
3.23 0
3.24 11
3.25 28
3.26 41
3.27 28
3.28 28
3.29 0
3.3 0
3.31 0
3.32 0
3.33 9
3.34 22
3.35 35
3.36 28
3.37 23
3.38 0
3.39 0
3.4 2
3.41 17
3.42 29
3.43 42
3.44 29
3.45 4
3.46 0
3.47 0
3.48 0
3.49 6
3.5 21
3.51 33
3.52 27
3.53 26
3.54 0
3.55 0
3.56 0
3.57 16
3.58 31
3.59 46
3.6 29
3.61 10
3.62 0
3.63 0
3.64 1
3.65 15
3.66 29
3.67 41
3.68 28
3.69 0
3.7 0
3.71 0
3.72 0
3.73 2
3.74 16
3.75 31
3.76 41
3.77 28
3.78 1
3.79 0
3.8 0
3.81 0
3.82 11
3.83 24
3.84 36
3.85 28
3.86 20
3.87 0
3.88 0
3.89 0
3.9 0
3.91 2
3.92 14
3.93 26
3.94 38
3.95 28
3.96 6
3.97 0
3.98 0
3.99 0
4 11
4.01 24
4.02 38
4.03 28
4.04 17
4.05 0
4.06 0
4.07 0
4.08 8
4.09 23
4.1 36
4.11 27
4.12 22
4.13 0
4.14 0
4.15 0
4.16 0
4.17 6
4.18 19
4.19 30
4.2 40
4.21 27
4.22 0
4.23 0
4.24 0
4.25 0
4.26 1
4.27 17
4.28 32
4.29 45
4.3 28
4.31 11
4.32 0
4.33 0
4.34 0
4.35 10
4.36 24
4.37 35
4.38 29
4.39 17
4.4 0
4.41 0
4.42 0
4.43 0
4.44 12
4.45 27
4.46 41
4.47 28
4.48 9
4.49 0
4.5 0
4.51 0
4.52 3
4.53 18
4.54 32
4.55 45
4.56 29
4.57 6
4.58 0
4.59 0
4.6 0
4.61 12
4.62 28
4.63 43
4.64 27
4.65 11
4.66 0
4.67 0
4.68 1
4.69 17
4.7 35
4.71 28
4.72 23
4.73 0
4.74 0
4.75 0
4.76 1
4.77 17
4.78 34
4.79 28
4.8 26
4.81 0
4.82 0
4.83 0
4.84 0
4.85 15
4.86 31
4.87 45
4.88 29
4.89 2
4.9 0
4.91 0
4.92 0
4.93 9
4.94 27
4.95 42
4.96 29
4.97 21
4.98 0
4.99 0
5 0
5.01 8
5.02 22
5.03 37
5.04 27
5.05 16
5.06 0
5.07 0
5.08 0
5.09 8
5.1 26
5.11 41
5.12 27
5.13 21
5.14 0
5.15 0
5.16 0
5.17 8
5.18 24
5.19 37
5.2 28
5.21 25
5.22 0
5.23 0
5.24 0
5.25 6
5.26 23
5.27 37
5.28 28
5.29 24
5.3 0
5.31 0
5.32 0
5.33 15
5.34 29
5.35 43
5.36 27
5.37 3
5.38 0
5.39 0
5.4 0
5.41 12
5.42 26
5.43 37
5.44 27
5.45 7
5.46 0
5.47 0
5.48 0
5.49 10
5.5 23
5.51 36
5.52 27
5.53 8
5.54 0
5.55 0
5.56 0
5.57 2
5.58 16
5.59 30
5.6 43
5.61 29
5.62 3
5.63 0
5.64 0
5.65 0
5.66 9
5.67 22
5.68 33
5.69 27
5.7 21
5.71 0
5.72 0
5.73 0
5.74 0
5.75 11
5.76 22
5.77 33
5.78 28
5.79 23
5.8 0
5.81 0
5.82 0
5.83 7
5.84 23
5.85 39
5.86 28
5.87 20
5.88 0
5.89 0
5.9 0
5.91 0
5.92 13
5.93 28
5.94 42
5.95 28
5.96 9
5.97 0
5.98 0
5.99 0
6 2
6.01 17
6.02 28
6.03 40
6.04 28
6.05 12
6.06 0
6.07 0
6.08 0
6.09 14
6.1 29
6.11 41
6.12 27
6.13 17
6.14 0
6.15 0
6.16 0
6.17 0
6.18 13
6.19 26
6.2 37
6.21 27
6.22 13
6.23 0
6.24 0
6.25 0
6.26 0
6.27 10
6.28 22
6.29 35
6.3 28
6.31 24
6.32 0
6.33 0
6.34 0
6.35 0
6.36 11
6.37 26
6.38 38
6.39 29
6.4 17
6.41 0
6.42 0
6.43 0
6.44 2
6.45 18
6.46 29
6.47 40
6.48 28
6.49 14
6.5 0
6.51 0
6.52 0
6.53 0
6.54 12
6.55 24
6.56 35
6.57 28
6.58 26
6.59 0
6.6 0
6.61 0
6.62 0
6.63 10
6.64 23
6.65 34
6.66 28
6.67 23
6.68 0
6.69 0
6.7 0
6.71 0
6.72 13
6.73 25
6.74 36
6.75 28
6.76 18
6.77 0
6.78 0
6.79 0
6.8 0
6.81 8
6.82 23
6.83 35
6.84 27
6.85 24
6.86 1
6.87 0
6.88 0
6.89 0
6.9 16
6.91 30
6.92 42
6.93 28
6.94 14
6.95 0
6.96 0
6.97 0
6.98 9
6.99 24
7 39
7.01 28
7.02 14
7.03 0
7.04 0
7.05 0
7.06 4
7.07 19
7.08 31
7.09 45
7.1 28
7.11 0
7.12 0
7.13 0
7.14 6
7.15 21
7.16 32
7.17 27
7.18 23
7.19 0
7.2 0
7.21 0
7.22 0
7.23 16
7.24 28
7.25 38
7.26 28
7.27 8
7.28 0
7.29 0
7.3 0
7.31 1
7.32 17
7.33 27
7.34 42
7.35 29
7.36 8
7.37 0
7.38 0
7.39 0
7.4 12
7.41 25
7.42 38
7.43 27
7.44 13
7.45 0
7.46 0
7.47 0
7.48 17
7.49 29
7.5 43
7.51 28
7.52 0
7.53 0
7.54 0
7.55 0
7.56 9
7.57 26
7.58 41
7.59 29
7.6 21
7.61 0
7.62 0
7.63 0
7.64 2
7.65 19
7.66 33
7.67 39
7.68 28
7.69 5
7.7 0
7.71 0
7.72 0
7.73 7
7.74 21
7.75 34
7.76 28
7.77 22
7.78 0
7.79 0
7.8 0
7.81 0
7.82 12
7.83 22
7.84 33
7.85 28
7.86 27
7.87 0
7.88 0
7.89 0
7.9 0
7.91 2
7.92 11
7.93 23
7.94 36
7.95 28
7.96 21
7.97 0
7.98 0
7.99 0
8 0
8.01 2
8.02 15
8.03 28
8.04 42
8.05 29
8.06 5
8.07 0
8.08 0
8.09 0
8.1 3
8.11 16
8.12 30
8.13 42
8.14 29
8.15 0
8.16 0
8.17 0
8.18 0
8.19 14
8.2 26
8.21 39
8.22 27
8.23 7
8.24 0
8.25 0
8.26 0
8.27 2
8.28 18
8.29 30
8.3 40
8.31 27
8.32 9
8.33 0
8.34 0
8.35 0
8.36 1
8.37 15
8.38 28
8.39 37
8.4 27
8.41 13
8.42 0
8.43 0
8.44 0
8.45 6
8.46 21
8.47 32
8.48 44
8.49 27
8.5 3
8.51 0
8.52 0
8.53 0
8.54 11
8.55 24
8.56 36
8.57 28
8.58 26
8.59 0
8.6 0
8.61 0
8.62 0
8.63 11
8.64 25
8.65 39
8.66 29
8.67 23
8.68 0
8.69 0
8.7 0
8.71 11
8.72 30
8.73 43
8.74 28
8.75 19
8.76 0
8.77 0
8.78 0
8.79 12
8.8 29
8.81 45
8.82 28
8.83 13
8.84 0
8.85 0
8.86 6
8.87 22
8.88 37
8.89 27
8.9 23
8.91 0
8.92 0
8.93 0
8.94 1
8.95 16
8.96 33
8.97 46
8.98 27
8.99 3
9 0
9.01 0
9.02 0
9.03 11
9.04 28
9.05 39
9.06 28
9.07 8
9.08 0
9.09 0
9.1 0
9.11 9
9.12 25
9.13 39
9.14 28
9.15 16
9.16 0
9.17 0
9.18 0
9.19 5
9.2 20
9.21 33
9.22 28
9.23 28
9.24 0
9.25 0
9.26 0
9.27 0
9.28 9
9.29 22
9.3 32
9.31 36
9.32 28
9.33 0
9.34 0
9.35 0
9.36 6
9.37 20
9.38 31
9.39 41
9.4 27
9.41 3
9.42 0
9.43 0
9.44 0
9.45 9
9.46 22
9.47 32
9.48 27
9.49 21
9.5 0
9.51 0
9.52 0
9.53 1
9.54 14
9.55 24
9.56 32
9.57 27
9.58 25
9.59 0
9.6 0
9.61 0
9.62 0
9.63 3
9.64 16
9.65 28
9.66 38
9.67 27
9.68 22
9.69 0
9.7 0
9.71 0
9.72 0
9.73 8
9.74 21
9.75 33
9.76 41
9.77 27
9.78 0
9.79 0
9.8 0
9.81 0
9.82 2
9.83 16
9.84 28
9.85 36
9.86 27
9.87 16
9.88 0
9.89 0
9.9 0
9.91 0
9.92 6
9.93 18
9.94 29
9.95 39
9.96 27
9.97 21
9.98 0
9.99 0
10 0
10.01 0
10.02 8
10.03 20
10.04 32
10.05 40
10.06 27
10.07 1
10.08 0
10.09 0
10.1 0
10.11 0
10.12 10
10.13 23
10.14 36
10.15 28
10.16 28
10.17 0
10.18 0
10.19 0
10.2 0
10.21 1
10.22 12
10.23 25
10.24 33
10.25 27
10.26 20
10.27 0
10.28 0
10.29 0
10.3 0
10.31 6
10.32 16
10.33 29
10.34 39
10.35 27
10.36 7
10.37 0
10.38 0
10.39 0
10.4 0
10.41 11
10.42 27
10.43 37
10.44 27
10.45 15
10.46 0
10.47 0
10.48 0
10.49 0
10.5 13
10.51 25
10.52 37
10.53 28
10.54 10
10.55 0
10.56 0
10.57 0
10.58 0
10.59 11
10.6 24
10.61 32
10.62 37
10.63 27
10.64 0
10.65 0
10.66 0
10.67 0
10.68 9
10.69 23
10.7 35
10.71 28
10.72 28
10.73 0
10.74 0
10.75 0
10.76 0
10.77 12
10.78 28
10.79 44
10.8 28
10.81 15
10.82 0
10.83 0
10.84 0
10.85 16
10.86 30
10.87 42
10.88 28
10.89 9
10.9 0
10.91 0
10.92 0
10.93 0
10.94 13
10.95 24
10.96 37
10.97 28
10.98 18
10.99 0
11 0
11.01 0
11.02 0
11.03 7
11.04 20
11.05 32
11.06 43
11.07 28
11.08 0
11.09 0
11.1 0
11.11 0
11.12 1
11.13 14
11.14 26
11.15 38
11.16 29
11.17 27
11.18 0
11.19 0
11.2 0
11.21 0
11.22 10
11.23 22
11.24 30
11.25 41
11.26 27
11.27 0
11.28 0
11.29 0
11.3 0
11.31 7
11.32 17
11.33 27
11.34 37
11.35 28
11.36 0
11.37 0
11.38 0
11.39 0
11.4 0
11.41 4
11.42 18
11.43 29
11.44 39
11.45 28
11.46 10
11.47 0
11.48 0
11.49 0
11.5 10
11.51 20
11.52 31
11.53 28
11.54 28
11.55 0
11.56 0
11.57 0
11.58 0
11.59 6
11.6 17
11.61 26
11.62 36
11.63 27
11.64 14
11.65 0
11.66 0
11.67 0
11.68 0
11.69 6
11.7 18
11.71 30
11.72 41
11.73 28
11.74 4
11.75 0
11.76 0
11.77 0
11.78 0
11.79 10
11.8 22
11.81 36
11.82 27
11.83 28
11.84 0
11.85 0
11.86 0
11.87 6
11.88 19
11.89 30
11.9 40
11.91 26
11.92 1
11.93 0
11.94 0
11.95 0
11.96 6
11.97 20
11.98 31
11.99 43
12 27
12.01 0
12.02 0
12.03 0
12.04 0
12.05 4
12.06 20
12.07 33
12.08 43
12.09 28
12.1 0
12.11 0
12.12 0
12.13 0
12.14 4
12.15 18
12.16 33
12.17 46
12.18 29
12.19 0
12.2 0
12.21 0
12.22 0
12.23 12
12.24 24
12.25 36
12.26 28
12.27 17
12.28 0
12.29 0
12.3 0
12.31 0
12.32 7
12.33 20
12.34 32
12.35 44
12.36 29
12.37 10
12.38 0
12.39 0
12.4 0
12.41 0
12.42 10
12.43 21
12.44 32
12.45 41
12.46 28
12.47 0
12.48 0
12.49 0
12.5 0
12.51 0
12.52 11
12.53 20
12.54 28
12.55 40
12.56 28
12.57 0
12.58 0
12.59 0
12.6 0
12.61 2
12.62 14
12.63 21
12.64 30
12.65 41
12.66 28
12.67 0
12.68 0
12.69 0
12.7 0
12.71 0
12.72 9
12.73 17
12.74 28
12.75 38
12.76 28
12.77 5
12.78 0
12.79 0
12.8 0
12.81 0
12.82 3
12.83 14
12.84 26
12.85 36
12.86 28
12.87 18
12.88 0
12.89 0
12.9 0
12.91 0
12.92 0
12.93 8
12.94 19
12.95 30
12.96 38
12.97 27
12.98 1
12.99 0
13 0
13.01 0
13.02 1
13.03 12
13.04 23
13.05 33
13.06 27
13.07 24
13.08 1
13.09 0
13.1 0
13.11 0
13.12 12
13.13 21
13.14 30
13.15 40
13.16 27
13.17 0
13.18 0
13.19 0
13.2 0
13.21 10
13.22 22
13.23 36
13.24 27
13.25 15
13.26 0
13.27 0
13.28 0
13.29 0
13.3 17
13.31 30
13.32 43
13.33 27
13.34 14
13.35 0
13.36 0
13.37 0
13.38 17
13.39 31
13.4 43
13.41 28
13.42 9
13.43 0
13.44 0
13.45 3
13.46 19
13.47 34
13.48 30
13.49 24
13.5 1
13.51 0
13.52 0
13.53 5
13.54 20
13.55 37
13.56 27
13.57 18
13.58 0
13.59 0
13.6 0
13.61 2
13.62 16
13.63 27
13.64 40
13.65 27
13.66 2
13.67 0
13.68 0
13.69 0
13.7 13
13.71 27
13.72 40
13.73 27
13.74 9
13.75 0
13.76 0
13.77 0
13.78 6
13.79 20
13.8 33
13.81 44
13.82 28
13.83 13
13.84 0
13.85 0
13.86 0
13.87 9
13.88 23
13.89 34
13.9 27
13.91 22
13.92 0
13.93 0
13.94 0
13.95 6
13.96 21
13.97 32
13.98 41
13.99 27
14 0
14.01 0
14.02 0
14.03 0
14.04 6
14.05 19
14.06 31
14.07 44
14.08 28
14.09 0
14.1 0
14.11 0
14.12 0
14.13 7
14.14 20
14.15 32
14.16 34
14.17 27
14.18 5
14.19 0
14.2 0
14.21 0
14.22 0
14.23 16
14.24 31
14.25 43
14.26 28
14.27 0
14.28 0
14.29 0
14.3 0
14.31 0
14.32 10
14.33 24
14.34 35
14.35 29
14.36 26
14.37 0
14.38 0
14.39 0
14.4 0
14.41 1
14.42 15
14.43 27
14.44 36
14.45 28
14.46 4
14.47 0
14.48 0
14.49 0
14.5 0
14.51 14
14.52 25
14.53 38
14.54 28
14.55 14
14.56 0
14.57 0
14.58 0
14.59 8
14.6 21
14.61 31
14.62 33
14.63 27
14.64 0
14.65 0
14.66 0
14.67 2
14.68 17
14.69 30
14.7 44
14.71 27
14.72 8
14.73 0
14.74 0
14.75 0
14.76 14
14.77 28
14.78 42
14.79 27
14.8 16
14.81 0
14.82 0
14.83 0
14.84 6
14.85 23
14.86 35
14.87 28
14.88 21
14.89 0
14.9 0
14.91 0
14.92 0
14.93 16
14.94 30
14.95 42
14.96 28
14.97 4
14.98 0
14.99 0
15 1
15.01 19
15.02 32
15.03 42
15.04 28
15.05 0
15.06 0
15.07 0
15.08 0
15.09 14
15.1 28
15.11 43
15.12 29
15.13 20
15.14 0
15.15 0
15.16 0
15.17 9
15.18 22
15.19 36
15.2 27
15.21 17
15.22 0
15.23 0
15.24 0
15.25 13
15.26 28
15.27 45
15.28 27
15.29 6
15.3 0
15.31 0
15.32 0
15.33 9
15.34 26
15.35 39
15.36 28
15.37 17
15.38 0
15.39 0
15.4 3
15.41 18
15.42 31
15.43 45
15.44 28
15.45 10
15.46 0
15.47 0
15.48 0
15.49 7
15.5 21
15.51 33
15.52 35
15.53 28
15.54 0
15.55 0
15.56 0
15.57 0
15.58 7
15.59 23
15.6 39
15.61 29
15.62 17
15.63 0
15.64 0
15.65 0
15.66 5
15.67 19
15.68 33
15.69 31
15.7 27
15.71 5
15.72 0
15.73 0
15.74 0
15.75 12
15.76 23
15.77 39
15.78 27
15.79 14
15.8 0
15.81 0
15.82 0
15.83 6
15.84 23
15.85 38
15.86 27
15.87 25
15.88 0
15.89 0
15.9 0
15.91 0
15.92 12
15.93 25
15.94 38
15.95 28
15.96 16
15.97 0
15.98 0
15.99 0
16 1
16.01 17
16.02 31
16.03 44
16.04 29
16.05 22
16.06 0
16.07 0
16.08 3
16.09 18
16.1 30
16.11 41
16.12 28
16.13 14
16.14 0
16.15 0
16.16 0
16.17 0
16.18 13
16.19 26
16.2 38
16.21 28
16.22 12
16.23 0
16.24 0
16.25 0
16.26 2
16.27 14
16.28 30
16.29 44
16.3 28
16.31 13
16.32 0
16.33 0
16.34 0
16.35 0
16.36 13
16.37 26
16.38 40
16.39 28
16.4 3
16.41 0
16.42 0
16.43 0
16.44 4
16.45 20
16.46 34
16.47 28
16.48 28
16.49 0
16.5 0
16.51 0
16.52 0
16.53 9
16.54 22
16.55 35
16.56 28
16.57 21
16.58 0
16.59 0
16.6 0
16.61 0
16.62 8
16.63 23
16.64 35
16.65 27
16.66 21
16.67 0
16.68 0
16.69 0
16.7 0
16.71 12
16.72 25
16.73 37
16.74 27
16.75 10
16.76 0
16.77 0
16.78 0
16.79 0
16.8 7
16.81 21
16.82 32
16.83 40
16.84 27
16.85 0
16.86 0
16.87 0
16.88 0
16.89 6
16.9 19
16.91 31
16.92 42
16.93 27
16.94 0
16.95 0
16.96 0
16.97 0
16.98 12
16.99 25
17 38
17.01 28
17.02 12
17.03 0
17.04 0
17.05 0
17.06 0
17.07 13
17.08 28
17.09 41
17.1 28
17.11 10
17.12 0
17.13 0
17.14 0
17.15 4
17.16 18
17.17 30
17.18 42
17.19 28
17.2 14
17.21 0
17.22 0
17.23 0
17.24 11
17.25 25
17.26 39
17.27 28
17.28 17
17.29 0
17.3 0
17.31 0
17.32 0
17.33 13
17.34 26
17.35 41
17.36 28
17.37 12
17.38 0
17.39 0
17.4 0
17.41 4
17.42 19
17.43 31
17.44 41
17.45 29
17.46 11
17.47 0
17.48 0
17.49 0
17.5 11
17.51 24
17.52 38
17.53 27
17.54 22
17.55 0
17.56 0
17.57 0
17.58 5
17.59 20
17.6 33
17.61 32
17.62 27
17.63 0
17.64 0
17.65 0
17.66 0
17.67 7
17.68 23
17.69 36
17.7 28
17.71 24
17.72 0
17.73 0
17.74 0
17.75 0
17.76 12
17.77 22
17.78 34
17.79 28
17.8 24
17.81 0
17.82 0
17.83 0
17.84 0
17.85 7
17.86 21
17.87 35
17.88 44
17.89 28
17.9 0
17.91 0
17.92 0
17.93 0
17.94 11
17.95 26
17.96 39
17.97 28
17.98 17
17.99 0
18 0
18.01 0
18.02 2
18.03 17
18.04 31
18.05 46
18.06 28
18.07 24
18.08 0
18.09 1
18.1 15
18.11 26
18.12 39
18.13 26
18.14 0
18.15 0
18.16 0
18.17 0
18.18 12
18.19 26
18.2 39
18.21 27
18.22 4
18.23 0
18.24 0
18.25 0
18.26 10
18.27 24
18.28 37
18.29 27
18.3 23
18.31 0
18.32 0
18.33 0
18.34 0
18.35 18
18.36 33
18.37 47
18.38 29
18.39 8
18.4 0
18.41 0
18.42 0
18.43 7
18.44 22
18.45 36
18.46 28
18.47 27
18.48 0
18.49 0
18.5 0
18.51 0
18.52 11
18.53 26
18.54 40
18.55 29
18.56 19
18.57 0
18.58 0
18.59 0
18.6 0
18.61 17
18.62 30
18.63 46
18.64 28
18.65 8
18.66 0
18.67 0
18.68 0
18.69 7
18.7 22
18.71 37
18.72 29
18.73 22
18.74 2
18.75 0
18.76 1
18.77 13
18.78 25
18.79 37
18.8 26
18.81 15
18.82 0
18.83 0
18.84 0
18.85 4
18.86 18
18.87 29
18.88 41
18.89 27
18.9 25
18.91 0
18.92 0
18.93 0
18.94 10
18.95 23
18.96 36
18.97 27
18.98 20
18.99 0
19 0
19.01 0
19.02 0
19.03 8
19.04 22
19.05 33
19.06 35
19.07 28
19.08 0
19.09 0
19.1 0
19.11 0
19.12 11
19.13 25
19.14 37
19.15 28
19.16 19
19.17 0
19.18 0
19.19 0
19.2 6
19.21 20
19.22 32
19.23 41
19.24 28
19.25 2
19.26 0
19.27 0
19.28 0
19.29 3
19.3 14
19.31 26
19.32 35
19.33 28
19.34 23
19.35 0
19.36 0
19.37 0
19.38 0
19.39 6
19.4 18
19.41 31
19.42 41
19.43 28
19.44 9
19.45 0
19.46 0
19.47 0
19.48 1
19.49 15
19.5 27
19.51 38
19.52 28
19.53 4
19.54 0
19.55 0
19.56 0
19.57 3
19.58 19
19.59 33
19.6 44
19.61 29
19.62 9
19.63 0
19.64 0
19.65 0
19.66 11
19.67 24
19.68 40
19.69 28
19.7 16
19.71 0
19.72 0
19.73 0
19.74 8
19.75 27
19.76 41
19.77 28
19.78 11
19.79 0
19.8 0
19.81 0
19.82 6
19.83 24
19.84 39
19.85 28
19.86 24
19.87 0
19.88 0
19.89 0
19.9 2
19.91 17
19.92 31
19.93 43
19.94 28
19.95 0
19.96 0
19.97 0
19.98 3
19.99 17
20 31
20.01 41
20.02 27
20.03 0
20.04 0
20.05 0
20.06 0
20.07 10
20.08 24
20.09 38
20.1 27
20.11 8
20.12 0
20.13 0
20.14 0
20.15 1
20.16 17
20.17 33
20.18 47
20.19 29
20.2 7
20.21 0
20.22 0
20.23 0
20.24 16
20.25 34
20.26 46
20.27 28
20.28 7
20.29 0
20.3 0
20.31 0
20.32 13
20.33 29
20.34 42
20.35 28
20.36 17
20.37 0
20.38 0
20.39 0
20.4 9
20.41 24
20.42 40
20.43 28
20.44 21
20.45 0
20.46 0
20.47 0
20.48 7
20.49 21
20.5 35
20.51 27
20.52 23
20.53 0
20.54 0
20.55 0
20.56 0
20.57 17
20.58 27
20.59 41
20.6 27
20.61 3
20.62 0
20.63 0
20.64 0
20.65 10
20.66 24
20.67 38
20.68 27
20.69 21
20.7 0
20.71 0
20.72 0
20.73 0
20.74 12
20.75 24
20.76 35
20.77 28
20.78 17
20.79 0
20.8 0
20.81 0
20.82 0
20.83 12
20.84 24
20.85 39
20.86 29
20.87 15
20.88 0
20.89 0
20.9 0
20.91 1
20.92 13
20.93 26
20.94 40
20.95 28
20.96 6
20.97 0
20.98 0
20.99 0
21 0
21.01 11
21.02 23
21.03 35
21.04 28
21.05 24
21.06 0
21.07 0
21.08 0
21.09 0
21.1 5
21.11 19
21.12 30
21.13 41
21.14 29
21.15 16
21.16 0
21.17 0
21.18 0
21.19 1
21.2 16
21.21 29
21.22 39
21.23 28
21.24 0
21.25 0
21.26 0
21.27 0
21.28 10
21.29 25
21.3 35
21.31 28
21.32 20
21.33 0
21.34 0
21.35 0
21.36 0
21.37 11
21.38 23
21.39 35
21.4 28
21.41 19
21.42 0
21.43 0
21.44 0
21.45 3
21.46 15
21.47 28
21.48 40
21.49 28
21.5 12
21.51 0
21.52 0
21.53 0
21.54 8
21.55 22
21.56 36
21.57 27
21.58 21
21.59 0
21.6 0
21.61 0
21.62 0
21.63 9
21.64 22
21.65 36
21.66 27
21.67 19
21.68 0
21.69 0
21.7 0
21.71 8
21.72 25
21.73 38
21.74 27
21.75 15
21.76 0
21.77 0
21.78 0
21.79 0
21.8 15
21.81 26
21.82 35
21.83 28
21.84 14
21.85 0
21.86 0
21.87 0
21.88 8
21.89 24
21.9 39
21.91 28
21.92 13
21.93 0
21.94 0
21.95 0
21.96 12
21.97 29
21.98 45
21.99 28
22 10
22.01 0
22.02 0
22.03 0
22.04 3
22.05 20
22.06 37
22.07 29
22.08 22
22.09 0
22.1 0
22.11 0
22.12 0
22.13 14
22.14 27
22.15 42
22.16 27
22.17 19
22.18 0
22.19 0
22.2 0
22.21 14
22.22 28
22.23 41
22.24 27
22.25 16
22.26 0
22.27 0
22.28 0
22.29 4
22.3 19
22.31 32
22.32 44
22.33 28
22.34 3
22.35 0
22.36 0
22.37 0
22.38 9
22.39 22
22.4 33
22.41 33
22.42 27
22.43 0
22.44 0
22.45 0
22.46 0
22.47 0
22.48 13
22.49 25
22.5 33
22.51 28
22.52 27
22.53 0
22.54 0
22.55 0
22.56 0
22.57 8
22.58 17
22.59 27
22.6 37
22.61 28
22.62 7
22.63 0
22.64 0
22.65 0
22.66 2
22.67 16
22.68 29
22.69 42
22.7 28
22.71 22
22.72 0
22.73 0
22.74 0
22.75 0
22.76 6
22.77 18
22.78 30
22.79 41
22.8 28
22.81 8
22.82 0
22.83 0
22.84 0
22.85 0
22.86 9
22.87 22
22.88 32
22.89 43
22.9 28
22.91 0
22.92 0
22.93 0
22.94 0
22.95 4
22.96 17
22.97 31
22.98 42
22.99 28
23 0
23.01 0
23.02 0
23.03 0
23.04 0
23.05 16
23.06 30
23.07 41
23.08 28
23.09 17
23.1 0
23.11 0
23.12 0
23.13 0
23.14 12
23.15 26
23.16 39
23.17 29
23.18 17
23.19 0
23.2 0
23.21 0
23.22 0
23.23 11
23.24 26
23.25 38
23.26 28
23.27 7
23.28 0
23.29 0
23.3 0
23.31 0
23.32 4
23.33 18
23.34 32
23.35 47
23.36 29
23.37 0
23.38 0
23.39 0
23.4 0
23.41 9
23.42 24
23.43 38
23.44 28
23.45 21
23.46 0
23.47 0
23.48 0
23.49 6
23.5 15
23.51 26
23.52 37
23.53 27
23.54 19
23.55 0
23.56 0
23.57 0
23.58 0
23.59 8
23.6 18
23.61 28
23.62 37
23.63 28
23.64 0
23.65 0
23.66 0
23.67 0
23.68 6
23.69 18
23.7 28
23.71 38
23.72 27
23.73 14
23.74 0
23.75 0
23.76 0
23.77 0
23.78 3
23.79 12
23.8 24
23.81 35
23.82 28
23.83 21
23.84 0
23.85 0
23.86 0
23.87 0
23.88 0
23.89 9
23.9 21
23.91 29
23.92 36
23.93 28
23.94 0
23.95 0
23.96 0
23.97 0
23.98 0
23.99 1
24 11
24.01 20
24.02 31
24.03 39
24.04 28
24.05 0
24.06 0
24.07 0
24.08 0
24.09 0
24.1 9
24.11 19
24.12 29
24.13 36
24.14 28
24.15 0
24.16 0
24.17 0
24.18 0
24.19 12
24.2 27
24.21 37
24.22 28
24.23 28
24.24 0
24.25 0
24.26 0
24.27 0
24.28 11
24.29 24
24.3 33
24.31 27
24.32 22
24.33 0
24.34 0
24.35 0
24.36 0
24.37 13
24.38 29
24.39 42
24.4 28
24.41 17
24.42 0
24.43 0
24.44 0
24.45 6
24.46 26
24.47 42
24.48 28
24.49 20
24.5 0
24.51 0
24.52 0
24.53 18
24.54 33
24.55 28
24.56 24
24.57 0
24.58 0
24.59 0
24.6 0
24.61 14
24.62 29
24.63 43
24.64 28
24.65 7
24.66 0
24.67 0
24.68 0
24.69 10
24.7 23
24.71 36
24.72 28
24.73 24
24.74 0
24.75 0
24.76 0
24.77 0
24.78 14
24.79 26
24.8 39
24.81 27
24.82 18
24.83 0
24.84 0
24.85 0
24.86 11
24.87 27
24.88 40
24.89 27
24.9 17
24.91 0
24.92 0
24.93 0
24.94 4
24.95 22
24.96 35
24.97 32
24.98 28
24.99 0
25 0
25.01 0
25.02 0
25.03 13
25.04 25
25.05 41
25.06 29
25.07 23
25.08 0
25.09 0
25.1 0
25.11 10
25.12 28
25.13 41
25.14 28
25.15 13
25.16 0
25.17 0
25.18 0
25.19 0
25.2 12
25.21 26
25.22 39
25.23 28
25.24 12
25.25 0
25.26 0
25.27 0
25.28 0
25.29 11
25.3 22
25.31 34
25.32 28
25.33 21
25.34 0
25.35 0
25.36 0
25.37 0
25.38 2
25.39 12
25.4 25
25.41 36
25.42 28
25.43 20
25.44 0
25.45 0
25.46 0
25.47 0
25.48 3
25.49 15
25.5 27
25.51 38
25.52 28
25.53 6
25.54 0
25.55 0
25.56 0
25.57 7
25.58 24
25.59 35
25.6 28
25.61 25
25.62 0
25.63 0
25.64 0
25.65 0
25.66 14
25.67 29
25.68 42
25.69 28
25.7 12
25.71 0
25.72 0
25.73 0
25.74 5
25.75 21
25.76 37
25.77 28
25.78 25
25.79 0
25.8 0
25.81 0
25.82 0
25.83 16
25.84 33
25.85 40
25.86 27
25.87 12
25.88 0
25.89 0
25.9 10
25.91 24
25.92 37
25.93 28
25.94 24
25.95 0
25.96 0
25.97 0
25.98 2
25.99 20
26 32
26.01 44
26.02 28
26.03 13
26.04 0
26.05 0
26.06 0
26.07 3
26.08 16
26.09 29
26.1 39
26.11 28
26.12 13
26.13 0
26.14 0
26.15 0
26.16 2
26.17 16
26.18 32
26.19 45
26.2 28
26.21 11
26.22 0
26.23 0
26.24 0
26.25 13
26.26 26
26.27 40
26.28 28
26.29 13
26.3 0
26.31 0
26.32 1
26.33 16
26.34 29
26.35 43
26.36 27
26.37 7
26.38 0
26.39 0
26.4 0
26.41 9
26.42 25
26.43 38
26.44 28
26.45 20
26.46 0
26.47 0
26.48 0
26.49 0
26.5 15
26.51 29
26.52 40
26.53 28
26.54 1
26.55 0
26.56 0
26.57 0
26.58 0
26.59 15
26.6 28
26.61 41
26.62 29
26.63 28
26.64 0
26.65 0
26.66 0
26.67 5
26.68 19
26.69 33
26.7 38
26.71 28
26.72 0
26.73 0
26.74 0
26.75 0
26.76 14
26.77 28
26.78 39
26.79 28
26.8 19
26.81 0
26.82 0
26.83 0
26.84 3
26.85 16
26.86 33
26.87 46
26.88 28
26.89 8
26.9 0
26.91 0
26.92 1
26.93 12
26.94 27
26.95 39
26.96 28
26.97 1
26.98 0
26.99 0
27 0
27.01 8
27.02 26
27.03 39
27.04 28
27.05 26
27.06 0
27.07 0
27.08 0
27.09 0
27.1 13
27.11 23
27.12 34
27.13 27
27.14 19
27.15 0
27.16 0
27.17 0
27.18 2
27.19 18
27.2 30
27.21 44
27.22 28
27.23 10
27.24 0
27.25 0
27.26 0
27.27 4
27.28 17
27.29 30
27.3 43
27.31 28
27.32 0
27.33 0
27.34 0
27.35 0
27.36 6
27.37 21
27.38 36
27.39 30
27.4 28
27.41 6
27.42 0
27.43 0
27.44 3
27.45 20
27.46 35
27.47 28
27.48 21
27.49 0
27.5 0
27.51 0
27.52 0
27.53 7
27.54 22
27.55 34
27.56 28
27.57 23
27.58 0
27.59 0
27.6 0
27.61 0
27.62 10
27.63 22
27.64 33
27.65 28
27.66 24
27.67 0
27.68 0
27.69 0
27.7 0
27.71 12
27.72 27
27.73 40
27.74 28
27.75 11
27.76 0
27.77 0
27.78 0
27.79 14
27.8 27
27.81 41
27.82 27
27.83 7
27.84 0
27.85 0
27.86 4
27.87 17
27.88 31
27.89 43
27.9 26
27.91 0
27.92 0
27.93 0
27.94 0
27.95 8
27.96 21
27.97 33
27.98 44
27.99 28
28 0
28.01 0
28.02 0
28.03 0
28.04 1
28.05 16
28.06 28
28.07 41
28.08 28
28.09 7
28.1 0
28.11 0
28.12 0
28.13 0
28.14 12
28.15 25
28.16 36
28.17 28
28.18 20
28.19 0
28.2 0
28.21 0
28.22 0
28.23 9
28.24 20
28.25 32
28.26 42
28.27 28
28.28 0
28.29 0
28.3 0
28.31 3
28.32 20
28.33 29
28.34 41
28.35 27
28.36 3
28.37 0
28.38 0
28.39 0
28.4 0
28.41 9
28.42 24
28.43 35
28.44 29
28.45 29
28.46 0
28.47 0
28.48 0
28.49 0
28.5 16
28.51 31
28.52 45
28.53 28
28.54 0
28.55 0
28.56 0
28.57 1
28.58 17
28.59 32
28.6 45
28.61 28
28.62 4
28.63 0
28.64 0
28.65 0
28.66 10
28.67 27
28.68 40
28.69 28
28.7 15
28.71 0
28.72 0
28.73 0
28.74 8
28.75 23
28.76 36
28.77 28
28.78 19
28.79 0
28.8 0
28.81 0
28.82 5
28.83 22
28.84 40
28.85 29
28.86 21
28.87 0
28.88 0
28.89 0
28.9 3
28.91 22
28.92 38
28.93 28
28.94 21
28.95 0
28.96 0
28.97 0
28.98 11
28.99 28
29 46
29.01 29
29.02 26
29.03 0
29.04 0
29.05 0
29.06 15
29.07 29
29.08 43
29.09 27
29.1 9
29.11 0
29.12 0
29.13 0
29.14 16
29.15 30
29.16 44
29.17 27
29.18 14
29.19 0
29.2 0
29.21 0
29.22 9
29.23 22
29.24 33
29.25 28
29.26 22
29.27 0
29.28 0
29.29 0
29.3 0
29.31 8
29.32 19
29.33 31
29.34 41
29.35 28
29.36 8
29.37 0
29.38 0
29.39 0
29.4 0
29.41 13
29.42 25
29.43 37
29.44 28
29.45 14
29.46 0
29.47 0
29.48 0
29.49 1
29.5 15
29.51 26
29.52 37
29.53 28
29.54 14
29.55 0
29.56 0
29.57 0
29.58 4
29.59 12
29.6 23
29.61 34
29.62 27
29.63 20
29.64 0
29.65 0
29.66 0
29.67 0
29.68 11
29.69 26
29.7 36
29.71 27
29.72 22
29.73 0
29.74 0
29.75 0
29.76 0
29.77 5
29.78 18
29.79 27
29.8 35
29.81 27
29.82 17
29.83 0
29.84 0
29.85 0
29.86 0
29.87 6
29.88 16
29.89 27
29.9 36
29.91 27
29.92 16
29.93 0
29.94 0
29.95 0
29.96 0
29.97 9
29.98 19
29.99 26
30 37
30.01 27
30.02 3
30.03 0
30.04 0
30.05 0
30.06 0
30.07 13
30.08 24
30.09 36
30.1 27
30.11 11
30.12 0
30.13 0
30.14 0
30.15 0
30.16 12
30.17 25
30.18 37
30.19 27
30.2 17
30.21 0
30.22 0
30.23 0
30.24 0
30.25 4
30.26 15
30.27 26
30.28 39
30.29 27
30.3 5
30.31 0
30.32 0
30.33 0
30.34 3
30.35 15
30.36 27
30.37 37
30.38 27
30.39 17
30.4 0
30.41 0
30.42 0
30.43 0
30.44 9
30.45 20
30.46 31
30.47 42
30.48 27
30.49 0
30.5 0
30.51 0
30.52 0
30.53 1
30.54 14
30.55 26
30.56 36
30.57 28
30.58 16
30.59 0
30.6 0
30.61 0
30.62 6
30.63 22
30.64 34
30.65 28
30.66 28
30.67 0
30.68 0
30.69 0
30.7 0
30.71 4
30.72 18
30.73 32
30.74 45
30.75 29
30.76 8
30.77 0
30.78 0
30.79 0
30.8 13
30.81 28
30.82 40
30.83 28
30.84 19
30.85 0
30.86 0
30.87 0
30.88 8
30.89 23
30.9 37
30.91 28
30.92 19
30.93 0
30.94 0
30.95 0
30.96 2
30.97 17
30.98 26
30.99 39
31 27
31.01 0
31.02 0
31.03 0
31.04 0
31.05 6
31.06 20
31.07 33
31.08 28
31.09 26
31.1 0
31.11 0
31.12 1
31.13 10
31.14 28
31.15 43
31.16 27
31.17 6
31.18 0
31.19 0
31.2 0
31.21 9
31.22 26
31.23 43
31.24 29
31.25 20
31.26 0
31.27 0
31.28 0
31.29 7
31.3 21
31.31 36
31.32 28
31.33 19
31.34 0
31.35 0
31.36 0
31.37 1
31.38 18
31.39 29
31.4 45
31.41 28
31.42 1
31.43 0
31.44 0
31.45 0
31.46 8
31.47 21
31.48 34
31.49 27
31.5 21
31.51 0
31.52 0
31.53 0
31.54 0
31.55 14
31.56 24
31.57 37
31.58 27
31.59 27
31.6 0
31.61 0
31.62 0
31.63 10
31.64 23
31.65 37
31.66 27
31.67 19
31.68 0
31.69 0
31.7 0
31.71 0
31.72 7
31.73 21
31.74 32
31.75 44
31.76 27
31.77 3
31.78 0
31.79 0
31.8 0
31.81 2
31.82 15
31.83 29
31.84 40
31.85 28
31.86 11
31.87 0
31.88 0
31.89 0
31.9 4
31.91 21
31.92 34
31.93 31
31.94 27
31.95 0
31.96 0
31.97 0
31.98 0
31.99 9
32 24
32.01 37
32.02 29
32.03 23
32.04 0
32.05 0
32.06 0
32.07 0
32.08 12
32.09 27
32.1 40
32.11 28
32.12 12
32.13 0
32.14 0
32.15 0
32.16 6
32.17 23
32.18 38
32.19 28
32.2 24
32.21 0
32.22 0
32.23 0
32.24 13
32.25 29
32.26 43
32.27 27
32.28 13
32.29 0
32.3 0
32.31 2
32.32 19
32.33 34
32.34 28
32.35 25
32.36 9
32.37 0
32.38 0
32.39 0
32.4 14
32.41 29
32.42 42
32.43 28
32.44 6
32.45 0
32.46 0
32.47 1
32.48 15
32.49 30
32.5 42
32.51 28
32.52 8
32.53 0
32.54 0
32.55 0
32.56 12
32.57 28
32.58 43
32.59 28
32.6 25
32.61 0
32.62 0
32.63 0
32.64 5
32.65 20
32.66 35
32.67 27
32.68 23
32.69 0
32.7 0
32.71 0
32.72 0
32.73 15
32.74 29
32.75 42
32.76 28
32.77 5
32.78 0
32.79 0
32.8 7
32.81 22
32.82 38
32.83 27
32.84 27
32.85 0
32.86 0
32.87 0
32.88 0
32.89 11
32.9 25
32.91 38
32.92 28
32.93 15
32.94 0
32.95 0
32.96 0
32.97 10
32.98 26
32.99 39
33 28
33.01 21
33.02 0
33.03 0
33.04 0
33.05 0
33.06 10
33.07 25
33.08 37
33.09 28
33.1 25
33.11 0
33.12 0
33.13 0
33.14 0
33.15 9
33.16 25
33.17 37
33.18 28
33.19 26
33.2 0
33.21 0
33.22 0
33.23 0
33.24 8
33.25 20
33.26 34
33.27 28
33.28 21
33.29 0
33.3 0
33.31 0
33.32 0
33.33 6
33.34 20
33.35 29
33.36 36
33.37 28
33.38 18
33.39 0
33.4 0
33.41 0
33.42 0
33.43 5
33.44 15
33.45 29
33.46 41
33.47 28
33.48 9
33.49 0
33.5 0
33.51 0
33.52 8
33.53 20
33.54 30
33.55 40
33.56 28
33.57 0
33.58 0
33.59 0
33.6 0
33.61 2
33.62 17
33.63 28
33.64 42
33.65 28
33.66 10
33.67 0
33.68 0
33.69 0
33.7 0
33.71 9
33.72 21
33.73 33
33.74 38
33.75 28
33.76 0
33.77 0
33.78 0
33.79 0
33.8 6
33.81 19
33.82 31
33.83 41
33.84 28
33.85 0
33.86 0
33.87 0
33.88 0
33.89 3
33.9 17
33.91 26
33.92 35
33.93 28
33.94 14
33.95 0
33.96 0
33.97 0
33.98 3
33.99 15
34 28
34.01 41
34.02 28
34.03 12
34.04 0
34.05 0
34.06 0
34.07 1
34.08 15
34.09 28
34.1 39
34.11 27
34.12 1
34.13 0
34.14 0
34.15 0
34.16 0
34.17 10
34.18 23
34.19 34
34.2 28
34.21 26
34.22 0
34.23 0
34.24 0
34.25 0
34.26 2
34.27 16
34.28 29
34.29 39
34.3 28
34.31 11
34.32 0
34.33 0
34.34 0
34.35 8
34.36 24
34.37 37
34.38 28
34.39 22
34.4 0
34.41 0
34.42 0
34.43 4
34.44 16
34.45 31
34.46 42
34.47 28
34.48 0
34.49 0
34.5 0
34.51 0
34.52 0
34.53 12
34.54 24
34.55 34
34.56 28
34.57 26
34.58 0
34.59 0
34.6 0
34.61 0
34.62 0
34.63 13
34.64 25
34.65 36
34.66 27
34.67 20
34.68 0
34.69 0
34.7 0
34.71 0
34.72 2
34.73 16
34.74 26
34.75 38
34.76 27
34.77 15
34.78 0
34.79 0
34.8 0
34.81 0
34.82 6
34.83 19
34.84 32
34.85 42
34.86 28
34.87 2
34.88 0
34.89 0
34.9 0
34.91 0
34.92 9
34.93 22
34.94 32
34.95 39
34.96 27
34.97 0
34.98 0
34.99 0
35 0
35.01 0
35.02 11
35.03 23
35.04 34
35.05 34
35.06 27
35.07 0
35.08 0
35.09 0
35.1 0
35.11 5
35.12 20
35.13 34
35.14 46
35.15 28
35.16 15
35.17 0
35.18 0
35.19 0
35.2 14
35.21 27
35.22 40
35.23 27
35.24 6
35.25 0
35.26 0
35.27 4
35.28 22
35.29 36
35.3 28
35.31 26
35.32 0
35.33 0
35.34 0
35.35 0
35.36 12
35.37 31
35.38 47
35.39 28
35.4 9
35.41 0
35.42 0
35.43 0
35.44 11
35.45 26
35.46 39
35.47 27
35.48 14
35.49 0
35.5 0
35.51 0
35.52 3
35.53 19
35.54 33
35.55 42
35.56 27
35.57 0
35.58 0
35.59 0
35.6 0
35.61 5
35.62 19
35.63 30
35.64 39
35.65 27
35.66 0
35.67 0
35.68 0
35.69 0
35.7 8
35.71 22
35.72 37
35.73 28
35.74 23
35.75 0
35.76 0
35.77 0
35.78 4
35.79 19
35.8 31
35.81 43
35.82 28
35.83 8
35.84 0
35.85 0
35.86 0
35.87 7
35.88 22
35.89 37
35.9 28
35.91 19
35.92 0
35.93 0
35.94 0
35.95 1
35.96 15
35.97 29
35.98 44
35.99 28
36 16
36.01 0
36.02 0
36.03 0
36.04 0
36.05 14
36.06 28
36.07 40
36.08 28
36.09 2
36.1 0
36.11 0
36.12 0
36.13 3
36.14 14
36.15 27
36.16 37
36.17 28
36.18 6
36.19 0
36.2 0
36.21 0
36.22 7
36.23 22
36.24 33
36.25 27
36.26 23
36.27 0
36.28 0
36.29 0
36.3 0
36.31 13
36.32 24
36.33 37
36.34 27
36.35 17
36.36 0
36.37 0
36.38 0
36.39 0
36.4 17
36.41 35
36.42 45
36.43 29
36.44 13
36.45 0
36.46 0
36.47 0
36.48 10
36.49 31
36.5 46
36.51 28
36.52 17
36.53 0
36.54 0
36.55 0
36.56 8
36.57 25
36.58 39
36.59 28
36.6 14
36.61 0
36.62 0
36.63 0
36.64 4
36.65 23
36.66 40
36.67 29
36.68 20
36.69 0
36.7 0
36.71 0
36.72 12
36.73 28
36.74 41
36.75 27
36.76 2
36.77 0
36.78 0
36.79 0
36.8 9
36.81 27
36.82 42
36.83 28
36.84 20
36.85 0
36.86 0
36.87 0
36.88 13
36.89 27
36.9 41
36.91 28
36.92 16
36.93 0
36.94 0
36.95 2
36.96 16
36.97 29
36.98 39
36.99 28
37 7
37.01 0
37.02 0
37.03 0
37.04 0
37.05 14
37.06 29
37.07 39
37.08 28
37.09 20
37.1 0
37.11 0
37.12 0
37.13 0
37.14 12
37.15 25
37.16 37
37.17 28
37.18 14
37.19 0
37.2 0
37.21 0
37.22 0
37.23 4
37.24 17
37.25 29
37.26 40
37.27 28
37.28 11
37.29 0
37.3 0
37.31 0
37.32 0
37.33 6
37.34 18
37.35 29
37.36 39
37.37 28
37.38 8
37.39 0
37.4 0
37.41 0
37.42 0
37.43 8
37.44 20
37.45 29
37.46 40
37.47 28
37.48 0
37.49 0
37.5 0
37.51 0
37.52 0
37.53 8
37.54 20
37.55 31
37.56 42
37.57 28
37.58 18
37.59 0
37.6 0
37.61 0
37.62 0
37.63 8
37.64 20
37.65 31
37.66 41
37.67 28
37.68 3
37.69 0
37.7 0
37.71 0
37.72 0
37.73 9
37.74 21
37.75 33
37.76 43
37.77 28
37.78 0
37.79 0
37.8 0
37.81 2
37.82 11
37.83 24
37.84 36
37.85 28
37.86 16
37.87 0
37.88 0
37.89 0
37.9 0
37.91 2
37.92 18
37.93 27
37.94 38
37.95 28
37.96 13
37.97 0
37.98 0
37.99 0
38 0
38.01 12
38.02 26
38.03 37
38.04 28
38.05 8
38.06 0
38.07 0
38.08 0
38.09 2
38.1 17
38.11 28
38.12 42
38.13 28
38.14 9
38.15 0
38.16 0
38.17 0
38.18 8
38.19 21
38.2 34
38.21 28
38.22 23
38.23 0
38.24 0
38.25 0
38.26 3
38.27 17
38.28 34
38.29 38
38.3 27
38.31 0
38.32 0
38.33 0
38.34 3
38.35 17
38.36 31
38.37 47
38.38 28
38.39 0
38.4 0
38.41 0
38.42 8
38.43 26
38.44 41
38.45 28
38.46 20
38.47 0
38.48 0
38.49 0
38.5 12
38.51 29
38.52 46
38.53 28
38.54 22
38.55 0
38.56 0
38.57 0
38.58 16
38.59 31
38.6 42
38.61 27
38.62 16
38.63 0
38.64 0
38.65 6
38.66 20
38.67 33
38.68 27
38.69 25
38.7 0
38.71 0
38.72 0
38.73 0
38.74 10
38.75 24
38.76 38
38.77 28
38.78 24
38.79 0
38.8 0
38.81 0
38.82 0
38.83 12
38.84 27
38.85 41
38.86 28
38.87 19
38.88 0
38.89 0
38.9 0
38.91 7
38.92 20
38.93 37
38.94 28
38.95 27
38.96 0
38.97 0
38.98 0
38.99 0
39 12
39.01 30
39.02 44
39.03 28
39.04 20
39.05 0
39.06 0
39.07 0
39.08 8
39.09 24
39.1 38
39.11 28
39.12 17
39.13 0
39.14 0
39.15 0
39.16 0
39.17 13
39.18 26
39.19 37
39.2 28
39.21 17
39.22 0
39.23 0
39.24 0
39.25 0
39.26 15
39.27 23
39.28 33
39.29 27
39.3 22
39.31 0
39.32 0
39.33 0
39.34 2
39.35 16
39.36 28
39.37 39
39.38 27
39.39 3
39.4 0
39.41 0
39.42 0
39.43 0
39.44 13
39.45 25
39.46 38
39.47 28
39.48 19
39.49 0
39.5 0
39.51 0
39.52 0
39.53 13
39.54 29
39.55 39
39.56 27
39.57 7
39.58 0
39.59 0
39.6 0
39.61 8
39.62 24
39.63 38
39.64 28
39.65 18
39.66 0
39.67 0
39.68 0
39.69 4
39.7 18
39.71 32
39.72 44
39.73 28
39.74 12
39.75 0
39.76 0
39.77 0
39.78 13
39.79 27
39.8 39
39.81 28
39.82 12
39.83 0
39.84 0
39.85 0
39.86 0
39.87 14
39.88 26
39.89 37
39.9 28
39.91 19
39.92 0
39.93 0
39.94 0
39.95 0
39.96 4
39.97 16
39.98 28
39.99 39
40 28
40.01 2
40.02 0
40.03 0
40.04 0
40.05 0
40.06 5
40.07 17
40.08 31
40.09 43
40.1 28
40.11 13
40.12 0
40.13 0
40.14 0
40.15 4
40.16 19
40.17 30
40.18 43
40.19 28
40.2 0
40.21 0
40.22 0
40.23 0
40.24 9
40.25 23
40.26 36
40.27 28
40.28 17
40.29 0
40.3 0
40.31 0
40.32 1
40.33 17
40.34 30
40.35 41
40.36 27
40.37 18
40.38 0
40.39 0
40.4 0
40.41 0
40.42 15
40.43 29
40.44 39
40.45 27
40.46 9
40.47 0
40.48 0
40.49 0
40.5 2
40.51 16
40.52 26
40.53 38
40.54 27
40.55 0
40.56 0
40.57 0
40.58 0
40.59 0
40.6 13
40.61 26
40.62 37
40.63 27
40.64 19
40.65 0
40.66 0
40.67 0
40.68 0
40.69 7
40.7 21
40.71 33
40.72 44
40.73 27
40.74 9
40.75 0
40.76 0
40.77 0
40.78 12
40.79 27
40.8 39
40.81 28
40.82 23
40.83 0
40.84 0
40.85 0
40.86 0
40.87 16
40.88 31
40.89 42
40.9 28
40.91 9
40.92 0
40.93 0
40.94 0
40.95 8
40.96 19
40.97 33
40.98 29
40.99 27
41 0
41.01 0
41.02 0
41.03 0
41.04 10
41.05 25
41.06 37
41.07 28
41.08 19
41.09 0
41.1 0
41.11 0
41.12 0
41.13 5
41.14 18
41.15 31
41.16 43
41.17 28
41.18 0
41.19 0
41.2 0
41.21 0
41.22 4
41.23 16
41.24 27
41.25 35
41.26 27
41.27 16
41.28 0
41.29 0
41.3 0
41.31 3
41.32 15
41.33 23
41.34 37
41.35 27
41.36 17
41.37 0
41.38 0
41.39 0
41.4 0
41.41 10
41.42 21
41.43 32
41.44 41
41.45 27
41.46 0
41.47 0
41.48 0
41.49 0
41.5 1
41.51 15
41.52 28
41.53 38
41.54 27
41.55 19
41.56 0
41.57 0
41.58 0
41.59 0
41.6 9
41.61 22
41.62 32
41.63 30
41.64 27
41.65 0
41.66 0
41.67 0
41.68 0
41.69 5
41.7 19
41.71 31
41.72 41
41.73 27
41.74 9
41.75 0
41.76 0
41.77 0
41.78 1
41.79 15
41.8 27
41.81 37
41.82 27
41.83 11
41.84 0
41.85 0
41.86 0
41.87 5
41.88 19
41.89 29
41.9 41
41.91 28
41.92 0
41.93 0
41.94 0
41.95 0
41.96 0
41.97 12
41.98 24
41.99 36
42 28
42.01 27
42.02 0
42.03 0
42.04 0
42.05 0
42.06 7
42.07 20
42.08 31
42.09 39
42.1 28
42.11 5
42.12 0
42.13 0
42.14 0
42.15 0
42.16 14
42.17 27
42.18 39
42.19 28
42.2 14
42.21 0
42.22 0
42.23 0
42.24 0
42.25 12
42.26 22
42.27 32
42.28 40
42.29 28
42.3 0
42.31 0
42.32 0
42.33 0
42.34 8
42.35 19
42.36 30
42.37 44
42.38 28
42.39 4
42.4 0
42.41 0
42.42 0
42.43 4
42.44 16
42.45 29
42.46 37
42.47 28
42.48 16
42.49 0
42.5 0
42.51 0
42.52 1
42.53 14
42.54 24
42.55 35
42.56 28
42.57 20
42.58 0
42.59 0
42.6 0
42.61 0
42.62 2
42.63 17
42.64 29
42.65 43
42.66 29
42.67 6
42.68 0
42.69 0
42.7 0
42.71 0
42.72 13
42.73 29
42.74 40
42.75 28
42.76 2
42.77 0
42.78 0
42.79 0
42.8 1
42.81 17
42.82 32
42.83 45
42.84 29
42.85 10
42.86 0
42.87 0
42.88 0
42.89 5
42.9 19
42.91 31
42.92 44
42.93 28
42.94 4
42.95 0
42.96 0
42.97 0
42.98 3
42.99 15
43 28
43.01 41
43.02 28
43.03 15
43.04 0
43.05 0
43.06 0
43.07 0
43.08 12
43.09 23
43.1 35
43.11 28
43.12 16
43.13 0
43.14 0
43.15 0
43.16 6
43.17 19
43.18 31
43.19 42
43.2 27
43.21 8
43.22 0
43.23 0
43.24 0
43.25 10
43.26 22
43.27 34
43.28 28
43.29 24
43.3 0
43.31 0
43.32 0
43.33 0
43.34 10
43.35 23
43.36 34
43.37 36
43.38 27
43.39 0
43.4 0
43.41 0
43.42 0
43.43 9
43.44 24
43.45 36
43.46 28
43.47 22
43.48 0
43.49 0
43.5 0
43.51 0
43.52 11
43.53 23
43.54 34
43.55 28
43.56 21
43.57 0
43.58 0
43.59 0
43.6 0
43.61 4
43.62 17
43.63 29
43.64 40
43.65 28
43.66 7
43.67 0
43.68 0
43.69 0
43.7 0
43.71 13
43.72 26
43.73 36
43.74 27
43.75 16
43.76 0
43.77 0
43.78 0
43.79 2
43.8 18
43.81 31
43.82 45
43.83 28
43.84 16
43.85 0
43.86 0
43.87 3
43.88 19
43.89 36
43.9 28
43.91 27
43.92 0
43.93 0
43.94 0
43.95 5
43.96 20
43.97 36
43.98 29
43.99 29
44 0
44.01 0
44.02 0
44.03 0
44.04 13
44.05 27
44.06 40
44.07 27
44.08 2
44.09 0
44.1 0
44.11 0
44.12 4
44.13 20
44.14 30
44.15 42
44.16 28
44.17 0
44.18 0
44.19 0
44.2 0
44.21 15
44.22 30
44.23 45
44.24 28
44.25 9
44.26 0
44.27 0
44.28 0
44.29 10
44.3 27
44.31 41
44.32 28
44.33 18
44.34 0
44.35 0
44.36 0
44.37 6
44.38 22
44.39 38
44.4 29
44.41 25
44.42 0
44.43 0
44.44 0
44.45 1
44.46 18
44.47 33
44.48 36
44.49 28
44.5 10
44.51 0
44.52 0
44.53 9
44.54 23
44.55 36
44.56 26
44.57 21
44.58 0
44.59 0
44.6 0
44.61 3
44.62 20
44.63 34
44.64 34
44.65 27
44.66 0
44.67 0
44.68 0
44.69 0
44.7 11
44.71 25
44.72 36
44.73 27
44.74 6
44.75 0
44.76 0
44.77 0
44.78 0
44.79 12
44.8 24
44.81 36
44.82 28
44.83 19
44.84 0
44.85 0
44.86 0
44.87 0
44.88 9
44.89 25
44.9 39
44.91 29
44.92 20
44.93 0
44.94 0
44.95 0
44.96 0
44.97 8
44.98 20
44.99 32
45 45
45.01 28
45.02 0
45.03 0
45.04 0
45.05 0
45.06 4
45.07 16
45.08 28
45.09 39
45.1 28
45.11 24
45.12 0
45.13 0
45.14 0
45.15 0
45.16 12
45.17 26
45.18 38
45.19 28
45.2 28
45.21 0
45.22 0
45.23 0
45.24 0
45.25 12
45.26 28
45.27 40
45.28 28
45.29 8
45.3 0
45.31 0
45.32 0
45.33 11
45.34 27
45.35 40
45.36 28
45.37 7
45.38 0
45.39 0
45.4 0
45.41 1
45.42 15
45.43 27
45.44 39
45.45 28
45.46 0
45.47 0
45.48 0
45.49 0
45.5 11
45.51 25
45.52 41
45.53 28
45.54 8
45.55 0
45.56 0
45.57 0
45.58 11
45.59 27
45.6 42
45.61 27
45.62 13
45.63 0
45.64 0
45.65 1
45.66 15
45.67 34
45.68 34
45.69 27
45.7 2
45.71 0
45.72 0
45.73 2
45.74 22
45.75 37
45.76 28
45.77 18
45.78 0
45.79 0
45.8 0
45.81 2
45.82 17
45.83 35
45.84 36
45.85 28
45.86 0
45.87 0
45.88 0
45.89 0
45.9 13
45.91 27
45.92 41
45.93 28
45.94 0
45.95 0
45.96 0
45.97 0
45.98 13
45.99 29
46 43
46.01 28
46.02 21
46.03 0
46.04 0
46.05 0
46.06 8
46.07 23
46.08 37
46.09 28
46.1 14
46.11 0
46.12 0
46.13 0
46.14 15
46.15 28
46.16 40
46.17 28
46.18 11
46.19 0
46.2 0
46.21 0
46.22 6
46.23 19
46.24 34
46.25 40
46.26 29
46.27 0
46.28 0
46.29 0
46.3 0
46.31 15
46.32 30
46.33 41
46.34 28
46.35 8
46.36 0
46.37 0
46.38 0
46.39 6
46.4 18
46.41 31
46.42 45
46.43 28
46.44 5
46.45 0
46.46 0
46.47 1
46.48 16
46.49 28
46.5 39
46.51 28
46.52 5
46.53 0
46.54 0
46.55 0
46.56 1
46.57 12
46.58 23
46.59 35
46.6 27
46.61 15
46.62 0
46.63 0
46.64 0
46.65 0
46.66 11
46.67 25
46.68 38
46.69 27
46.7 24
46.71 0
46.72 0
46.73 0
46.74 0
46.75 6
46.76 20
46.77 30
46.78 42
46.79 27
46.8 0
46.81 0
46.82 0
46.83 4
46.84 16
46.85 28
46.86 37
46.87 27
46.88 4
46.89 0
46.9 0
46.91 0
46.92 3
46.93 14
46.94 26
46.95 39
46.96 28
46.97 14
46.98 0
46.99 0
47 0
47.01 1
47.02 19
47.03 32
47.04 44
47.05 28
47.06 27
47.07 0
47.08 0
47.09 0
47.1 9
47.11 21
47.12 33
47.13 28
47.14 22
47.15 0
47.16 0
47.17 0
47.18 0
47.19 7
47.2 20
47.21 30
47.22 42
47.23 28
47.24 2
47.25 0
47.26 0
47.27 0
47.28 7
47.29 22
47.3 33
47.31 30
47.32 24
47.33 0
47.34 0
47.35 0
47.36 0
47.37 8
47.38 20
47.39 31
47.4 42
47.41 28
47.42 0
47.43 0
47.44 0
47.45 0
47.46 11
47.47 21
47.48 34
47.49 28
47.5 22
47.51 0
47.52 0
47.53 0
47.54 0
47.55 12
47.56 24
47.57 36
47.58 28
47.59 19
47.6 0
47.61 0
47.62 0
47.63 1
47.64 19
47.65 31
47.66 45
47.67 27
47.68 5
47.69 0
47.7 0
47.71 0
47.72 17
47.73 32
47.74 42
47.75 27
47.76 2
47.77 0
47.78 0
47.79 0
47.8 17
47.81 35
47.82 28
47.83 24
47.84 0
47.85 0
47.86 0
47.87 15
47.88 33
47.89 27
47.9 27
47.91 0
47.92 0
47.93 0
47.94 0
47.95 7
47.96 22
47.97 37
47.98 28
47.99 24
48 0
48.01 0
48.02 0
48.03 6
48.04 22
48.05 37
48.06 28
48.07 20
48.08 0
48.09 0
48.1 0
48.11 0
48.12 11
48.13 25
48.14 38
48.15 28
48.16 20
48.17 0
48.18 0
48.19 0
48.2 0
48.21 11
48.22 25
48.23 35
48.24 28
48.25 27
48.26 0
48.27 0
48.28 0
48.29 0
48.3 13
48.31 26
48.32 37
48.33 28
48.34 15
48.35 0
48.36 0
48.37 0
48.38 1
48.39 17
48.4 31
48.41 44
48.42 28
48.43 18
48.44 0
48.45 0
48.46 0
48.47 8
48.48 22
48.49 35
48.5 28
48.51 27
48.52 0
48.53 0
48.54 0
48.55 4
48.56 16
48.57 28
48.58 41
48.59 28
48.6 17
48.61 0
48.62 0
48.63 0
48.64 0
48.65 15
48.66 25
48.67 36
48.68 27
48.69 20
48.7 0
48.71 0
48.72 0
48.73 0
48.74 11
48.75 25
48.76 39
48.77 28
48.78 16
48.79 0
48.8 0
48.81 0
48.82 0
48.83 16
48.84 31
48.85 47
48.86 28
48.87 22
48.88 0
48.89 0
48.9 11
48.91 29
48.92 43
48.93 26
48.94 22
48.95 0
48.96 0
48.97 1
48.98 18
48.99 33
49 27
49.01 26
49.02 0
49.03 0
49.04 0
49.05 8
49.06 25
49.07 41
49.08 28
49.09 16
49.1 0
49.11 0
49.12 0
49.13 1
49.14 18
49.15 33
49.16 48
49.17 29
49.18 0
49.19 0
49.2 0
49.21 0
49.22 12
49.23 27
49.24 40
49.25 28
49.26 12
49.27 0
49.28 0
49.29 0
49.3 0
49.31 15
49.32 27
49.33 42
49.34 28
49.35 13
49.36 0
49.37 0
49.38 0
49.39 11
49.4 24
49.41 35
49.42 27
49.43 16
49.44 0
49.45 0
49.46 0
49.47 0
49.48 8
49.49 21
49.5 28
49.51 40
49.52 27
49.53 0
49.54 0
49.55 0
49.56 0
49.57 0
49.58 13
49.59 23
49.6 31
49.61 33
49.62 26
49.63 0
49.64 0
49.65 0
49.66 0
49.67 0
49.68 7
49.69 18
49.7 29
49.71 39
49.72 28
49.73 11
49.74 0
49.75 0
49.76 0
49.77 5
49.78 17
49.79 30
49.8 41
49.81 27
49.82 9
49.83 0
49.84 0
49.85 3
49.86 14
49.87 26
49.88 36
49.89 27
49.9 11
49.91 0
49.92 0
49.93 0
49.94 9
49.95 21
49.96 33
49.97 28
49.98 21
49.99 2
50 0
50.01 0
50.02 0
50.03 10
50.04 24
50.05 34
50.06 28
50.07 20
50.08 0
50.09 0
50.1 0
50.11 6
50.12 21
50.13 35
50.14 28
50.15 22
50.16 0
50.17 0
50.18 0
50.19 9
50.2 25
50.21 39
50.22 29
50.23 17
50.24 0
50.25 0
50.26 0
50.27 13
50.28 29
50.29 41
50.3 27
50.31 11
50.32 0
50.33 0
50.34 0
50.35 15
50.36 30
50.37 42
50.38 28
50.39 9
50.4 0
50.41 0
50.42 0
50.43 10
50.44 29
50.45 46
50.46 28
50.47 16
50.48 0
50.49 0
50.5 0
50.51 15
50.52 32
50.53 33
50.54 26
50.55 1
50.56 0
50.57 0
50.58 0
50.59 11
50.6 28
50.61 42
50.62 28
50.63 10
50.64 0
50.65 0
50.66 0
50.67 2
50.68 16
50.69 29
50.7 41
50.71 28
50.72 1
50.73 0
50.74 0
50.75 0
50.76 5
50.77 17
50.78 30
50.79 43
50.8 27
50.81 9
50.82 0
50.83 0
50.84 0
50.85 12
50.86 25
50.87 37
50.88 27
50.89 21
50.9 0
50.91 0
50.92 0
50.93 6
50.94 16
50.95 29
50.96 41
50.97 27
50.98 15
50.99 0
51 0
51.01 0
51.02 0
51.03 12
51.04 25
51.05 36
51.06 29
51.07 16
51.08 0
51.09 0
51.1 0
51.11 0
51.12 13
51.13 26
51.14 36
51.15 28
51.16 23
51.17 0
51.18 0
51.19 0
51.2 0
51.21 2
51.22 14
51.23 26
51.24 39
51.25 29
51.26 13
51.27 0
51.28 0
51.29 0
51.3 4
51.31 21
51.32 36
51.33 30
51.34 27
51.35 0
51.36 0
51.37 0
51.38 4
51.39 20
51.4 33
51.41 41
51.42 28
51.43 6
51.44 0
51.45 0
51.46 0
51.47 7
51.48 23
51.49 38
51.5 28
51.51 22
51.52 0
51.53 0
51.54 0
51.55 15
51.56 32
51.57 45
51.58 28
51.59 11
51.6 0
51.61 0
51.62 18
51.63 31
51.64 30
51.65 25
51.66 3
51.67 0
51.68 0
51.69 0
51.7 12
51.71 27
51.72 42
51.73 28
51.74 10
51.75 0
51.76 0
51.77 0
51.78 18
51.79 32
51.8 46
51.81 28
51.82 6
51.83 0
51.84 0
51.85 3
51.86 20
51.87 36
51.88 29
51.89 27
51.9 0
51.91 0
51.92 0
51.93 1
51.94 18
51.95 33
51.96 32
51.97 27
51.98 0
51.99 0
52 0
52.01 0
52.02 11
52.03 26
52.04 37
52.05 28
52.06 18
52.07 0
52.08 0
52.09 0
52.1 6
52.11 23
52.12 36
52.13 28
52.14 25
52.15 0
52.16 0
52.17 0
52.18 0
52.19 16
52.2 33
52.21 41
52.22 28
52.23 4
52.24 0
52.25 0
52.26 0
52.27 7
52.28 23
52.29 35
52.3 28
52.31 28
52.32 0
52.33 0
52.34 0
52.35 0
52.36 7
52.37 21
52.38 31
52.39 40
52.4 28
52.41 0
52.42 0
52.43 0
52.44 0
52.45 8
52.46 22
52.47 33
52.48 31
52.49 27
52.5 0
52.51 0
52.52 0
52.53 0
52.54 8
52.55 21
52.56 33
52.57 42
52.58 27
52.59 0
52.6 0
52.61 0
52.62 0
52.63 6
52.64 21
52.65 34
52.66 38
52.67 28
52.68 0
52.69 0
52.7 0
52.71 0
52.72 6
52.73 19
52.74 31
52.75 43
52.76 27
52.77 2
52.78 0
52.79 0
52.8 0
52.81 15
52.82 31
52.83 42
52.84 28
52.85 14
52.86 0
52.87 0
52.88 0
52.89 12
52.9 28
52.91 45
52.92 28
52.93 16
52.94 0
52.95 0
52.96 0
52.97 3
52.98 18
52.99 31
53 44
53.01 28
53.02 0
53.03 0
53.04 0
53.05 0
53.06 5
53.07 18
53.08 32
53.09 42
53.1 28
53.11 0
53.12 0
53.13 0
53.14 0
53.15 3
53.16 16
53.17 30
53.18 42
53.19 28
53.2 13
53.21 0
53.22 0
53.23 0
53.24 2
53.25 17
53.26 29
53.27 44
53.28 28
53.29 6
53.3 0
53.31 0
53.32 0
53.33 8
53.34 20
53.35 33
53.36 32
53.37 28
53.38 0
53.39 0
53.4 0
53.41 0
53.42 14
53.43 29
53.44 41
53.45 27
53.46 13
53.47 0
53.48 0
53.49 0
53.5 5
53.51 20
53.52 33
53.53 40
53.54 27
53.55 0
53.56 0
53.57 0
53.58 0
53.59 17
53.6 31
53.61 43
53.62 28
53.63 8
53.64 0
53.65 0
53.66 0
53.67 5
53.68 21
53.69 38
53.7 28
53.71 20
53.72 0
53.73 0
53.74 0
53.75 2
53.76 17
53.77 30
53.78 40
53.79 28
53.8 7
53.81 0
53.82 0
53.83 0
53.84 7
53.85 23
53.86 34
53.87 28
53.88 19
53.89 0
53.9 0
53.91 0
53.92 6
53.93 23
53.94 34
53.95 29
53.96 22
53.97 0
53.98 0
53.99 0
54 7
54.01 25
54.02 39
54.03 27
54.04 6
54.05 0
54.06 0
54.07 0
54.08 4
54.09 22
54.1 34
54.11 28
54.12 21
54.13 0
54.14 0
54.15 0
54.16 2
54.17 13
54.18 24
54.19 36
54.2 28
54.21 6
54.22 0
54.23 0
54.24 0
54.25 0
54.26 13
54.27 25
54.28 37
54.29 29
54.3 15
54.31 0
54.32 0
54.33 0
54.34 0
54.35 5
54.36 18
54.37 31
54.38 42
54.39 28
54.4 0
54.41 0
54.42 0
54.43 0
54.44 0
54.45 10
54.46 22
54.47 29
54.48 39
54.49 28
54.5 0
54.51 0
54.52 0
54.53 0
54.54 2
54.55 14
54.56 25
54.57 35
54.58 28
54.59 24
54.6 0
54.61 0
54.62 0
54.63 0
54.64 5
54.65 17
54.66 28
54.67 39
54.68 28
54.69 20
54.7 0
54.71 0
54.72 0
54.73 0
54.74 14
54.75 26
54.76 38
54.77 28
54.78 23
54.79 0
54.8 0
54.81 0
54.82 0
54.83 2
54.84 13
54.85 22
54.86 33
54.87 28
54.88 24
54.89 0
54.9 0
54.91 0
54.92 0
54.93 0
54.94 11
54.95 18
54.96 27
54.97 37
54.98 28
54.99 0
55 0
55.01 0
55.02 0
55.03 0
55.04 4
55.05 19
55.06 31
55.07 41
55.08 29
55.09 0
55.1 0
55.11 0
55.12 0
55.13 8
55.14 21
55.15 33
55.16 45
55.17 29
55.18 5
55.19 0
55.2 0
55.21 0
55.22 10
55.23 24
55.24 39
55.25 28
55.26 21
55.27 0
55.28 0
55.29 0
55.3 0
55.31 15
55.32 30
55.33 42
55.34 28
55.35 0
55.36 0
55.37 0
55.38 0
55.39 14
55.4 31
55.41 47
55.42 28
55.43 7
55.44 0
55.45 0
55.46 0
55.47 16
55.48 33
55.49 44
55.5 27
55.51 7
55.52 0
55.53 0
55.54 0
55.55 15
55.56 29
55.57 44
55.58 28
55.59 18
55.6 0
55.61 0
55.62 0
55.63 14
55.64 30
55.65 42
55.66 27
55.67 16
55.68 0
55.69 0
55.7 0
55.71 10
55.72 26
55.73 39
55.74 28
55.75 26
55.76 0
55.77 0
55.78 0
55.79 3
55.8 19
55.81 34
55.82 34
55.83 27
55.84 0
55.85 0
55.86 0
55.87 2
55.88 17
55.89 32
55.9 43
55.91 27
55.92 0
55.93 0
55.94 0
55.95 1
55.96 18
55.97 31
55.98 43
55.99 28
56 3
56.01 0
56.02 0
56.03 0
56.04 13
56.05 26
56.06 41
56.07 28
56.08 19
56.09 0
56.1 0
56.11 0
56.12 0
56.13 13
56.14 26
56.15 38
56.16 28
56.17 12
56.18 0
56.19 0
56.2 0
56.21 3
56.22 16
56.23 27
56.24 41
56.25 28
56.26 17
56.27 0
56.28 0
56.29 0
56.3 10
56.31 25
56.32 36
56.33 26
56.34 19
56.35 0
56.36 0
56.37 0
56.38 0
56.39 11
56.4 23
56.41 34
56.42 27
56.43 22
56.44 0
56.45 0
56.46 0
56.47 2
56.48 17
56.49 29
56.5 42
56.51 27
56.52 22
56.53 0
56.54 0
56.55 0
56.56 0
56.57 12
56.58 25
56.59 38
56.6 28
56.61 16
56.62 0
56.63 0
56.64 0
56.65 0
56.66 9
56.67 24
56.68 34
56.69 28
56.7 26
56.71 0
56.72 0
56.73 0
56.74 0
56.75 8
56.76 23
56.77 36
56.78 29
56.79 21
56.8 0
56.81 0
56.82 0
56.83 13
56.84 27
56.85 43
56.86 28
56.87 20
56.88 0
56.89 0
56.9 0
56.91 9
56.92 28
56.93 44
56.94 28
56.95 9
56.96 0
56.97 0
56.98 0
56.99 13
57 28
57.01 38
57.02 27
57.03 6
57.04 0
57.05 0
57.06 0
57.07 13
57.08 28
57.09 44
57.1 27
57.11 22
57.12 0
57.13 0
57.14 0
57.15 2
57.16 14
57.17 25
57.18 39
57.19 27
57.2 10
57.21 0
57.22 0
57.23 0
57.24 0
57.25 14
57.26 30
57.27 44
57.28 29
57.29 19
57.3 0
57.31 0
57.32 2
57.33 18
57.34 31
57.35 42
57.36 27
57.37 5
57.38 0
57.39 0
57.4 0
57.41 0
57.42 16
57.43 28
57.44 42
57.45 29
57.46 0
57.47 0
57.48 0
57.49 0
57.5 0
57.51 13
57.52 24
57.53 38
57.54 29
57.55 22
57.56 0
57.57 0
57.58 0
57.59 0
57.6 11
57.61 25
57.62 40
57.63 29
57.64 12
57.65 0
57.66 0
57.67 0
57.68 0
57.69 15
57.7 27
57.71 42
57.72 28
57.73 20
57.74 0
57.75 0
57.76 0
57.77 4
57.78 17
57.79 29
57.8 40
57.81 28
57.82 0
57.83 0
57.84 0
57.85 0
57.86 13
57.87 26
57.88 39
57.89 27
57.9 22
57.91 0
57.92 0
57.93 0
57.94 0
57.95 11
57.96 23
57.97 34
57.98 27
57.99 19
58 0
58.01 0
58.02 0
58.03 0
58.04 13
58.05 26
58.06 39
58.07 27
58.08 0
58.09 0
58.1 0
58.11 0
58.12 0
58.13 0
58.14 0
58.15 0
58.16 0
58.17 0
58.18 0
58.19 0
58.2 0
58.21 0
58.22 0
58.23 0
58.24 0
58.25 0
58.26 0
58.27 0
58.28 0
58.29 0
58.3 0
58.31 0
58.32 0
58.33 0
58.34 0
58.35 0
58.36 0
58.37 0
58.38 0
58.39 0
58.4 0
58.41 0
58.42 0
58.43 0
58.44 0
58.45 0
58.46 0
58.47 0
58.48 0
58.49 0
58.5 0
58.51 0
58.52 0
58.53 0
58.54 0
58.55 0
58.56 0
58.57 0
58.58 0
58.59 0
58.6 0
58.61 0
58.62 0
58.63 0
58.64 0
58.65 0
58.66 0
58.67 0
58.68 0
58.69 0
58.7 0
58.71 0
58.72 0
58.73 0
58.74 0
58.75 0
58.76 0
58.77 0
58.78 0
58.79 0
58.8 0
58.81 0
58.82 0
58.83 0
58.84 0
58.85 0
58.86 0
58.87 0
58.88 0
58.89 0
58.9 0
58.91 0
58.92 0
58.93 0
58.94 0
58.95 0
58.96 0
58.97 0
58.98 0
58.99 0
59 0
59.01 0
59.02 0
59.03 0
59.04 0
59.05 0
59.06 0
59.07 0
59.08 0
59.09 0
59.1 0
59.11 0
59.12 0
59.13 0
59.14 0
59.15 0
59.16 0
59.17 0
59.18 0
59.19 0
59.2 0
59.21 0
59.22 0
59.23 0
59.24 0
59.25 0
59.26 0
59.27 0
59.28 0
59.29 0
59.3 0
59.31 0
59.32 0
59.33 0
59.34 0
59.35 0
59.36 0
59.37 0
59.38 0
59.39 0
59.4 0
59.41 0
59.42 0
59.43 0
59.44 0
59.45 0
59.46 0
59.47 0
59.48 0
59.49 0
59.5 0
59.51 0
59.52 0
59.53 0
59.54 0
59.55 0
59.56 0
59.57 0
59.58 0
59.59 0
59.6 0
59.61 0
59.62 0
59.63 0
59.64 0
59.65 0
59.66 0
59.67 0
59.68 0
59.69 0
59.7 0
59.71 0
59.72 0
59.73 0
59.74 0
59.75 0
59.76 0
59.77 0
59.78 0
59.79 0
59.8 0
59.81 0
59.82 0
59.83 0
59.84 0
59.85 0
59.86 0
59.87 0
59.88 0
59.89 0
59.9 0
59.91 0
59.92 0
59.93 0
59.94 0
59.95 0
59.96 0
59.97 0
59.98 0
59.99 0
60 0
60.01 0
60.02 0
60.03 0
60.04 0
60.05 0
60.06 0
60.07 0
60.08 0
60.09 0
60.1 0
60.11 0
60.12 0
60.13 0
60.14 0
60.15 0
60.16 0
60.17 0
60.18 0
60.19 0
60.2 0
60.21 0
60.22 0
60.23 0
60.24 0
60.25 0
60.26 0
60.27 0
60.28 0
60.29 0
60.3 0
60.31 0
60.32 0
60.33 0
60.34 0
60.35 0
60.36 0
60.37 0
60.38 0
60.39 0
60.4 0
60.41 0
60.42 0
60.43 0
60.44 0
60.45 0
60.46 0
60.47 0
60.48 0
60.49 0
60.5 0
60.51 0
60.52 0
60.53 0
60.54 0
60.55 0
60.56 0
60.57 0
60.58 0
60.59 0
60.6 0
60.61 0
60.62 0
60.63 0
60.64 0
60.65 0
60.66 0
60.67 0
60.68 0
60.69 0
60.7 0
60.71 0
60.72 0
60.73 0
60.74 0
60.75 0
60.76 0
60.77 0
60.78 0
60.79 0
60.8 0
60.81 0
60.82 0
60.83 0
60.84 0
60.85 0
60.86 0
60.87 0
60.88 0
60.89 0
60.9 0
60.91 0
60.92 0
60.93 0
60.94 0
60.95 0
60.96 0
60.97 0
60.98 0
60.99 0
61 0
61.01 0
61.02 0
61.03 0
61.04 0
61.05 0
61.06 0
61.07 0
61.08 0
61.09 0
61.1 0
61.11 0
61.12 0
61.13 0
61.14 0
61.15 0
61.16 0
61.17 0
61.18 0
61.19 0
61.2 0
61.21 0
61.22 0
61.23 0
61.24 0
61.25 0
61.26 0
61.27 0
61.28 0
61.29 0
61.3 0
61.31 0
61.32 0
61.33 0
61.34 0
61.35 0
61.36 0
61.37 0
61.38 0
61.39 0
61.4 0
61.41 0
61.42 0
61.43 0
61.44 0
61.45 0
61.46 0
61.47 0
61.48 0
61.49 0
61.5 0
61.51 0
61.52 0
61.53 0
61.54 0
61.55 0
61.56 0
61.57 0
61.58 0
61.59 0
61.6 0
61.61 0
61.62 0
61.63 0
61.64 0
61.65 0
61.66 0
61.67 0
61.68 0
61.69 0
61.7 0
61.71 0
61.72 0
61.73 0
61.74 0
61.75 0
61.76 0
61.77 0
61.78 0
61.79 0
61.8 0
61.81 0
61.82 0
61.83 0
61.84 0
61.85 0
61.86 0
61.87 0
61.88 0
61.89 0
61.9 0
61.91 0
61.92 0
61.93 0
61.94 0
61.95 0
61.96 0
61.97 0
61.98 0
61.99 0
62 0
62.01 0
62.02 0
62.03 0
62.04 0
62.05 0
62.06 0
62.07 0
62.08 0
62.09 0
62.1 0
62.11 0
62.12 0
62.13 0
62.14 0
62.15 0
62.16 0
62.17 0
62.18 0
62.19 0
62.2 0
62.21 0
62.22 0
62.23 0
62.24 0
62.25 0
62.26 0
62.27 0
62.28 0
62.29 0
62.3 0
62.31 0
62.32 0
62.33 0
62.34 0
62.35 0
62.36 0
62.37 0
62.38 0
62.39 0
62.4 0
62.41 0
62.42 0
62.43 0
62.44 0
62.45 0
62.46 0
62.47 0
62.48 0
62.49 0
62.5 0
62.51 0
62.52 0
62.53 0
62.54 0
62.55 0
62.56 0
62.57 0
62.58 0
62.59 0
62.6 0
62.61 0
62.62 0
62.63 0
62.64 0
62.65 0
62.66 0
62.67 0
62.68 0
62.69 0
62.7 0
62.71 0
62.72 0
62.73 0
62.74 0
62.75 0
62.76 0
62.77 0
62.78 0
62.79 0
62.8 0
62.81 0
62.82 0
62.83 0
62.84 0
62.85 0
62.86 0
62.87 0
62.88 0
62.89 0
62.9 0
62.91 0
62.92 0
62.93 0
62.94 0
62.95 0
62.96 0
62.97 0
62.98 0
62.99 0
