0 0
0.01 0
0.02 0
0.03 0
0.04 0
0.05 0
0.06 0
0.07 0
0.08 0
0.09 0
0.1 0
0.11 0
0.12 0
0.13 0
0.14 0
0.15 0
0.16 0
0.17 0
0.18 0
0.19 0
0.2 0
0.21 69
0.22 42
0.23 8
0.24 12
0.25 0
0.26 0
0.27 0
0.28 0
0.29 0
0.3 0
0.31 3
0.32 8
0.33 16
0.34 21
0.35 26
0.36 31
0.37 27
0.38 27
0.39 0
0.4 0
0.41 0
0.42 0
0.43 0
0.44 0
0.45 0
0.46 0
0.47 0
0.48 0
0.49 0
0.5 3
0.51 8
0.52 13
0.53 18
0.54 23
0.55 27
0.56 31
0.57 26
0.58 7
0.59 0
0.6 0
0.61 3
0.62 7
0.63 11
0.64 17
0.65 21
0.66 25
0.67 28
0.68 25
0.69 0
0.7 0
0.71 0
0.72 0
0.73 0
0.74 2
0.75 0
0.76 0
0.77 1
0.78 5
0.79 9
0.8 12
0.81 15
0.82 18
0.83 22
0.84 25
0.85 28
0.86 25
0.87 0
0.88 0
0.89 0
0.9 0
0.91 0
0.92 0
0.93 0
0.94 3
0.95 6
0.96 10
0.97 13
0.98 17
0.99 21
1 22
1.01 26
1.02 30
1.03 25
1.04 0
1.05 0
1.06 0
1.07 0
1.08 0
1.09 0
1.1 0
1.11 0
1.12 0
1.13 0
1.14 0
1.15 2
1.16 5
1.17 8
1.18 12
1.19 15
1.2 18
1.21 21
1.22 26
1.23 30
1.24 25
1.25 2
1.26 0
1.27 7
1.28 15
1.29 20
1.3 26
1.31 32
1.32 26
1.33 3
1.34 0
1.35 0
1.36 0
1.37 0
1.38 6
1.39 12
1.4 19
1.41 29
1.42 38
1.43 29
1.44 4
1.45 0
1.46 0
1.47 0
1.48 2
1.49 11
1.5 20
1.51 27
1.52 34
1.53 27
1.54 8
1.55 0
1.56 0
1.57 0
1.58 0
1.59 0
1.6 10
1.61 18
1.62 26
1.63 33
1.64 28
1.65 26
1.66 0
1.67 0
1.68 1
1.69 9
1.7 16
1.71 26
1.72 36
1.73 27
1.74 18
1.75 0
1.76 0
1.77 1
1.78 10
1.79 20
1.8 28
1.81 37
1.82 28
1.83 0
1.84 0
1.85 0
1.86 0
1.87 4
1.88 13
1.89 24
1.9 31
1.91 29
1.92 22
1.93 0
1.94 0
1.95 0
1.96 0
1.97 0
1.98 9
1.99 19
2 29
2.01 36
2.02 28
2.03 16
2.04 0
2.05 0
2.06 0
2.07 1
2.08 8
2.09 18
2.1 26
2.11 32
2.12 28
2.13 21
2.14 0
2.15 0
2.16 0
2.17 0
2.18 6
2.19 16
2.2 23
2.21 30
2.22 37
2.23 27
2.24 0
2.25 0
2.26 0
2.27 0
2.28 0
2.29 0
2.3 8
2.31 17
2.32 24
2.33 30
2.34 38
2.35 28
2.36 2
2.37 0
2.38 7
2.39 15
2.4 23
2.41 31
2.42 28
2.43 21
2.44 0
2.45 0
2.46 0
2.47 1
2.48 10
2.49 18
2.5 28
2.51 35
2.52 27
2.53 19
2.54 0
2.55 0
2.56 0
2.57 1
2.58 9
2.59 18
2.6 25
2.61 33
2.62 28
2.63 17
2.64 0
2.65 0
2.66 0
2.67 0
2.68 0
2.69 1
2.7 8
2.71 16
2.72 23
2.73 29
2.74 32
2.75 24
2.76 0
2.77 0
2.78 0
2.79 0
2.8 5
2.81 11
2.82 17
2.83 24
2.84 30
2.85 35
2.86 27
2.87 0
2.88 0
2.89 0
2.9 0
2.91 8
2.92 15
2.93 22
2.94 28
2.95 34
2.96 27
2.97 6
2.98 0
2.99 0
3 0
3.01 6
3.02 13
3.03 20
3.04 26
3.05 31
3.06 26
3.07 18
3.08 0
3.09 0
3.1 1
3.11 9
3.12 15
3.13 23
3.14 29
3.15 37
3.16 27
3.17 0
3.18 0
3.19 0
3.2 0
3.21 1
3.22 10
3.23 17
3.24 23
3.25 31
3.26 26
3.27 20
3.28 0
3.29 0
3.3 0
3.31 0
3.32 0
3.33 7
3.34 15
3.35 20
3.36 29
3.37 36
3.38 26
3.39 4
3.4 0
3.41 0
3.42 0
3.43 8
3.44 16
3.45 24
3.46 29
3.47 37
3.48 28
3.49 2
3.5 0
3.51 0
3.52 8
3.53 17
3.54 25
3.55 31
3.56 25
3.57 16
3.58 0
3.59 0
3.6 0
3.61 6
3.62 14
3.63 23
3.64 30
3.65 37
3.66 26
3.67 7
3.68 0
3.69 4
3.7 12
3.71 22
3.72 31
3.73 27
3.74 17
3.75 0
3.76 0
3.77 0
3.78 2
3.79 11
3.8 21
3.81 29
3.82 37
3.83 27
3.84 22
3.85 0
3.86 0
3.87 0
3.88 2
3.89 11
3.9 19
3.91 28
3.92 36
3.93 28
3.94 0
3.95 0
3.96 0
3.97 0
3.98 7
3.99 17
4 26
4.01 33
4.02 27
4.03 21
4.04 0
4.05 0
4.06 1
4.07 12
4.08 20
4.09 30
4.1 38
4.11 27
4.12 0
4.13 0
4.14 0
4.15 3
4.16 13
4.17 23
4.18 31
4.19 39
4.2 27
4.21 0
4.22 0
4.23 0
4.24 0
4.25 0
4.26 9
4.27 18
4.28 26
4.29 34
4.3 27
4.31 23
4.32 0
4.33 0
4.34 0
4.35 0
4.36 9
4.37 19
4.38 27
4.39 35
4.4 27
4.41 8
4.42 0
4.43 0
4.44 0
4.45 3
4.46 11
4.47 18
4.48 27
4.49 36
4.5 28
4.51 7
4.52 0
4.53 0
4.54 0
4.55 0
4.56 11
4.57 20
4.58 26
4.59 34
4.6 28
4.61 12
4.62 0
4.63 0
4.64 0
4.65 6
4.66 14
4.67 22
4.68 30
4.69 37
4.7 27
4.71 0
4.72 0
4.73 0
4.74 0
4.75 6
4.76 16
4.77 23
4.78 30
4.79 38
4.8 28
4.81 0
4.82 0
4.83 0
4.84 0
4.85 0
4.86 6
4.87 15
4.88 22
4.89 30
4.9 37
4.91 28
4.92 0
4.93 0
4.94 0
4.95 0
4.96 0
4.97 8
4.98 14
4.99 21
5 27
5.01 31
5.02 26
5.03 10
5.04 0
5.05 0
5.06 0
5.07 0
5.08 1
5.09 8
5.1 15
5.11 21
5.12 27
5.13 34
5.14 27
5.15 6
5.16 0
5.17 0
5.18 0
5.19 0
5.2 2
5.21 10
5.22 17
5.23 25
5.24 31
5.25 27
5.26 16
5.27 0
5.28 0
5.29 0
5.3 0
5.31 7
5.32 16
5.33 22
5.34 27
5.35 33
5.36 27
5.37 4
5.38 0
5.39 0
5.4 0
5.41 0
5.42 3
5.43 11
5.44 16
5.45 23
5.46 29
5.47 35
5.48 27
5.49 0
5.5 0
5.51 0
5.52 0
5.53 0
5.54 1
5.55 8
5.56 16
5.57 22
5.58 28
5.59 33
5.6 26
5.61 0
5.62 0
5.63 0
5.64 0
5.65 0
5.66 6
5.67 14
5.68 20
5.69 27
5.7 34
5.71 29
5.72 23
5.73 0
5.74 0
5.75 2
5.76 10
5.77 17
5.78 24
5.79 32
5.8 26
5.81 0
5.82 0
5.83 0
5.84 0
5.85 0
5.86 7
5.87 15
5.88 22
5.89 29
5.9 36
5.91 28
5.92 1
5.93 0
5.94 0
5.95 6
5.96 13
5.97 23
5.98 30
5.99 37
6 27
6.01 0
6.02 0
6.03 8
6.04 19
6.05 27
6.06 35
6.07 27
6.08 0
6.09 0
6.1 0
6.11 0
6.12 0
6.13 0
6.14 11
6.15 19
6.16 27
6.17 35
6.18 27
6.19 25
6.2 0
6.21 0
6.22 0
6.23 0
6.24 3
6.25 12
6.26 22
6.27 28
6.28 35
6.29 27
6.3 5
6.31 0
6.32 0
6.33 0
6.34 6
6.35 16
6.36 23
6.37 31
6.38 30
6.39 22
6.4 0
6.41 0
6.42 0
6.43 0
6.44 10
6.45 19
6.46 24
6.47 31
6.48 27
6.49 27
6.5 0
6.51 0
6.52 0
6.53 7
6.54 16
6.55 24
6.56 32
6.57 26
6.58 16
6.59 0
6.6 0
6.61 0
6.62 0
6.63 0
6.64 9
6.65 17
6.66 23
6.67 31
6.68 33
6.69 25
6.7 0
6.71 0
6.72 0
6.73 0
6.74 0
6.75 8
6.76 16
6.77 23
6.78 30
6.79 38
6.8 28
6.81 0
6.82 0
6.83 0
6.84 4
6.85 11
6.86 20
6.87 26
6.88 34
6.89 26
6.9 11
6.91 0
6.92 0
6.93 0
6.94 0
6.95 1
6.96 10
6.97 17
6.98 26
6.99 34
7 28
7.01 7
7.02 0
7.03 0
7.04 0
7.05 0
7.06 9
7.07 16
7.08 25
7.09 33
7.1 27
7.11 21
7.12 0
7.13 0
7.14 0
7.15 0
7.16 5
7.17 16
7.18 24
7.19 31
7.2 37
7.21 27
7.22 0
7.23 0
7.24 0
7.25 0
7.26 0
7.27 5
7.28 14
7.29 21
7.3 29
7.31 35
7.32 28
7.33 12
7.34 0
7.35 0
7.36 0
7.37 6
7.38 14
7.39 21
7.4 29
7.41 35
7.42 27
7.43 0
7.44 0
7.45 0
7.46 0
7.47 5
7.48 12
7.49 21
7.5 29
7.51 36
7.52 27
7.53 8
7.54 0
7.55 0
7.56 4
7.57 15
7.58 23
7.59 28
7.6 35
7.61 27
7.62 11
7.63 0
7.64 0
7.65 1
7.66 12
7.67 20
7.68 28
7.69 36
7.7 27
7.71 6
7.72 0
7.73 0
7.74 0
7.75 8
7.76 17
7.77 26
7.78 34
7.79 27
7.8 19
7.81 0
7.82 4
7.83 14
7.84 22
7.85 32
7.86 28
7.87 13
7.88 0
7.89 0
7.9 0
7.91 0
7.92 8
7.93 16
7.94 24
7.95 35
7.96 29
7.97 23
7.98 0
7.99 0
8 0
8.01 2
8.02 13
8.03 20
8.04 27
8.05 37
8.06 28
8.07 0
8.08 0
8.09 0
8.1 0
8.11 5
8.12 15
8.13 25
8.14 32
8.15 27
8.16 23
8.17 4
8.18 0
8.19 0
8.2 0
8.21 9
8.22 18
8.23 26
8.24 35
8.25 27
8.26 24
8.27 0
8.28 0
8.29 0
8.3 2
8.31 11
8.32 20
8.33 28
8.34 37
8.35 27
8.36 7
8.37 0
8.38 0
8.39 0
8.4 0
8.41 4
8.42 11
8.43 19
8.44 27
8.45 34
8.46 27
8.47 11
8.48 0
8.49 0
8.5 0
8.51 0
8.52 1
8.53 9
8.54 19
8.55 27
8.56 34
8.57 27
8.58 17
8.59 0
8.6 0
8.61 8
8.62 16
8.63 25
8.64 32
8.65 26
8.66 6
8.67 0
8.68 0
8.69 0
8.7 4
8.71 13
8.72 21
8.73 29
8.74 35
8.75 27
8.76 4
8.77 0
8.78 0
8.79 0
8.8 0
8.81 2
8.82 8
8.83 17
8.84 25
8.85 31
8.86 27
8.87 21
8.88 0
8.89 0
8.9 0
8.91 0
8.92 4
8.93 13
8.94 21
8.95 28
8.96 36
8.97 27
8.98 5
8.99 0
9 0
9.01 0
9.02 4
9.03 12
9.04 21
9.05 29
9.06 36
9.07 27
9.08 0
9.09 0
9.1 0
9.11 0
9.12 9
9.13 17
9.14 25
9.15 33
9.16 28
9.17 4
9.18 0
9.19 0
9.2 0
9.21 6
9.22 15
9.23 22
9.24 30
9.25 37
9.26 27
9.27 0
9.28 0
9.29 0
9.3 1
9.31 9
9.32 16
9.33 24
9.34 31
9.35 27
9.36 15
9.37 0
9.38 0
9.39 0
9.4 2
9.41 13
9.42 22
9.43 30
9.44 39
9.45 28
9.46 0
9.47 0
9.48 0
9.49 0
9.5 4
9.51 14
9.52 23
9.53 31
9.54 39
9.55 28
9.56 0
9.57 0
9.58 0
9.59 0
9.6 0
9.61 6
9.62 15
9.63 23
9.64 32
9.65 40
9.66 29
9.67 0
9.68 0
9.69 0
9.7 0
9.71 2
9.72 12
9.73 22
9.74 30
9.75 37
9.76 27
9.77 2
9.78 0
9.79 0
9.8 0
9.81 0
9.82 6
9.83 14
9.84 20
9.85 27
9.86 35
9.87 27
9.88 21
9.89 0
9.9 0
9.91 2
9.92 11
9.93 18
9.94 27
9.95 33
9.96 27
9.97 9
9.98 0
9.99 0
10 2
10.01 11
10.02 19
10.03 27
10.04 34
10.05 27
10.06 19
10.07 0
10.08 0
10.09 0
10.1 4
10.11 12
10.12 19
10.13 27
10.14 35
10.15 29
10.16 7
10.17 0
10.18 0
10.19 0
10.2 3
10.21 11
10.22 20
10.23 26
10.24 32
10.25 28
10.26 19
10.27 0
10.28 0
10.29 0
10.3 2
10.31 10
10.32 19
10.33 26
10.34 33
10.35 28
10.36 24
10.37 0
10.38 0
10.39 0
10.4 0
10.41 0
10.42 7
10.43 15
10.44 23
10.45 30
10.46 37
10.47 26
10.48 0
10.49 0
10.5 0
10.51 0
10.52 9
10.53 17
10.54 24
10.55 31
10.56 30
10.57 23
10.58 0
10.59 0
10.6 0
10.61 8
10.62 16
10.63 24
10.64 32
10.65 27
10.66 17
10.67 0
10.68 0
10.69 0
10.7 0
10.71 8
10.72 15
10.73 23
10.74 30
10.75 37
10.76 27
10.77 9
10.78 0
10.79 0
10.8 6
10.81 17
10.82 26
10.83 31
10.84 25
10.85 11
10.86 0
10.87 0
10.88 4
10.89 13
10.9 24
10.91 33
10.92 28
10.93 16
10.94 0
10.95 0
10.96 2
10.97 13
10.98 18
10.99 27
11 36
11.01 27
11.02 0
11.03 0
11.04 0
11.05 0
11.06 1
11.07 10
11.08 20
11.09 29
11.1 37
11.11 29
11.12 1
11.13 0
11.14 0
11.15 0
11.16 0
11.17 7
11.18 15
11.19 22
11.2 30
11.21 37
11.22 28
11.23 0
11.24 0
11.25 0
11.26 0
11.27 6
11.28 14
11.29 22
11.3 30
11.31 37
11.32 27
11.33 13
11.34 0
11.35 0
11.36 0
11.37 0
11.38 4
11.39 12
11.4 21
11.41 29
11.42 36
11.43 28
11.44 19
11.45 0
11.46 0
11.47 0
11.48 2
11.49 10
11.5 18
11.51 26
11.52 31
11.53 27
11.54 22
11.55 0
11.56 0
11.57 0
11.58 0
11.59 6
11.6 13
11.61 22
11.62 28
11.63 33
11.64 26
11.65 6
11.66 0
11.67 0
11.68 0
11.69 4
11.7 12
11.71 20
11.72 25
11.73 33
11.74 28
11.75 5
11.76 0
11.77 0
11.78 0
11.79 0
11.8 9
11.81 16
11.82 23
11.83 31
11.84 29
11.85 23
11.86 0
11.87 0
11.88 0
11.89 0
11.9 8
11.91 15
11.92 21
11.93 28
11.94 36
11.95 27
11.96 13
11.97 0
11.98 0
11.99 0
12 1
12.01 9
12.02 18
12.03 24
12.04 34
12.05 29
12.06 22
12.07 0
12.08 0
12.09 0
12.1 7
12.11 16
12.12 24
12.13 33
12.14 28
12.15 19
12.16 0
12.17 0
12.18 0
12.19 2
12.2 11
12.21 20
12.22 27
12.23 35
12.24 28
12.25 8
12.26 0
12.27 0
12.28 0
12.29 6
12.3 14
12.31 23
12.32 31
12.33 27
12.34 25
12.35 0
12.36 0
12.37 0
12.38 0
12.39 6
12.4 14
12.41 22
12.42 28
12.43 35
12.44 27
12.45 8
12.46 0
12.47 1
12.48 11
12.49 21
12.5 26
12.51 34
12.52 26
12.53 7
12.54 0
12.55 0
12.56 2
12.57 11
12.58 21
12.59 27
12.6 35
12.61 26
12.62 20
12.63 0
12.64 0
12.65 0
12.66 0
12.67 1
12.68 11
12.69 19
12.7 28
12.71 35
12.72 28
12.73 8
12.74 0
12.75 0
12.76 0
12.77 5
12.78 14
12.79 23
12.8 31
12.81 29
12.82 21
12.83 0
12.84 0
12.85 0
12.86 0
12.87 9
12.88 19
12.89 26
12.9 35
12.91 28
12.92 24
12.93 0
12.94 0
12.95 0
12.96 0
12.97 6
12.98 14
12.99 21
13 27
13.01 36
13.02 27
13.03 0
13.04 0
13.05 0
13.06 0
13.07 0
13.08 6
13.09 13
13.1 22
13.11 30
13.12 38
13.13 28
13.14 0
13.15 0
13.16 0
13.17 0
13.18 0
13.19 1
13.2 10
13.21 17
13.22 26
13.23 33
13.24 28
13.25 22
13.26 0
13.27 0
13.28 0
13.29 7
13.3 15
13.31 23
13.32 32
13.33 32
13.34 25
13.35 0
13.36 0
13.37 0
13.38 0
13.39 7
13.4 15
13.41 22
13.42 30
13.43 35
13.44 28
13.45 16
13.46 0
13.47 0
13.48 0
13.49 0
13.5 3
13.51 10
13.52 20
13.53 28
13.54 34
13.55 28
13.56 7
13.57 0
13.58 0
13.59 0
13.6 7
13.61 16
13.62 22
13.63 31
13.64 38
13.65 27
13.66 0
13.67 0
13.68 0
13.69 0
13.7 0
13.71 6
13.72 14
13.73 22
13.74 29
13.75 37
13.76 28
13.77 12
13.78 0
13.79 0
13.8 0
13.81 0
13.82 4
13.83 13
13.84 20
13.85 28
13.86 36
13.87 28
13.88 3
13.89 0
13.9 0
13.91 0
13.92 5
13.93 14
13.94 22
13.95 30
13.96 37
13.97 27
13.98 0
13.99 0
14 0
14.01 0
14.02 2
14.03 12
14.04 21
14.05 29
14.06 38
14.07 28
14.08 13
14.09 0
14.1 0
14.11 0
14.12 0
14.13 10
14.14 18
14.15 25
14.16 33
14.17 27
14.18 15
14.19 0
14.2 0
14.21 0
14.22 2
14.23 11
14.24 14
14.25 20
14.26 27
14.27 33
14.28 26
14.29 0
14.3 0
14.31 0
14.32 0
14.33 0
14.34 5
14.35 10
14.36 7
14.37 13
14.38 21
14.39 26
14.4 33
14.41 28
14.42 12
14.43 0
14.44 0
14.45 0
14.46 0
14.47 5
14.48 12
14.49 20
14.5 26
14.51 31
14.52 26
14.53 14
14.54 0
14.55 0
14.56 5
14.57 11
14.58 18
14.59 24
14.6 31
14.61 25
14.62 14
14.63 0
14.64 0
14.65 0
14.66 5
14.67 12
14.68 19
14.69 26
14.7 33
14.71 27
14.72 22
14.73 0
14.74 0
14.75 0
14.76 0
14.77 4
14.78 9
14.79 16
14.8 22
14.81 30
14.82 34
14.83 28
14.84 0
14.85 0
14.86 0
14.87 0
14.88 5
14.89 12
14.9 18
14.91 25
14.92 31
14.93 27
14.94 12
14.95 0
14.96 0
14.97 0
14.98 0
14.99 8
15 12
15.01 19
15.02 26
15.03 33
15.04 27
15.05 16
15.06 0
15.07 0
15.08 0
15.09 0
15.1 0
15.11 9
15.12 16
15.13 24
15.14 32
15.15 28
15.16 21
15.17 0
15.18 0
15.19 0
15.2 0
15.21 0
15.22 8
15.23 17
15.24 25
15.25 30
15.26 37
15.27 28
15.28 0
15.29 0
15.3 0
15.31 1
15.32 11
15.33 20
15.34 31
15.35 37
15.36 28
15.37 4
15.38 0
15.39 0
15.4 0
15.41 1
15.42 12
15.43 21
15.44 30
15.45 39
15.46 28
15.47 11
15.48 0
15.49 0
15.5 6
15.51 15
15.52 24
15.53 31
15.54 27
15.55 17
15.56 0
15.57 0
15.58 0
15.59 0
15.6 7
15.61 18
15.62 26
15.63 34
15.64 27
15.65 15
15.66 0
15.67 0
15.68 0
15.69 4
15.7 13
15.71 22
15.72 31
15.73 37
15.74 27
15.75 2
15.76 0
15.77 0
15.78 0
15.79 0
15.8 8
15.81 16
15.82 22
15.83 23
15.84 26
15.85 34
15.86 27
15.87 0
15.88 0
15.89 0
15.9 0
15.91 5
15.92 13
15.93 22
15.94 29
15.95 36
15.96 27
15.97 0
15.98 0
15.99 0
16 7
16.01 12
16.02 21
16.03 28
16.04 36
16.05 27
16.06 4
16.07 0
16.08 0
16.09 7
16.1 13
16.11 21
16.12 29
16.13 37
16.14 28
16.15 0
16.16 0
16.17 0
16.18 0
16.19 0
16.2 0
16.21 9
16.22 17
16.23 25
16.24 32
16.25 27
16.26 27
16.27 0
16.28 0
16.29 0
16.3 3
16.31 11
16.32 18
16.33 27
16.34 34
16.35 27
16.36 12
16.37 0
16.38 2
16.39 9
16.4 14
16.41 21
16.42 28
16.43 35
16.44 26
16.45 0
16.46 0
16.47 0
16.48 0
16.49 8
16.5 17
16.51 26
16.52 32
16.53 28
16.54 24
16.55 0
16.56 0
16.57 0
16.58 0
16.59 0
16.6 0
16.61 0
16.62 1
16.63 8
16.64 15
16.65 21
16.66 28
16.67 34
16.68 27
16.69 13
16.7 0
16.71 0
16.72 0
16.73 0
16.74 6
16.75 15
16.76 23
16.77 31
16.78 38
16.79 27
16.8 0
16.81 0
16.82 0
16.83 0
16.84 6
16.85 14
16.86 20
16.87 27
16.88 35
16.89 27
16.9 11
16.91 0
16.92 0
16.93 9
16.94 16
16.95 23
16.96 30
16.97 26
16.98 9
16.99 0
17 0
17.01 0
17.02 0
17.03 0
17.04 7
17.05 16
17.06 22
17.07 29
17.08 36
17.09 27
17.1 0
17.11 0
17.12 0
17.13 0
17.14 1
17.15 8
17.16 15
17.17 21
17.18 28
17.19 34
17.2 27
17.21 0
17.22 0
17.23 0
17.24 0
17.25 0
17.26 4
17.27 12
17.28 19
17.29 24
17.3 30
17.31 33
17.32 25
17.33 0
17.34 0
17.35 0
17.36 0
17.37 0
17.38 6
17.39 13
17.4 20
17.41 27
17.42 31
17.43 26
17.44 24
17.45 0
17.46 0
17.47 0
17.48 0
17.49 0
17.5 4
17.51 11
17.52 17
17.53 24
17.54 31
17.55 27
17.56 20
17.57 0
17.58 0
17.59 7
17.6 13
17.61 21
17.62 28
17.63 35
17.64 25
17.65 5
17.66 0
17.67 0
17.68 0
17.69 0
17.7 0
17.71 6
17.72 14
17.73 22
17.74 31
17.75 38
17.76 27
17.77 0
17.78 0
17.79 0
17.8 0
17.81 0
17.82 6
17.83 14
17.84 21
17.85 27
17.86 33
17.87 27
17.88 2
17.89 0
17.9 0
17.91 0
17.92 0
17.93 0
17.94 6
17.95 13
17.96 20
17.97 27
17.98 33
17.99 28
18 23
18.01 0
18.02 0
18.03 0
18.04 0
18.05 0
18.06 6
18.07 12
18.08 19
18.09 26
18.1 32
18.11 27
18.12 16
18.13 0
18.14 0
18.15 2
18.16 10
18.17 19
18.18 26
18.19 32
18.2 27
18.21 16
18.22 0
18.23 0
18.24 0
18.25 0
18.26 7
18.27 15
18.28 23
18.29 31
18.3 37
18.31 27
18.32 7
18.33 0
18.34 4
18.35 11
18.36 21
18.37 28
18.38 35
18.39 26
18.4 5
18.41 0
18.42 0
18.43 0
18.44 9
18.45 18
18.46 25
18.47 32
18.48 27
18.49 19
18.5 3
18.51 9
18.52 16
18.53 26
18.54 33
18.55 24
18.56 0
18.57 0
18.58 0
18.59 0
18.6 1
18.61 8
18.62 18
18.63 26
18.64 32
18.65 27
18.66 13
18.67 0
18.68 0
18.69 0
18.7 0
18.71 4
18.72 11
18.73 16
18.74 22
18.75 31
18.76 27
18.77 25
18.78 0
18.79 0
18.8 0
18.81 4
18.82 11
18.83 18
18.84 26
18.85 33
18.86 27
18.87 21
18.88 0
18.89 0
18.9 0
18.91 0
18.92 5
18.93 13
18.94 20
18.95 28
18.96 34
18.97 27
18.98 10
18.99 0
19 0
19.01 0
19.02 0
19.03 5
19.04 15
19.05 24
19.06 30
19.07 36
19.08 27
19.09 0
19.1 0
19.11 0
19.12 0
19.13 0
19.14 0
19.15 6
19.16 15
19.17 23
19.18 30
19.19 36
19.2 27
19.21 11
19.22 0
19.23 0
19.24 0
19.25 8
19.26 15
19.27 23
19.28 31
19.29 27
19.3 25
19.31 8
19.32 0
19.33 0
19.34 0
19.35 7
19.36 14
19.37 22
19.38 18
19.39 21
19.4 27
19.41 32
19.42 24
19.43 0
19.44 0
19.45 0
19.46 0
19.47 0
19.48 4
19.49 11
19.5 18
19.51 26
19.52 32
19.53 27
19.54 20
19.55 0
19.56 0
19.57 6
19.58 11
19.59 16
19.6 24
19.61 31
19.62 26
19.63 14
19.64 0
19.65 0
19.66 0
19.67 0
19.68 0
19.69 3
19.7 10
19.71 19
19.72 25
19.73 31
19.74 27
19.75 22
19.76 0
19.77 2
19.78 8
19.79 16
19.8 23
19.81 31
19.82 27
19.83 20
19.84 0
19.85 0
19.86 0
19.87 0
19.88 0
19.89 1
19.9 11
19.91 20
19.92 26
19.93 34
19.94 28
19.95 20
19.96 0
19.97 0
19.98 0
19.99 2
20 11
20.01 20
20.02 26
20.03 34
20.04 29
20.05 13
20.06 0
20.07 0
20.08 0
20.09 0
20.1 9
20.11 16
20.12 23
20.13 31
20.14 37
20.15 27
20.16 0
20.17 0
20.18 0
20.19 0
20.2 7
20.21 16
20.22 23
20.23 31
20.24 38
20.25 28
20.26 0
20.27 0
20.28 0
20.29 0
20.3 9
20.31 18
20.32 27
20.33 36
20.34 27
20.35 19
20.36 0
20.37 0
20.38 0
20.39 0
20.4 5
20.41 1
20.42 9
20.43 17
20.44 25
20.45 33
20.46 27
20.47 22
20.48 0
20.49 0
20.5 0
20.51 6
20.52 12
20.53 19
20.54 25
20.55 32
20.56 28
20.57 15
20.58 0
20.59 0
20.6 0
20.61 0
20.62 6
20.63 12
20.64 19
20.65 27
20.66 34
20.67 28
20.68 6
20.69 0
20.7 0
20.71 0
20.72 0
20.73 0
20.74 7
20.75 13
20.76 19
20.77 25
20.78 32
20.79 27
20.8 16
20.81 0
20.82 0
20.83 0
20.84 0
20.85 0
20.86 5
20.87 12
20.88 18
20.89 24
20.9 30
20.91 35
20.92 27
20.93 12
20.94 0
20.95 0
20.96 0
20.97 0
20.98 1
20.99 8
21 15
21.01 22
21.02 28
21.03 33
21.04 27
21.05 21
21.06 0
21.07 0
21.08 3
21.09 9
21.1 17
21.11 22
21.12 28
21.13 35
21.14 26
21.15 0
21.16 0
21.17 0
21.18 0
21.19 0
21.2 0
21.21 0
21.22 0
21.23 1
21.24 8
21.25 14
21.26 20
21.27 25
21.28 30
21.29 28
21.3 18
21.31 0
21.32 0
21.33 0
21.34 0
21.35 0
21.36 0
21.37 1
21.38 11
21.39 17
21.4 22
21.41 29
21.42 35
21.43 27
21.44 0
21.45 0
21.46 0
21.47 4
21.48 13
21.49 20
21.5 26
21.51 33
21.52 27
21.53 13
21.54 0
21.55 0
21.56 1
21.57 8
21.58 16
21.59 23
21.6 31
21.61 25
21.62 26
21.63 0
21.64 0
21.65 0
21.66 0
21.67 0
21.68 6
21.69 15
21.7 22
21.71 30
21.72 37
21.73 28
21.74 2
21.75 0
21.76 0
21.77 3
21.78 11
21.79 19
21.8 26
21.81 34
21.82 28
21.83 15
21.84 0
21.85 0
21.86 0
21.87 4
21.88 10
21.89 18
21.9 27
21.91 34
21.92 27
21.93 17
21.94 0
21.95 0
21.96 4
21.97 12
21.98 20
21.99 26
22 34
22.01 27
22.02 14
22.03 0
22.04 0
22.05 0
22.06 4
22.07 12
22.08 18
22.09 25
22.1 33
22.11 27
22.12 15
22.13 0
22.14 0
22.15 0
22.16 6
22.17 19
22.18 29
22.19 36
22.2 26
22.21 0
22.22 0
22.23 0
22.24 2
22.25 12
22.26 18
22.27 25
22.28 33
22.29 26
22.3 19
22.31 0
22.32 0
22.33 0
22.34 0
22.35 0
22.36 7
22.37 14
22.38 22
22.39 31
22.4 38
22.41 29
22.42 0
22.43 0
22.44 0
22.45 0
22.46 7
22.47 14
22.48 23
22.49 31
22.5 38
22.51 28
22.52 0
22.53 0
22.54 0
22.55 0
22.56 2
22.57 11
22.58 18
22.59 26
22.6 34
22.61 28
22.62 20
22.63 0
22.64 0
22.65 2
22.66 10
22.67 14
22.68 23
22.69 31
22.7 26
22.71 18
22.72 0
22.73 0
22.74 0
22.75 4
22.76 13
22.77 21
22.78 29
22.79 36
22.8 28
22.81 12
22.82 0
22.83 0
22.84 0
22.85 4
22.86 13
22.87 21
22.88 29
22.89 36
22.9 27
22.91 1
22.92 0
22.93 0
22.94 7
22.95 14
22.96 23
22.97 30
22.98 27
22.99 18
23 0
23.01 0
23.02 0
23.03 4
23.04 13
23.05 20
23.06 27
23.07 36
23.08 28
23.09 23
23.1 0
23.11 0
23.12 0
23.13 0
23.14 6
23.15 19
23.16 27
23.17 36
23.18 27
23.19 13
23.2 0
23.21 0
23.22 2
23.23 11
23.24 19
23.25 26
23.26 34
23.27 27
23.28 2
23.29 0
23.3 0
23.31 0
23.32 5
23.33 13
23.34 22
23.35 29
23.36 35
23.37 27
23.38 0
23.39 0
23.4 0
23.41 1
23.42 10
23.43 20
23.44 27
23.45 36
23.46 29
23.47 0
23.48 0
23.49 0
23.5 0
23.51 0
23.52 7
23.53 14
23.54 23
23.55 32
23.56 27
23.57 20
23.58 0
23.59 0
23.6 0
23.61 0
23.62 1
23.63 11
23.64 20
23.65 28
23.66 36
23.67 28
23.68 8
23.69 0
23.7 0
23.71 4
23.72 15
23.73 23
23.74 31
23.75 29
23.76 22
23.77 0
23.78 0
23.79 0
23.8 0
23.81 9
23.82 17
23.83 25
23.84 33
23.85 30
23.86 9
23.87 0
23.88 0
23.89 0
23.9 0
23.91 4
23.92 13
23.93 22
23.94 32
23.95 40
23.96 28
23.97 10
23.98 0
23.99 0
24 0
24.01 2
24.02 12
24.03 21
24.04 29
24.05 38
24.06 27
24.07 0
24.08 0
24.09 0
24.1 0
24.11 0
24.12 9
24.13 18
24.14 28
24.15 36
24.16 28
24.17 6
24.18 0
24.19 0
24.2 0
24.21 0
24.22 2
24.23 13
24.24 23
24.25 30
24.26 38
24.27 29
24.28 11
24.29 0
24.3 4
24.31 13
24.32 21
24.33 29
24.34 34
24.35 26
24.36 1
24.37 0
24.38 0
24.39 9
24.4 17
24.41 25
24.42 33
24.43 26
24.44 11
24.45 0
24.46 0
24.47 0
24.48 0
24.49 8
24.5 15
24.51 23
24.52 32
24.53 28
24.54 21
24.55 0
24.56 0
24.57 0
24.58 7
24.59 15
24.6 22
24.61 32
24.62 26
24.63 15
24.64 0
24.65 0
24.66 0
24.67 1
24.68 11
24.69 20
24.7 27
24.71 35
24.72 26
24.73 5
24.74 0
24.75 0
24.76 10
24.77 16
24.78 26
24.79 33
24.8 26
24.81 13
24.82 0
24.83 0
24.84 0
24.85 0
24.86 3
24.87 11
24.88 19
24.89 27
24.9 33
24.91 27
24.92 3
24.93 0
24.94 0
24.95 0
24.96 0
24.97 1
24.98 11
24.99 19
25 27
25.01 35
25.02 27
25.03 18
25.04 0
25.05 0
25.06 0
25.07 0
25.08 0
25.09 8
25.1 16
25.11 22
25.12 28
25.13 35
25.14 26
25.15 13
25.16 0
25.17 3
25.18 10
25.19 18
25.2 26
25.21 33
25.22 25
25.23 2
25.24 0
25.25 0
25.26 0
25.27 5
25.28 14
25.29 20
25.3 28
25.31 35
25.32 26
25.33 0
25.34 0
25.35 0
25.36 0
25.37 0
25.38 8
25.39 16
25.4 23
25.41 30
25.42 37
25.43 27
25.44 0
25.45 0
25.46 0
25.47 0
25.48 0
25.49 6
25.5 13
25.51 20
25.52 28
25.53 35
25.54 27
25.55 4
25.56 0
25.57 3
25.58 11
25.59 18
25.6 26
25.61 31
25.62 25
25.63 8
25.64 0
25.65 0
25.66 0
25.67 1
25.68 10
25.69 18
25.7 24
25.71 31
25.72 26
25.73 19
25.74 0
25.75 0
25.76 0
25.77 0
25.78 0
25.79 9
25.8 16
25.81 25
25.82 31
25.83 27
25.84 15
25.85 0
25.86 0
25.87 0
25.88 0
25.89 7
25.9 14
25.91 23
25.92 32
25.93 39
25.94 27
25.95 3
25.96 0
25.97 0
25.98 0
25.99 8
26 15
26.01 26
26.02 36
26.03 28
26.04 25
26.05 0
26.06 0
26.07 0
26.08 2
26.09 11
26.1 20
26.11 28
26.12 38
26.13 27
26.14 7
26.15 0
26.16 0
26.17 3
26.18 13
26.19 20
26.2 29
26.21 37
26.22 27
26.23 0
26.24 0
26.25 0
26.26 0
26.27 3
26.28 13
26.29 20
26.3 28
26.31 37
26.32 29
26.33 8
26.34 0
26.35 0
26.36 0
26.37 6
26.38 14
26.39 22
26.4 29
26.41 38
26.42 28
26.43 0
26.44 0
26.45 0
26.46 0
26.47 2
26.48 9
26.49 18
26.5 24
26.51 33
26.52 28
26.53 18
26.54 0
26.55 0
26.56 0
26.57 1
26.58 8
26.59 15
26.6 23
26.61 32
26.62 27
26.63 23
26.64 0
26.65 0
26.66 0
26.67 0
26.68 8
26.69 15
26.7 24
26.71 31
26.72 27
26.73 19
26.74 0
26.75 0
26.76 0
26.77 0
26.78 0
26.79 0
26.8 5
26.81 12
26.82 19
26.83 25
26.84 31
26.85 27
26.86 16
26.87 0
26.88 0
26.89 0
26.9 0
26.91 0
26.92 4
26.93 11
26.94 19
26.95 25
26.96 32
26.97 26
26.98 18
26.99 0
27 0
27.01 0
27.02 0
27.03 0
27.04 7
27.05 13
27.06 19
27.07 25
27.08 31
27.09 28
27.1 16
27.11 0
27.12 0
27.13 0
27.14 0
27.15 0
27.16 6
27.17 14
27.18 21
27.19 29
27.2 35
27.21 27
27.22 2
27.23 0
27.24 0
27.25 0
27.26 0
27.27 0
27.28 5
27.29 13
27.3 20
27.31 25
27.32 31
27.33 27
27.34 11
27.35 0
27.36 0
27.37 0
27.38 0
27.39 0
27.4 4
27.41 12
27.42 20
27.43 27
27.44 35
27.45 28
27.46 9
27.47 0
27.48 0
27.49 0
27.5 0
27.51 3
27.52 10
27.53 19
27.54 27
27.55 32
27.56 26
27.57 9
27.58 0
27.59 0
27.6 0
27.61 0
27.62 1
27.63 11
27.64 19
27.65 26
27.66 33
27.67 27
27.68 26
27.69 0
27.7 0
27.71 0
27.72 2
27.73 12
27.74 20
27.75 30
27.76 37
27.77 30
27.78 6
27.79 0
27.8 0
27.81 0
27.82 10
27.83 17
27.84 23
27.85 30
27.86 27
27.87 19
27.88 0
27.89 0
27.9 0
27.91 3
27.92 13
27.93 21
27.94 29
27.95 37
27.96 26
27.97 0
27.98 0
27.99 0
28 0
28.01 4
28.02 15
28.03 23
28.04 30
28.05 38
28.06 26
28.07 0
28.08 0
28.09 0
28.1 0
28.11 0
28.12 10
28.13 18
28.14 25
28.15 34
28.16 28
28.17 5
28.18 0
28.19 0
28.2 0
28.21 0
28.22 0
28.23 6
28.24 14
28.25 22
28.26 30
28.27 36
28.28 27
28.29 0
28.3 0
28.31 0
28.32 0
28.33 0
28.34 4
28.35 12
28.36 22
28.37 30
28.38 37
28.39 28
28.4 4
28.41 0
28.42 1
28.43 6
28.44 16
28.45 23
28.46 28
28.47 28
28.48 24
28.49 0
28.5 0
28.51 0
28.52 0
28.53 2
28.54 10
28.55 18
28.56 26
28.57 32
28.58 27
28.59 25
28.6 0
28.61 0
28.62 0
28.63 4
28.64 11
28.65 20
28.66 27
28.67 34
28.68 25
28.69 9
28.7 0
28.71 0
28.72 0
28.73 9
28.74 18
28.75 25
28.76 32
28.77 27
28.78 17
28.79 0
28.8 0
28.81 0
28.82 2
28.83 11
28.84 18
28.85 25
28.86 33
28.87 27
28.88 20
28.89 3
28.9 7
28.91 14
28.92 23
28.93 30
28.94 25
28.95 9
28.96 0
28.97 0
28.98 0
28.99 0
29 0
29.01 10
29.02 16
29.03 25
29.04 33
29.05 26
29.06 23
29.07 0
29.08 0
29.09 0
29.1 0
29.11 6
29.12 15
29.13 22
29.14 29
29.15 36
29.16 26
29.17 12
29.18 0
29.19 0
29.2 0
29.21 0
29.22 5
29.23 13
29.24 21
29.25 28
29.26 34
29.27 25
29.28 8
29.29 0
29.3 5
29.31 16
29.32 23
29.33 30
29.34 36
29.35 27
29.36 0
29.37 0
29.38 0
29.39 6
29.4 14
29.41 22
29.42 28
29.43 33
29.44 28
29.45 0
29.46 0
29.47 0
29.48 0
29.49 0
29.5 6
29.51 16
29.52 23
29.53 29
29.54 37
29.55 28
29.56 0
29.57 0
29.58 0
29.59 0
29.6 0
29.61 6
29.62 14
29.63 21
29.64 27
29.65 34
29.66 27
29.67 0
29.68 0
29.69 0
29.7 0
29.71 0
29.72 3
29.73 12
29.74 20
29.75 27
29.76 35
29.77 28
29.78 6
29.79 0
29.8 0
29.81 7
29.82 14
29.83 22
29.84 29
29.85 37
29.86 28
29.87 1
29.88 0
29.89 0
29.9 0
29.91 4
29.92 12
29.93 20
29.94 28
29.95 35
29.96 27
29.97 11
29.98 0
29.99 0
30 0
30.01 8
30.02 16
30.03 24
30.04 31
30.05 35
30.06 26
30.07 0
30.08 0
30.09 0
30.1 6
30.11 14
30.12 21
30.13 28
30.14 36
30.15 28
30.16 12
30.17 0
30.18 0
30.19 0
30.2 8
30.21 18
30.22 27
30.23 36
30.24 29
30.25 23
30.26 0
30.27 0
30.28 5
30.29 15
30.3 22
30.31 31
30.32 36
30.33 28
30.34 0
30.35 0
30.36 0
30.37 0
30.38 4
30.39 13
30.4 21
30.41 30
30.42 37
30.43 29
30.44 0
30.45 0
30.46 0
30.47 0
30.48 0
30.49 8
30.5 18
30.51 26
30.52 33
30.53 27
30.54 14
30.55 0
30.56 0
30.57 0
30.58 6
30.59 15
30.6 23
30.61 30
30.62 37
30.63 27
30.64 0
30.65 0
30.66 0
30.67 0
30.68 3
30.69 13
30.7 22
30.71 30
30.72 38
30.73 27
30.74 14
30.75 0
30.76 0
30.77 9
30.78 16
30.79 24
30.8 32
30.81 27
30.82 12
30.83 0
30.84 0
30.85 0
30.86 0
30.87 3
30.88 11
30.89 20
30.9 28
30.91 35
30.92 25
30.93 28
30.94 15
30.95 0
30.96 0
30.97 0
30.98 6
30.99 13
31 21
31.01 28
31.02 35
31.03 27
31.04 4
31.05 0
31.06 0
31.07 0
31.08 0
31.09 9
31.1 20
31.11 27
31.12 34
31.13 27
31.14 20
31.15 0
31.16 0
31.17 0
31.18 0
31.19 0
31.2 0
31.21 0
31.22 3
31.23 10
31.24 17
31.25 22
31.26 28
31.27 36
31.28 28
31.29 3
31.3 0
31.31 4
31.32 10
31.33 18
31.34 24
31.35 30
31.36 25
31.37 21
31.38 0
31.39 0
31.4 0
31.41 0
31.42 2
31.43 9
31.44 15
31.45 22
31.46 28
31.47 35
31.48 28
31.49 2
31.5 0
31.51 0
31.52 0
31.53 0
31.54 3
31.55 9
31.56 16
31.57 23
31.58 31
31.59 36
31.6 27
31.61 0
31.62 0
31.63 0
31.64 0
31.65 5
31.66 12
31.67 20
31.68 27
31.69 32
31.7 26
31.71 19
31.72 0
31.73 0
31.74 0
31.75 0
31.76 0
31.77 5
31.78 12
31.79 19
31.8 26
31.81 31
31.82 27
31.83 24
31.84 0
31.85 0
31.86 0
31.87 0
31.88 6
31.89 15
31.9 23
31.91 30
31.92 37
31.93 26
31.94 0
31.95 0
31.96 0
31.97 0
31.98 8
31.99 14
32 23
32.01 31
32.02 36
32.03 26
32.04 0
32.05 0
32.06 0
32.07 0
32.08 7
32.09 15
32.1 21
32.11 28
32.12 34
32.13 27
32.14 0
32.15 0
32.16 0
32.17 0
32.18 9
32.19 19
32.2 28
32.21 37
32.22 27
32.23 5
32.24 0
32.25 0
32.26 0
32.27 6
32.28 15
32.29 23
32.3 30
32.31 39
32.32 27
32.33 0
32.34 0
32.35 0
32.36 0
32.37 0
32.38 10
32.39 19
32.4 27
32.41 34
32.42 27
32.43 20
32.44 0
32.45 0
32.46 0
32.47 0
32.48 0
32.49 6
32.5 13
32.51 18
32.52 18
32.53 19
32.54 24
32.55 30
32.56 26
32.57 19
32.58 0
32.59 0
32.6 0
32.61 5
32.62 12
32.63 19
32.64 26
32.65 32
32.66 28
32.67 8
32.68 0
32.69 0
32.7 4
32.71 11
32.72 19
32.73 26
32.74 32
32.75 26
32.76 2
32.77 0
32.78 0
32.79 0
32.8 0
32.81 0
32.82 0
32.83 2
32.84 9
32.85 17
32.86 24
32.87 31
32.88 37
32.89 27
32.9 0
32.91 0
32.92 0
32.93 0
32.94 0
32.95 2
32.96 9
32.97 15
32.98 22
32.99 28
33 33
33.01 27
33.02 3
33.03 0
33.04 0
33.05 0
33.06 0
33.07 1
33.08 8
33.09 15
33.1 22
33.11 28
33.12 34
33.13 27
33.14 11
33.15 0
33.16 0
33.17 0
33.18 3
33.19 10
33.2 18
33.21 23
33.22 29
33.23 35
33.24 27
33.25 0
33.26 0
33.27 0
33.28 0
33.29 0
33.3 2
33.31 8
33.32 15
33.33 21
33.34 29
33.35 35
33.36 28
33.37 6
33.38 0
33.39 0
33.4 0
33.41 6
33.42 14
33.43 22
33.44 28
33.45 37
33.46 28
33.47 0
33.48 0
33.49 0
33.5 8
33.51 13
33.52 23
33.53 31
33.54 28
33.55 24
33.56 0
33.57 0
33.58 0
33.59 9
33.6 17
33.61 25
33.62 34
33.63 27
33.64 5
33.65 0
33.66 0
33.67 0
33.68 5
33.69 14
33.7 21
33.71 29
33.72 37
33.73 27
33.74 0
33.75 0
33.76 0
33.77 0
33.78 4
33.79 12
33.8 21
33.81 30
33.82 37
33.83 29
33.84 0
33.85 0
33.86 0
33.87 0
33.88 4
33.89 15
33.9 23
33.91 32
33.92 30
33.93 23
33.94 0
33.95 0
33.96 0
33.97 11
33.98 21
33.99 26
34 33
34.01 27
34.02 17
34.03 0
34.04 0
34.05 0
34.06 9
34.07 19
34.08 28
34.09 34
34.1 26
34.11 0
34.12 0
34.13 0
34.14 0
34.15 9
34.16 16
34.17 25
34.18 32
34.19 26
34.2 13
34.21 0
34.22 0
34.23 0
34.24 3
34.25 12
34.26 20
34.27 28
34.28 36
34.29 27
34.3 0
34.31 0
34.32 0
34.33 0
34.34 5
34.35 15
34.36 22
34.37 30
34.38 39
34.39 27
34.4 0
34.41 0
34.42 0
34.43 3
34.44 12
34.45 21
34.46 30
34.47 38
34.48 26
34.49 0
34.5 0
34.51 0
34.52 0
34.53 10
34.54 18
34.55 27
34.56 36
34.57 27
34.58 16
34.59 0
34.6 0
34.61 0
34.62 1
34.63 10
34.64 18
34.65 28
34.66 37
34.67 27
34.68 1
34.69 0
34.7 0
34.71 0
34.72 7
34.73 17
34.74 26
34.75 34
34.76 27
34.77 17
34.78 0
34.79 0
34.8 5
34.81 13
34.82 20
34.83 27
34.84 34
34.85 26
34.86 7
34.87 0
34.88 0
34.89 0
34.9 0
34.91 4
34.92 12
34.93 19
34.94 27
34.95 34
34.96 28
34.97 8
34.98 0
34.99 0
35 4
35.01 13
35.02 21
35.03 29
35.04 36
35.05 28
35.06 15
35.07 0
35.08 0
35.09 2
35.1 12
35.11 19
35.12 26
35.13 34
35.14 27
35.15 2
35.16 0
35.17 0
35.18 0
35.19 3
35.2 10
35.21 18
35.22 26
35.23 34
35.24 28
35.25 20
35.26 0
35.27 0
35.28 4
35.29 13
35.3 20
35.31 28
35.32 34
35.33 27
35.34 0
35.35 0
35.36 0
35.37 0
35.38 0
35.39 2
35.4 8
35.41 17
35.42 24
35.43 31
35.44 38
35.45 26
35.46 0
35.47 0
35.48 0
35.49 0
35.5 8
35.51 18
35.52 25
35.53 32
35.54 27
35.55 24
35.56 0
35.57 0
35.58 0
35.59 0
35.6 6
35.61 14
35.62 22
35.63 30
35.64 37
35.65 27
35.66 7
35.67 0
35.68 0
35.69 0
35.7 0
35.71 1
35.72 8
35.73 16
35.74 22
35.75 29
35.76 37
35.77 27
35.78 4
35.79 0
35.8 0
35.81 0
35.82 0
35.83 6
35.84 13
35.85 22
35.86 29
35.87 39
35.88 28
35.89 0
35.9 0
35.91 0
35.92 0
35.93 0
35.94 9
35.95 18
35.96 26
35.97 34
35.98 30
35.99 12
36 0
36.01 0
36.02 4
36.03 13
36.04 21
36.05 29
36.06 38
36.07 27
36.08 0
36.09 0
36.1 0
36.11 0
36.12 6
36.13 15
36.14 24
36.15 30
36.16 31
36.17 23
36.18 0
36.19 0
36.2 0
36.21 0
36.22 9
36.23 18
36.24 28
36.25 35
36.26 28
36.27 18
36.28 0
36.29 0
36.3 0
36.31 2
36.32 11
36.33 17
36.34 24
36.35 31
36.36 28
36.37 22
36.38 0
36.39 0
36.4 0
36.41 11
36.42 19
36.43 25
36.44 35
36.45 29
36.46 16
36.47 0
36.48 1
36.49 12
36.5 22
36.51 30
36.52 36
36.53 27
36.54 0
36.55 0
36.56 0
36.57 0
36.58 4
36.59 13
36.6 20
36.61 26
36.62 33
36.63 27
36.64 10
36.65 0
36.66 0
36.67 0
36.68 0
36.69 4
36.7 11
36.71 19
36.72 25
36.73 32
36.74 26
36.75 17
36.76 0
36.77 0
36.78 0
36.79 0
36.8 0
36.81 8
36.82 15
36.83 24
36.84 32
36.85 28
36.86 20
36.87 0
36.88 0
36.89 0
36.9 0
36.91 6
36.92 13
36.93 20
36.94 27
36.95 34
36.96 27
36.97 6
36.98 0
36.99 0
37 0
37.01 0
37.02 1
37.03 10
37.04 19
37.05 27
37.06 35
37.07 27
37.08 1
37.09 0
37.1 0
37.11 0
37.12 0
37.13 3
37.14 13
37.15 20
37.16 27
37.17 34
37.18 27
37.19 20
37.2 0
37.21 0
37.22 0
37.23 3
37.24 11
37.25 17
37.26 25
37.27 31
37.28 28
37.29 28
37.3 0
37.31 0
37.32 3
37.33 13
37.34 20
37.35 27
37.36 34
37.37 26
37.38 6
37.39 0
37.4 0
37.41 3
37.42 11
37.43 21
37.44 27
37.45 34
37.46 26
37.47 0
37.48 0
37.49 0
37.5 0
37.51 0
37.52 9
37.53 19
37.54 29
37.55 39
37.56 28
37.57 4
37.58 0
37.59 0
37.6 0
37.61 0
37.62 4
37.63 13
37.64 23
37.65 32
37.66 39
37.67 28
37.68 12
37.69 0
37.7 0
37.71 5
37.72 15
37.73 23
37.74 29
37.75 36
37.76 26
37.77 0
37.78 0
37.79 0
37.8 2
37.81 10
37.82 18
37.83 26
37.84 34
37.85 27
37.86 17
37.87 0
37.88 0
37.89 5
37.9 13
37.91 22
37.92 30
37.93 38
37.94 28
37.95 0
37.96 0
37.97 0
37.98 0
37.99 5
38 13
38.01 21
38.02 28
38.03 35
38.04 27
38.05 0
38.06 0
38.07 0
38.08 0
38.09 2
38.1 8
38.11 17
38.12 23
38.13 29
38.14 36
38.15 27
38.16 13
38.17 0
38.18 0
38.19 0
38.2 0
38.21 1
38.22 9
38.23 15
38.24 22
38.25 28
38.26 34
38.27 26
38.28 7
38.29 0
38.3 0
38.31 0
38.32 2
38.33 10
38.34 16
38.35 23
38.36 28
38.37 33
38.38 26
38.39 8
38.4 0
38.41 0
38.42 0
38.43 0
38.44 0
38.45 6
38.46 14
38.47 19
38.48 26
38.49 32
38.5 27
38.51 2
38.52 0
38.53 0
38.54 0
38.55 0
38.56 0
38.57 6
38.58 13
38.59 20
38.6 27
38.61 34
38.62 27
38.63 3
38.64 0
38.65 0
38.66 0
38.67 3
38.68 13
38.69 21
38.7 29
38.71 35
38.72 28
38.73 2
38.74 0
38.75 0
38.76 0
38.77 2
38.78 10
38.79 19
38.8 27
38.81 34
38.82 29
38.83 14
38.84 0
38.85 0
38.86 0
38.87 6
38.88 15
38.89 23
38.9 31
38.91 36
38.92 27
38.93 4
38.94 0
38.95 0
38.96 0
38.97 1
38.98 12
38.99 18
39 25
39.01 31
39.02 28
39.03 27
39.04 0
39.05 0
39.06 0
39.07 0
39.08 10
39.09 19
39.1 28
39.11 34
39.12 27
39.13 26
39.14 0
39.15 0
39.16 0
39.17 4
39.18 15
39.19 23
39.2 32
39.21 28
39.22 19
39.23 0
39.24 0
39.25 0
39.26 2
39.27 11
39.28 23
39.29 32
39.3 39
39.31 27
39.32 0
39.33 0
39.34 0
39.35 5
39.36 14
39.37 24
39.38 32
39.39 28
39.4 22
39.41 0
39.42 0
39.43 0
39.44 6
39.45 15
39.46 22
39.47 33
39.48 27
39.49 9
39.5 0
39.51 0
39.52 0
39.53 4
39.54 12
39.55 21
39.56 29
39.57 37
39.58 27
39.59 4
39.6 0
39.61 0
39.62 2
39.63 13
39.64 20
39.65 27
39.66 35
39.67 27
39.68 3
39.69 0
39.7 0
39.71 1
39.72 10
39.73 18
39.74 27
39.75 35
39.76 28
39.77 9
39.78 0
39.79 0
39.8 2
39.81 12
39.82 22
39.83 28
39.84 37
39.85 27
39.86 0
39.87 0
39.88 0
39.89 0
39.9 3
39.91 11
39.92 18
39.93 26
39.94 34
39.95 27
39.96 18
39.97 0
39.98 0
39.99 7
40 17
40.01 27
40.02 34
40.03 25
40.04 8
40.05 0
40.06 0
40.07 0
40.08 7
40.09 16
40.1 24
40.11 32
40.12 26
40.13 23
40.14 0
40.15 0
40.16 3
40.17 12
40.18 21
40.19 30
40.2 38
40.21 27
40.22 0
40.23 0
40.24 0
40.25 0
40.26 0
40.27 5
40.28 14
40.29 22
40.3 28
40.31 34
40.32 27
40.33 26
40.34 0
40.35 0
40.36 0
40.37 0
40.38 1
40.39 9
40.4 16
40.41 22
40.42 28
40.43 33
40.44 28
40.45 0
40.46 0
40.47 0
40.48 0
40.49 0
40.5 1
40.51 8
40.52 15
40.53 22
40.54 29
40.55 35
40.56 27
40.57 20
40.58 0
40.59 0
40.6 0
40.61 0
40.62 0
40.63 8
40.64 15
40.65 23
40.66 28
40.67 34
40.68 27
40.69 4
40.7 0
40.71 0
40.72 0
40.73 4
40.74 11
40.75 19
40.76 26
40.77 32
40.78 27
40.79 20
40.8 0
40.81 0
40.82 0
40.83 0
40.84 0
40.85 5
40.86 12
40.87 18
40.88 25
40.89 32
40.9 26
40.91 26
40.92 0
40.93 0
40.94 0
40.95 0
40.96 0
40.97 3
40.98 10
40.99 17
41 24
41.01 30
41.02 29
41.03 25
41.04 0
41.05 0
41.06 0
41.07 0
41.08 0
41.09 0
41.1 0
41.11 6
41.12 13
41.13 21
41.14 27
41.15 33
41.16 28
41.17 13
41.18 0
41.19 0
41.2 0
41.21 0
41.22 4
41.23 12
41.24 19
41.25 26
41.26 33
41.27 28
41.28 20
41.29 0
41.3 0
41.31 0
41.32 9
41.33 19
41.34 27
41.35 36
41.36 27
41.37 0
41.38 0
41.39 0
41.4 0
41.41 0
41.42 8
41.43 17
41.44 26
41.45 34
41.46 29
41.47 7
41.48 0
41.49 0
41.5 0
41.51 0
41.52 8
41.53 15
41.54 23
41.55 32
41.56 37
41.57 28
41.58 0
41.59 0
41.6 0
41.61 10
41.62 19
41.63 26
41.64 34
41.65 28
41.66 5
41.67 0
41.68 0
41.69 0
41.7 0
41.71 10
41.72 18
41.73 26
41.74 33
41.75 27
41.76 13
41.77 0
41.78 0
41.79 0
41.8 0
41.81 3
41.82 13
41.83 20
41.84 28
41.85 35
41.86 27
41.87 0
41.88 0
41.89 0
41.9 0
41.91 0
41.92 3
41.93 12
41.94 19
41.95 27
41.96 33
41.97 26
41.98 14
41.99 0
42 0
42.01 0
42.02 0
42.03 0
42.04 4
42.05 10
42.06 17
42.07 22
42.08 29
42.09 35
42.1 27
42.11 12
42.12 0
42.13 0
42.14 6
42.15 14
42.16 21
42.17 25
42.18 32
42.19 26
42.2 21
42.21 0
42.22 0
42.23 0
42.24 0
42.25 1
42.26 9
42.27 15
42.28 22
42.29 29
42.3 34
42.31 27
42.32 13
42.33 0
42.34 0
42.35 1
42.36 7
42.37 15
42.38 21
42.39 28
42.4 35
42.41 27
42.42 11
42.43 0
42.44 0
42.45 0
42.46 0
42.47 0
42.48 0
42.49 8
42.5 15
42.51 23
42.52 30
42.53 38
42.54 29
42.55 0
42.56 0
42.57 0
42.58 0
42.59 0
42.6 3
42.61 11
42.62 19
42.63 27
42.64 35
42.65 28
42.66 8
42.67 0
42.68 0
42.69 0
42.7 1
42.71 11
42.72 18
42.73 26
42.74 33
42.75 27
42.76 26
42.77 0
42.78 0
42.79 4
42.8 13
42.81 18
42.82 27
42.83 34
42.84 27
42.85 17
42.86 0
42.87 0
42.88 0
42.89 7
42.9 16
42.91 24
42.92 31
42.93 37
42.94 27
42.95 0
42.96 0
42.97 0
42.98 0
42.99 4
43 14
43.01 22
43.02 31
43.03 38
43.04 26
43.05 0
43.06 0
43.07 0
43.08 0
43.09 9
43.1 18
43.11 28
43.12 35
43.13 27
43.14 9
43.15 0
43.16 0
43.17 1
43.18 10
43.19 19
43.2 30
43.21 38
43.22 27
43.23 9
43.24 0
43.25 0
43.26 0
43.27 9
43.28 17
43.29 27
43.3 35
43.31 27
43.32 3
43.33 0
43.34 0
43.35 0
43.36 8
43.37 16
43.38 26
43.39 34
43.4 27
43.41 25
43.42 0
43.43 0
43.44 0
43.45 0
43.46 7
43.47 16
43.48 25
43.49 32
43.5 27
43.51 19
43.52 0
43.53 0
43.54 0
43.55 0
43.56 7
43.57 14
43.58 22
43.59 31
43.6 38
43.61 28
43.62 9
43.63 0
43.64 0
43.65 0
43.66 5
43.67 15
43.68 22
43.69 31
43.7 39
43.71 29
43.72 0
43.73 0
43.74 0
43.75 1
43.76 12
43.77 20
43.78 28
43.79 37
43.8 28
43.81 5
43.82 0
43.83 0
43.84 0
43.85 7
43.86 16
43.87 25
43.88 34
43.89 27
43.9 17
43.91 0
43.92 0
43.93 1
43.94 10
43.95 21
43.96 30
43.97 38
43.98 28
43.99 0
44 0
44.01 0
44.02 0
44.03 4
44.04 13
44.05 21
44.06 29
44.07 36
44.08 28
44.09 16
44.1 0
44.11 0
44.12 0
44.13 0
44.14 2
44.15 11
44.16 19
44.17 14
44.18 21
44.19 28
44.2 36
44.21 27
44.22 0
44.23 0
44.24 0
44.25 3
44.26 13
44.27 19
44.28 27
44.29 34
44.3 27
44.31 22
44.32 0
44.33 0
44.34 0
44.35 4
44.36 14
44.37 21
44.38 27
44.39 35
44.4 27
44.41 0
44.42 0
44.43 0
44.44 0
44.45 7
44.46 16
44.47 24
44.48 31
44.49 31
44.5 23
44.51 0
44.52 0
44.53 6
44.54 15
44.55 23
44.56 30
44.57 37
44.58 28
44.59 3
44.6 0
44.61 0
44.62 0
44.63 0
44.64 0
44.65 2
44.66 9
44.67 4
44.68 9
44.69 16
44.7 21
44.71 26
44.72 32
44.73 27
44.74 14
44.75 0
44.76 0
44.77 0
44.78 0
44.79 0
44.8 6
44.81 11
44.82 16
44.83 22
44.84 27
44.85 33
44.86 26
44.87 9
44.88 0
44.89 0
44.9 0
44.91 0
44.92 0
44.93 3
44.94 10
44.95 16
44.96 21
44.97 25
44.98 30
44.99 27
45 3
45.01 0
45.02 0
45.03 0
45.04 0
45.05 0
45.06 6
45.07 12
45.08 17
45.09 24
45.1 29
45.11 34
45.12 26
45.13 0
45.14 0
45.15 0
45.16 0
45.17 1
45.18 9
45.19 15
45.2 21
45.21 27
45.22 33
45.23 26
45.24 0
45.25 0
45.26 0
45.27 0
45.28 3
45.29 10
45.3 17
45.31 22
45.32 29
45.33 36
45.34 29
45.35 0
45.36 0
45.37 0
45.38 0
45.39 0
45.4 0
45.41 8
45.42 13
45.43 21
45.44 27
45.45 34
45.46 27
45.47 8
45.48 0
45.49 0
45.5 0
45.51 0
45.52 0
45.53 8
45.54 15
45.55 22
45.56 28
45.57 35
45.58 28
45.59 9
45.6 0
45.61 0
45.62 0
45.63 4
45.64 14
45.65 23
45.66 29
45.67 38
45.68 29
45.69 4
45.7 0
45.71 0
45.72 7
45.73 16
45.74 25
45.75 33
45.76 27
45.77 8
45.78 0
45.79 0
45.8 0
45.81 0
45.82 2
45.83 12
45.84 21
45.85 29
45.86 37
45.87 28
45.88 12
45.89 0
45.9 4
45.91 12
45.92 22
45.93 28
45.94 35
45.95 27
45.96 0
45.97 0
45.98 0
45.99 0
46 7
46.01 17
46.02 27
46.03 35
46.04 27
46.05 16
46.06 0
46.07 0
46.08 6
46.09 12
46.1 20
46.11 28
46.12 36
46.13 26
46.14 0
46.15 0
46.16 0
46.17 0
46.18 1
46.19 9
46.2 18
46.21 27
46.22 35
46.23 29
46.24 18
46.25 0
46.26 0
46.27 0
46.28 0
46.29 7
46.3 14
46.31 21
46.32 30
46.33 37
46.34 27
46.35 11
46.36 0
46.37 0
46.38 0
46.39 0
46.4 3
46.41 12
46.42 20
46.43 28
46.44 35
46.45 27
46.46 20
46.47 0
46.48 0
46.49 0
46.5 4
46.51 12
46.52 17
46.53 24
46.54 31
46.55 29
46.56 24
46.57 24
46.58 0
46.59 0
46.6 0
46.61 0
46.62 0
46.63 0
46.64 0
46.65 7
46.66 13
46.67 19
46.68 26
46.69 33
46.7 27
46.71 6
46.72 0
46.73 0
46.74 0
46.75 0
46.76 0
46.77 4
46.78 11
46.79 18
46.8 24
46.81 29
46.82 35
46.83 27
46.84 0
46.85 0
46.86 0
46.87 0
46.88 0
46.89 3
46.9 11
46.91 18
46.92 24
46.93 31
46.94 36
46.95 27
46.96 0
46.97 0
46.98 0
46.99 0
47 0
47.01 6
47.02 13
47.03 18
47.04 27
47.05 33
47.06 26
47.07 16
47.08 0
47.09 0
47.1 0
47.11 0
47.12 0
47.13 8
47.14 15
47.15 23
47.16 30
47.17 37
47.18 27
47.19 12
47.2 6
47.21 14
47.22 21
47.23 28
47.24 23
47.25 21
47.26 5
47.27 0
47.28 0
47.29 4
47.3 13
47.31 21
47.32 28
47.33 35
47.34 25
47.35 12
47.36 0
47.37 0
47.38 0
47.39 0
47.4 7
47.41 15
47.42 24
47.43 31
47.44 36
47.45 26
47.46 0
47.47 0
47.48 0
47.49 4
47.5 14
47.51 24
47.52 33
47.53 27
47.54 23
47.55 4
47.56 0
47.57 0
47.58 7
47.59 15
47.6 24
47.61 31
47.62 28
47.63 18
47.64 0
47.65 0
47.66 0
47.67 1
47.68 11
47.69 21
47.7 30
47.71 36
47.72 27
47.73 4
47.74 0
47.75 0
47.76 0
47.77 6
47.78 13
47.79 22
47.8 31
47.81 39
47.82 28
47.83 11
47.84 0
47.85 0
47.86 0
47.87 0
47.88 0
47.89 10
47.9 19
47.91 28
47.92 36
47.93 27
47.94 13
47.95 0
47.96 0
47.97 0
47.98 0
47.99 8
48 18
48.01 25
48.02 33
48.03 27
48.04 26
48.05 0
48.06 0
48.07 0
48.08 0
48.09 10
48.1 19
48.11 26
48.12 33
48.13 26
48.14 6
48.15 0
48.16 0
48.17 0
48.18 0
48.19 4
48.2 14
48.21 23
48.22 29
48.23 36
48.24 27
48.25 1
48.26 0
48.27 0
48.28 0
48.29 6
48.3 14
48.31 21
48.32 32
48.33 35
48.34 27
48.35 12
48.36 0
48.37 7
48.38 16
48.39 26
48.4 33
48.41 26
48.42 20
48.43 0
48.44 0
48.45 0
48.46 0
48.47 0
48.48 3
48.49 12
48.5 20
48.51 27
48.52 34
48.53 27
48.54 0
48.55 0
48.56 0
48.57 0
48.58 0
48.59 4
48.6 11
48.61 19
48.62 28
48.63 35
48.64 27
48.65 20
48.66 0
48.67 0
48.68 0
48.69 0
48.7 2
48.71 11
48.72 19
48.73 28
48.74 36
48.75 28
48.76 11
48.77 0
48.78 0
48.79 4
48.8 10
48.81 17
48.82 24
48.83 31
48.84 26
48.85 26
48.86 0
48.87 0
48.88 0
48.89 0
48.9 3
48.91 11
48.92 20
48.93 26
48.94 35
48.95 29
48.96 18
48.97 0
48.98 0
48.99 0
49 0
49.01 0
49.02 7
49.03 14
49.04 22
49.05 30
49.06 37
49.07 28
49.08 5
49.09 0
49.1 0
49.11 0
49.12 4
49.13 14
49.14 22
49.15 30
49.16 36
49.17 28
49.18 12
49.19 0
49.2 0
49.21 6
49.22 16
49.23 23
49.24 30
49.25 37
49.26 28
49.27 0
49.28 0
49.29 0
49.3 0
49.31 3
49.32 11
49.33 18
49.34 24
49.35 31
49.36 36
49.37 27
49.38 0
49.39 0
49.4 0
49.41 0
49.42 0
49.43 7
49.44 15
49.45 24
49.46 30
49.47 37
49.48 27
49.49 0
49.5 0
49.51 0
49.52 0
49.53 9
49.54 16
49.55 24
49.56 31
49.57 37
49.58 28
49.59 5
49.6 0
49.61 0
49.62 0
49.63 7
49.64 13
49.65 22
49.66 29
49.67 33
49.68 26
49.69 12
49.7 0
49.71 0
49.72 7
49.73 16
49.74 24
49.75 32
49.76 32
49.77 23
49.78 0
49.79 0
49.8 0
49.81 0
49.82 4
49.83 11
49.84 18
49.85 25
49.86 31
49.87 26
49.88 26
49.89 0
49.9 0
49.91 0
49.92 0
49.93 8
49.94 14
49.95 21
49.96 27
49.97 32
49.98 26
49.99 11
50 0
50.01 0
50.02 0
50.03 0
50.04 0
50.05 8
50.06 12
50.07 18
50.08 25
50.09 32
50.1 28
50.11 22
50.12 0
50.13 0
50.14 0
50.15 0
50.16 8
50.17 15
50.18 22
50.19 28
50.2 33
50.21 28
50.22 1
50.23 0
50.24 0
50.25 0
50.26 4
50.27 12
50.28 21
50.29 28
50.3 35
50.31 27
50.32 14
50.33 0
50.34 0
50.35 0
50.36 1
50.37 9
50.38 16
50.39 23
50.4 30
50.41 34
50.42 27
50.43 0
50.44 0
50.45 0
50.46 0
50.47 2
50.48 9
50.49 16
50.5 23
50.51 29
50.52 35
50.53 26
50.54 0
50.55 0
50.56 0
50.57 0
50.58 0
50.59 0
50.6 1
50.61 8
50.62 15
50.63 22
50.64 30
50.65 36
50.66 28
50.67 11
50.68 0
50.69 0
50.7 0
50.71 4
50.72 11
50.73 17
50.74 26
50.75 32
50.76 28
50.77 23
50.78 0
50.79 0
50.8 0
50.81 3
50.82 9
50.83 19
50.84 23
50.85 31
50.86 27
50.87 19
50.88 0
50.89 0
50.9 0
50.91 0
50.92 0
50.93 2
50.94 11
50.95 20
50.96 28
50.97 35
50.98 28
50.99 4
51 0
51.01 0
51.02 0
51.03 0
51.04 3
51.05 13
51.06 21
51.07 26
51.08 34
51.09 28
51.1 10
51.11 0
51.12 0
51.13 0
51.14 0
51.15 6
51.16 14
51.17 21
51.18 28
51.19 35
51.2 27
51.21 18
51.22 0
51.23 0
51.24 0
51.25 0
51.26 2
51.27 9
51.28 17
51.29 24
51.3 31
51.31 27
51.32 14
51.33 0
51.34 0
51.35 0
51.36 0
51.37 8
51.38 16
51.39 24
51.4 32
51.41 27
51.42 25
51.43 0
51.44 0
51.45 0
51.46 3
51.47 13
51.48 20
51.49 27
51.5 35
51.51 27
51.52 2
51.53 0
51.54 0
51.55 0
51.56 4
51.57 11
51.58 18
51.59 26
51.6 35
51.61 28
51.62 20
51.63 0
51.64 0
51.65 0
51.66 5
51.67 15
51.68 23
51.69 30
51.7 26
51.71 25
51.72 13
51.73 10
51.74 16
51.75 22
51.76 28
51.77 22
51.78 2
51.79 0
51.8 0
51.81 0
51.82 0
51.83 6
51.84 12
51.85 19
51.86 25
51.87 31
51.88 27
51.89 26
51.9 0
51.91 0
51.92 0
51.93 0
51.94 0
51.95 0
51.96 3
51.97 9
51.98 15
51.99 22
52 28
52.01 35
52.02 28
52.03 3
52.04 0
52.05 0
52.06 0
52.07 7
52.08 13
52.09 20
52.1 27
52.11 33
52.12 26
52.13 9
52.14 0
52.15 0
52.16 0
52.17 0
52.18 5
52.19 12
52.2 18
52.21 24
52.22 30
52.23 28
52.24 21
52.25 0
52.26 0
52.27 0
52.28 0
52.29 0
52.3 0
52.31 3
52.32 11
52.33 16
52.34 24
52.35 29
52.36 36
52.37 28
52.38 0
52.39 0
52.4 0
52.41 0
52.42 0
52.43 2
52.44 10
52.45 18
52.46 25
52.47 31
52.48 27
52.49 19
52.5 0
52.51 0
52.52 0
52.53 0
52.54 0
52.55 0
52.56 1
52.57 8
52.58 16
52.59 23
52.6 29
52.61 35
52.62 26
52.63 0
52.64 0
52.65 0
52.66 0
52.67 0
52.68 6
52.69 12
52.7 20
52.71 25
52.72 32
52.73 26
52.74 21
52.75 0
52.76 0
52.77 0
52.78 0
52.79 6
52.8 16
52.81 24
52.82 32
52.83 28
52.84 24
52.85 1
52.86 0
52.87 0
52.88 2
52.89 12
52.9 21
52.91 29
52.92 37
52.93 26
52.94 0
52.95 0
52.96 0
52.97 8
52.98 17
52.99 27
53 34
53.01 27
53.02 3
53.03 0
53.04 0
53.05 0
53.06 0
53.07 10
53.08 20
53.09 29
53.1 37
53.11 28
53.12 21
53.13 0
53.14 0
53.15 7
53.16 16
53.17 26
53.18 35
53.19 26
53.2 2
53.21 0
53.22 0
53.23 0
53.24 3
53.25 12
53.26 20
53.27 28
53.28 36
53.29 27
53.3 11
53.31 0
53.32 0
53.33 0
53.34 7
53.35 16
53.36 24
53.37 33
53.38 29
53.39 19
53.4 0
53.41 0
53.42 0
53.43 1
53.44 12
53.45 19
53.46 27
53.47 35
53.48 27
53.49 7
53.5 0
53.51 0
53.52 0
53.53 6
53.54 15
53.55 23
53.56 32
53.57 27
53.58 21
53.59 0
53.6 0
53.61 0
53.62 10
53.63 19
53.64 28
53.65 36
53.66 26
53.67 15
53.68 0
53.69 0
53.7 0
53.71 0
53.72 4
53.73 13
53.74 22
53.75 31
53.76 38
53.77 27
53.78 5
53.79 0
53.8 0
53.81 1
53.82 12
53.83 21
53.84 29
53.85 37
53.86 27
53.87 11
53.88 0
53.89 0
53.9 0
53.91 2
53.92 9
53.93 20
53.94 28
53.95 35
53.96 27
53.97 17
53.98 0
53.99 2
54 11
54.01 19
54.02 26
54.03 33
54.04 26
54.05 0
54.06 0
54.07 0
54.08 0
54.09 1
54.1 11
54.11 19
54.12 26
54.13 35
54.14 29
54.15 20
54.16 0
54.17 0
54.18 0
54.19 1
54.2 11
54.21 18
54.22 26
54.23 34
54.24 28
54.25 12
54.26 0
54.27 0
54.28 0
54.29 9
54.3 17
54.31 25
54.32 32
54.33 27
54.34 24
54.35 0
54.36 0
54.37 0
54.38 0
54.39 7
54.4 15
54.41 24
54.42 32
54.43 33
54.44 25
54.45 0
54.46 0
54.47 0
54.48 0
54.49 7
54.5 17
54.51 24
54.52 31
54.53 27
54.54 21
54.55 0
54.56 0
54.57 0
54.58 6
54.59 15
54.6 23
54.61 31
54.62 37
54.63 28
54.64 0
54.65 0
54.66 0
54.67 0
54.68 0
54.69 7
54.7 15
54.71 24
54.72 32
54.73 38
54.74 27
54.75 0
54.76 0
54.77 0
54.78 0
54.79 0
54.8 5
54.81 12
54.82 21
54.83 29
54.84 36
54.85 28
54.86 22
54.87 0
54.88 0
54.89 0
54.9 3
54.91 12
54.92 20
54.93 27
54.94 34
54.95 26
54.96 7
54.97 0
54.98 6
54.99 15
55 24
55.01 33
55.02 28
55.03 14
55.04 0
55.05 0
55.06 0
55.07 0
55.08 5
55.09 14
55.1 21
55.11 28
55.12 35
55.13 27
55.14 5
55.15 0
55.16 0
55.17 0
55.18 0
55.19 11
55.2 19
55.21 28
55.22 36
55.23 28
55.24 12
55.25 1
55.26 9
55.27 20
55.28 28
55.29 24
55.3 5
55.31 0
55.32 0
55.33 0
55.34 0
55.35 8
55.36 18
55.37 27
55.38 35
55.39 28
55.4 18
55.41 0
55.42 1
55.43 9
55.44 14
55.45 24
55.46 32
55.47 27
55.48 14
55.49 0
55.5 0
55.51 0
55.52 0
55.53 0
55.54 0
55.55 4
55.56 12
55.57 19
55.58 27
55.59 34
55.6 27
55.61 0
55.62 0
55.63 0
55.64 0
55.65 0
55.66 8
55.67 16
55.68 22
55.69 30
55.7 37
55.71 29
55.72 2
55.73 0
55.74 2
55.75 9
55.76 16
55.77 24
55.78 30
55.79 25
55.8 16
55.81 0
55.82 0
55.83 0
55.84 0
55.85 7
55.86 16
55.87 23
55.88 28
55.89 36
55.9 27
55.91 0
55.92 0
55.93 0
55.94 2
55.95 9
55.96 18
55.97 26
55.98 31
55.99 26
56 12
56.01 0
56.02 0
56.03 0
56.04 0
56.05 7
56.06 15
56.07 21
56.08 28
56.09 35
56.1 27
56.11 21
56.12 0
56.13 0
56.14 0
56.15 7
56.16 13
56.17 19
56.18 27
56.19 33
56.2 26
56.21 10
56.22 0
56.23 0
56.24 0
56.25 0
56.26 8
56.27 15
56.28 22
56.29 30
56.3 37
56.31 29
56.32 0
56.33 0
56.34 0
56.35 0
56.36 0
56.37 5
56.38 14
56.39 23
56.4 31
56.41 37
56.42 28
56.43 0
56.44 0
56.45 0
56.46 0
56.47 0
56.48 6
56.49 15
56.5 25
56.51 37
56.52 29
56.53 18
56.54 0
56.55 0
56.56 3
56.57 10
56.58 20
56.59 29
56.6 37
56.61 27
56.62 0
56.63 0
56.64 0
56.65 0
56.66 1
56.67 10
56.68 20
56.69 29
56.7 37
56.71 27
56.72 12
56.73 0
56.74 2
56.75 9
56.76 17
56.77 26
56.78 36
56.79 27
56.8 10
56.81 0
56.82 0
56.83 0
56.84 2
56.85 12
56.86 20
56.87 28
56.88 36
56.89 28
56.9 8
56.91 0
56.92 0
56.93 0
56.94 6
56.95 16
56.96 24
56.97 31
56.98 27
56.99 28
57 0
57.01 0
57.02 0
57.03 3
57.04 11
57.05 17
57.06 12
57.07 20
57.08 28
57.09 34
57.1 27
57.11 9
57.12 0
57.13 0
57.14 0
57.15 0
57.16 3
57.17 13
57.18 20
57.19 26
57.2 34
57.21 26
57.22 0
57.23 0
57.24 0
57.25 0
57.26 0
57.27 0
57.28 4
57.29 13
57.3 21
57.31 25
57.32 33
57.33 28
57.34 11
57.35 0
57.36 0
57.37 0
57.38 1
57.39 11
57.4 17
57.41 23
57.42 31
57.43 27
57.44 26
57.45 0
57.46 0
57.47 0
57.48 0
57.49 5
57.5 11
57.51 19
57.52 27
57.53 34
57.54 27
57.55 12
57.56 0
57.57 0
57.58 4
57.59 11
57.6 18
57.61 25
57.62 31
57.63 27
57.64 2
57.65 0
57.66 0
57.67 0
57.68 0
57.69 8
57.7 16
57.71 23
57.72 29
57.73 37
57.74 27
57.75 0
57.76 0
57.77 0
57.78 0
57.79 0
57.8 7
57.81 14
57.82 23
57.83 31
57.84 36
57.85 28
57.86 0
57.87 0
57.88 0
57.89 1
57.9 8
57.91 15
57.92 23
57.93 31
57.94 27
57.95 18
57.96 0
57.97 0
57.98 0
57.99 0
58 4
58.01 14
58.02 28
58.03 32
58.04 13
58.05 0
58.06 0
58.07 0
58.08 0
58.09 0
58.1 0
58.11 0
58.12 0
58.13 0
58.14 0
58.15 0
58.16 0
58.17 0
58.18 0
58.19 0
58.2 0
58.21 0
58.22 0
58.23 0
58.24 0
58.25 0
58.26 0
58.27 0
58.28 0
58.29 0
58.3 0
58.31 0
58.32 0
58.33 0
58.34 0
58.35 0
58.36 0
58.37 0
58.38 0
58.39 0
58.4 0
58.41 0
58.42 0
58.43 0
58.44 0
58.45 0
58.46 0
58.47 0
58.48 0
58.49 0
58.5 0
58.51 0
58.52 0
58.53 0
58.54 0
58.55 0
58.56 0
58.57 0
58.58 0
58.59 0
58.6 0
58.61 0
58.62 0
58.63 0
58.64 0
58.65 0
58.66 0
58.67 0
58.68 0
58.69 0
58.7 0
58.71 0
58.72 0
58.73 0
58.74 0
58.75 0
58.76 0
58.77 0
58.78 0
58.79 0
58.8 0
58.81 0
58.82 0
58.83 0
58.84 0
58.85 0
58.86 0
58.87 0
58.88 0
58.89 0
58.9 0
58.91 0
58.92 0
58.93 0
58.94 0
58.95 0
58.96 0
58.97 0
58.98 0
58.99 0
59 0
59.01 0
59.02 0
59.03 0
59.04 0
59.05 0
59.06 0
59.07 0
59.08 0
59.09 0
59.1 0
59.11 0
59.12 0
59.13 0
59.14 0
59.15 0
59.16 0
59.17 0
59.18 0
59.19 0
59.2 0
59.21 0
59.22 0
59.23 0
59.24 0
59.25 0
59.26 0
59.27 0
59.28 0
59.29 0
59.3 0
59.31 0
59.32 0
59.33 0
59.34 0
59.35 0
59.36 0
59.37 0
59.38 0
59.39 0
59.4 0
59.41 0
59.42 0
59.43 0
59.44 0
59.45 0
59.46 0
59.47 0
59.48 0
59.49 0
59.5 0
59.51 0
59.52 0
59.53 0
59.54 0
59.55 0
59.56 0
59.57 0
59.58 0
59.59 0
59.6 0
59.61 0
59.62 0
59.63 0
59.64 0
59.65 0
59.66 0
59.67 0
59.68 0
59.69 0
59.7 0
59.71 0
59.72 0
59.73 0
59.74 0
59.75 0
59.76 0
59.77 0
59.78 0
59.79 0
59.8 0
59.81 0
59.82 0
59.83 0
59.84 0
59.85 0
59.86 0
59.87 0
59.88 0
59.89 0
59.9 0
59.91 0
59.92 0
59.93 0
59.94 0
59.95 0
59.96 0
59.97 0
59.98 0
59.99 0
60 0
60.01 0
60.02 0
60.03 0
60.04 0
60.05 0
60.06 0
60.07 0
60.08 0
60.09 0
60.1 0
60.11 0
60.12 0
60.13 0
60.14 0
60.15 0
60.16 0
60.17 0
60.18 0
60.19 0
60.2 0
60.21 0
60.22 0
60.23 0
60.24 0
60.25 0
60.26 0
60.27 0
60.28 0
60.29 0
60.3 0
60.31 0
60.32 0
60.33 0
60.34 0
60.35 0
60.36 0
60.37 0
60.38 0
60.39 0
60.4 0
60.41 0
60.42 0
60.43 0
60.44 0
60.45 0
60.46 0
60.47 0
60.48 0
60.49 0
60.5 0
60.51 0
60.52 0
60.53 0
60.54 0
60.55 0
60.56 0
60.57 0
60.58 0
60.59 0
60.6 0
60.61 0
60.62 0
60.63 0
60.64 0
60.65 0
60.66 0
60.67 0
60.68 0
60.69 0
60.7 0
60.71 0
60.72 0
60.73 0
60.74 0
60.75 0
60.76 0
60.77 0
60.78 0
60.79 0
60.8 0
60.81 0
60.82 0
60.83 0
60.84 0
60.85 0
60.86 0
60.87 0
60.88 0
60.89 0
60.9 0
60.91 0
60.92 0
60.93 0
60.94 0
60.95 0
60.96 0
60.97 0
60.98 0
60.99 0
61 0
61.01 0
61.02 0
61.03 0
61.04 0
61.05 0
61.06 0
61.07 0
61.08 0
61.09 0
61.1 0
61.11 0
61.12 0
61.13 0
61.14 0
61.15 0
61.16 0
61.17 0
61.18 0
61.19 0
61.2 0
61.21 0
61.22 0
61.23 0
61.24 0
61.25 0
61.26 0
61.27 0
61.28 0
61.29 0
61.3 0
61.31 0
61.32 0
61.33 0
61.34 0
61.35 0
61.36 0
61.37 0
61.38 0
61.39 0
61.4 0
61.41 0
61.42 0
61.43 0
61.44 0
61.45 0
61.46 0
61.47 0
61.48 0
61.49 0
61.5 0
61.51 0
61.52 0
61.53 0
61.54 0
61.55 0
61.56 0
61.57 0
61.58 0
61.59 0
61.6 0
61.61 0
61.62 0
61.63 0
61.64 0
61.65 0
61.66 0
61.67 0
61.68 0
61.69 0
61.7 0
61.71 0
61.72 0
61.73 0
61.74 0
61.75 0
61.76 0
61.77 0
61.78 0
61.79 0
61.8 0
61.81 0
61.82 0
61.83 0
61.84 0
61.85 0
61.86 0
61.87 0
61.88 0
61.89 0
61.9 0
61.91 0
61.92 0
61.93 0
61.94 0
61.95 0
61.96 0
61.97 0
61.98 0
61.99 0
62 0
62.01 0
62.02 0
62.03 0
62.04 0
62.05 0
62.06 0
62.07 0
62.08 0
62.09 0
62.1 0
62.11 0
62.12 0
62.13 0
62.14 0
62.15 0
62.16 0
62.17 0
62.18 0
62.19 0
62.2 0
62.21 0
62.22 0
62.23 0
62.24 0
62.25 0
62.26 0
62.27 0
62.28 0
62.29 0
62.3 0
62.31 0
62.32 0
62.33 0
62.34 0
62.35 0
62.36 0
62.37 0
62.38 0
62.39 0
62.4 0
62.41 0
62.42 0
62.43 0
62.44 0
62.45 0
62.46 0
62.47 0
62.48 0
62.49 0
62.5 0
62.51 0
62.52 0
62.53 0
62.54 0
62.55 0
62.56 0
62.57 0
62.58 0
62.59 0
62.6 0
62.61 0
62.62 0
62.63 0
62.64 0
62.65 0
62.66 0
62.67 0
62.68 0
62.69 0
62.7 0
62.71 0
62.72 0
62.73 0
62.74 0
62.75 0
62.76 0
62.77 0
62.78 0
62.79 0
62.8 0
62.81 0
62.82 0
62.83 0
62.84 0
62.85 0
62.86 0
62.87 0
62.88 0
62.89 0
62.9 0
62.91 0
62.92 0
62.93 0
62.94 0
62.95 0
62.96 0
62.97 0
62.98 0
62.99 0
