0 0
0.01 0
0.02 0
0.03 0
0.04 0
0.05 0
0.06 0
0.07 0
0.08 0
0.09 0
0.1 0
0.11 0
0.12 0
0.13 0
0.14 0
0.15 0
0.16 0
0.17 0
0.18 0
0.19 0
0.2 0
0.21 75
0.22 0
0.23 0
0.24 0
0.25 0
0.26 0
0.27 0
0.28 9
0.29 21
0.3 29
0.31 18
0.32 20
0.33 23
0.34 21
0.35 18
0.36 0
0.37 0
0.38 10
0.39 21
0.4 33
0.41 28
0.42 17
0.43 0
0.44 0
0.45 2
0.46 14
0.47 25
0.48 36
0.49 29
0.5 25
0.51 0
0.52 0
0.53 10
0.54 20
0.55 31
0.56 42
0.57 29
0.58 0
0.59 0
0.6 0
0.61 7
0.62 19
0.63 30
0.64 42
0.65 26
0.66 0
0.67 0
0.68 0
0.69 8
0.7 19
0.71 32
0.72 41
0.73 28
0.74 6
0.75 0
0.76 0
0.77 13
0.78 25
0.79 35
0.8 28
0.81 12
0.82 0
0.83 0
0.84 0
0.85 7
0.86 18
0.87 27
0.88 37
0.89 28
0.9 4
0.91 0
0.92 0
0.93 2
0.94 12
0.95 21
0.96 31
0.97 40
0.98 28
0.99 0
1 0
1.01 0
1.02 6
1.03 15
1.04 27
1.05 38
1.06 27
1.07 0
1.08 0
1.09 0
1.1 0
1.11 8
1.12 20
1.13 27
1.14 36
1.15 28
1.16 18
1.17 0
1.18 0
1.19 0
1.2 0
1.21 70
1.22 29
1.23 38
1.24 25
1.25 1
1.26 20
1.27 21
1.28 19
1.29 16
1.3 15
1.31 24
1.32 22
1.33 23
1.34 15
1.35 7
1.36 24
1.37 38
1.38 22
1.39 2
1.4 0
1.41 3
1.42 22
1.43 37
1.44 28
1.45 14
1.46 0
1.47 4
1.48 21
1.49 33
1.5 27
1.51 16
1.52 0
1.53 0
1.54 11
1.55 28
1.56 41
1.57 28
1.58 8
1.59 0
1.6 5
1.61 17
1.62 30
1.63 34
1.64 26
1.65 0
1.66 0
1.67 4
1.68 17
1.69 29
1.7 39
1.71 28
1.72 20
1.73 0
1.74 0
1.75 2
1.76 18
1.77 31
1.78 44
1.79 29
1.8 0
1.81 0
1.82 0
1.83 7
1.84 21
1.85 34
1.86 28
1.87 19
1.88 12
1.89 6
1.9 10
1.91 24
1.92 35
1.93 24
1.94 6
1.95 0
1.96 0
1.97 12
1.98 26
1.99 37
2 28
2.01 23
2.02 0
2.03 0
2.04 9
2.05 22
2.06 33
2.07 26
2.08 14
2.09 0
2.1 0
2.11 1
2.12 13
2.13 26
2.14 36
2.15 27
2.16 12
2.17 0
2.18 0
2.19 11
2.2 23
2.21 33
2.22 30
2.23 4
2.24 21
2.25 20
2.26 23
2.27 17
2.28 23
2.29 22
2.3 11
2.31 4
2.32 25
2.33 24
2.34 21
2.35 9
2.36 6
2.37 29
2.38 42
2.39 30
2.4 6
2.41 0
2.42 12
2.43 37
2.44 27
2.45 22
2.46 0
2.47 9
2.48 33
2.49 28
2.5 16
2.51 0
2.52 0
2.53 16
2.54 38
2.55 29
2.56 25
2.57 4
2.58 4
2.59 21
2.6 41
2.61 27
2.62 28
2.63 0
2.64 0
2.65 11
2.66 32
2.67 49
2.68 28
2.69 12
2.7 0
2.71 0
2.72 19
2.73 34
2.74 27
2.75 28
2.76 15
2.77 3
2.78 18
2.79 30
2.8 28
2.81 28
2.82 10
2.83 0
2.84 6
2.85 18
2.86 30
2.87 26
2.88 20
2.89 0
2.9 0
2.91 1
2.92 14
2.93 26
2.94 37
2.95 28
2.96 19
2.97 0
2.98 0
2.99 15
3 27
3.01 40
3.02 28
3.03 25
3.04 11
3.05 2
3.06 16
3.07 27
3.08 36
3.09 28
3.1 11
3.11 0
3.12 5
3.13 15
3.14 26
3.15 37
3.16 25
3.17 9
3.18 0
3.19 0
3.2 9
3.21 23
3.22 45
3.23 29
3.24 15
3.25 21
3.26 18
3.27 21
3.28 20
3.29 10
3.3 24
3.31 30
3.32 23
3.33 20
3.34 17
3.35 21
3.36 21
3.37 16
3.38 33
3.39 23
3.4 8
3.41 0
3.42 15
3.43 33
3.44 28
3.45 29
3.46 13
3.47 2
3.48 20
3.49 43
3.5 26
3.51 19
3.52 5
3.53 18
3.54 36
3.55 22
3.56 0
3.57 0
3.58 21
3.59 40
3.6 27
3.61 21
3.62 5
3.63 0
3.64 22
3.65 42
3.66 28
3.67 19
3.68 2
3.69 14
3.7 38
3.71 23
3.72 21
3.73 4
3.74 20
3.75 26
3.76 24
3.77 3
3.78 0
3.79 10
3.8 22
3.81 39
3.82 28
3.83 24
3.84 5
3.85 0
3.86 15
3.87 33
3.88 42
3.89 28
3.9 0
3.91 0
3.92 0
3.93 12
3.94 25
3.95 38
3.96 28
3.97 23
3.98 0
3.99 0
4 5
4.01 19
4.02 33
4.03 41
4.04 28
4.05 5
4.06 0
4.07 0
4.08 13
4.09 28
4.1 40
4.11 27
4.12 11
4.13 0
4.14 0
4.15 16
4.16 28
4.17 41
4.18 27
4.19 5
4.2 0
4.21 1
4.22 13
4.23 40
4.24 29
4.25 25
4.26 10
4.27 8
4.28 30
4.29 28
4.3 30
4.31 13
4.32 0
4.33 21
4.34 49
4.35 28
4.36 28
4.37 9
4.38 14
4.39 37
4.4 20
4.41 16
4.42 20
4.43 24
4.44 22
4.45 15
4.46 26
4.47 21
4.48 17
4.49 2
4.5 23
4.51 22
4.52 17
4.53 15
4.54 20
4.55 28
4.56 19
4.57 8
4.58 0
4.59 20
4.6 45
4.61 27
4.62 22
4.63 12
4.64 5
4.65 29
4.66 26
4.67 17
4.68 0
4.69 10
4.7 29
4.71 45
4.72 28
4.73 4
4.74 0
4.75 11
4.76 32
4.77 40
4.78 29
4.79 0
4.8 0
4.81 8
4.82 25
4.83 45
4.84 30
4.85 25
4.86 0
4.87 2
4.88 23
4.89 43
4.9 26
4.91 12
4.92 0
4.93 7
4.94 27
4.95 46
4.96 27
4.97 23
4.98 2
4.99 7
5 23
5.01 23
5.02 23
5.03 5
5.04 0
5.05 11
5.06 30
5.07 47
5.08 28
5.09 19
5.1 0
5.11 6
5.12 26
5.13 41
5.14 27
5.15 20
5.16 0
5.17 4
5.18 18
5.19 33
5.2 28
5.21 30
5.22 6
5.23 0
5.24 24
5.25 48
5.26 27
5.27 23
5.28 0
5.29 0
5.3 20
5.31 43
5.32 27
5.33 19
5.34 6
5.35 8
5.36 32
5.37 27
5.38 25
5.39 7
5.4 18
5.41 22
5.42 19
5.43 0
5.44 4
5.45 28
5.46 41
5.47 27
5.48 15
5.49 0
5.5 20
5.51 48
5.52 26
5.53 24
5.54 2
5.55 12
5.56 41
5.57 24
5.58 13
5.59 0
5.6 15
5.61 46
5.62 25
5.63 8
5.64 0
5.65 12
5.66 41
5.67 28
5.68 18
5.69 0
5.7 0
5.71 14
5.72 43
5.73 26
5.74 22
5.75 0
5.76 8
5.77 31
5.78 27
5.79 27
5.8 0
5.81 0
5.82 12
5.83 33
5.84 33
5.85 27
5.86 0
5.87 0
5.88 0
5.89 20
5.9 44
5.91 30
5.92 20
5.93 0
5.94 0
5.95 17
5.96 39
5.97 28
5.98 22
5.99 0
6 0
6.01 16
6.02 36
6.03 26
6.04 14
6.05 0
6.06 0
6.07 15
6.08 36
6.09 25
6.1 10
6.11 0
6.12 0
6.13 12
6.14 31
6.15 50
6.16 29
6.17 15
6.18 0
6.19 4
6.2 26
6.21 41
6.22 27
6.23 21
6.24 1
6.25 8
6.26 27
6.27 42
6.28 26
6.29 4
6.3 0
6.31 3
6.32 25
6.33 44
6.34 28
6.35 0
6.36 0
6.37 0
6.38 14
6.39 39
6.4 30
6.41 28
6.42 7
6.43 8
6.44 22
6.45 23
6.46 21
6.47 19
6.48 16
6.49 25
6.5 18
6.51 0
6.52 9
6.53 32
6.54 42
6.55 29
6.56 0
6.57 0
6.58 14
6.59 41
6.6 28
6.61 24
6.62 2
6.63 2
6.64 34
6.65 27
6.66 27
6.67 8
6.68 7
6.69 31
6.7 25
6.71 17
6.72 12
6.73 25
6.74 22
6.75 21
6.76 0
6.77 0
6.78 21
6.79 49
6.8 29
6.81 27
6.82 0
6.83 3
6.84 30
6.85 26
6.86 26
6.87 7
6.88 1
6.89 20
6.9 39
6.91 27
6.92 25
6.93 16
6.94 2
6.95 14
6.96 36
6.97 27
6.98 19
6.99 0
7 0
7.01 14
7.02 34
7.03 26
7.04 20
7.05 10
7.06 0
7.07 2
7.08 22
7.09 40
7.1 29
7.11 15
7.12 0
7.13 6
7.14 22
7.15 37
7.16 26
7.17 20
7.18 0
7.19 13
7.2 32
7.21 26
7.22 13
7.23 0
7.24 0
7.25 1
7.26 20
7.27 40
7.28 30
7.29 17
7.3 0
7.31 0
7.32 12
7.33 32
7.34 29
7.35 27
7.36 4
7.37 0
7.38 17
7.39 37
7.4 28
7.41 13
7.42 0
7.43 0
7.44 19
7.45 38
7.46 27
7.47 21
7.48 1
7.49 2
7.5 22
7.51 41
7.52 27
7.53 14
7.54 0
7.55 5
7.56 28
7.57 47
7.58 27
7.59 12
7.6 2
7.61 25
7.62 41
7.63 26
7.64 6
7.65 2
7.66 24
7.67 44
7.68 26
7.69 0
7.7 0
7.71 15
7.72 39
7.73 27
7.74 16
7.75 0
7.76 6
7.77 30
7.78 25
7.79 21
7.8 12
7.81 5
7.82 20
7.83 45
7.84 27
7.85 26
7.86 15
7.87 21
7.88 18
7.89 12
7.9 25
7.91 22
7.92 25
7.93 6
7.94 12
7.95 36
7.96 22
7.97 16
7.98 5
7.99 20
8 40
8.01 23
8.02 18
8.03 5
8.04 31
8.05 23
8.06 20
8.07 9
8.08 31
8.09 22
8.1 11
8.11 21
8.12 22
8.13 13
8.14 0
8.15 0
8.16 21
8.17 43
8.18 31
8.19 13
8.2 0
8.21 0
8.22 18
8.23 34
8.24 27
8.25 20
8.26 3
8.27 0
8.28 8
8.29 27
8.3 47
8.31 29
8.32 18
8.33 0
8.34 0
8.35 10
8.36 28
8.37 42
8.38 27
8.39 17
8.4 0
8.41 8
8.42 27
8.43 43
8.44 26
8.45 5
8.46 1
8.47 22
8.48 44
8.49 26
8.5 0
8.51 0
8.52 13
8.53 35
8.54 30
8.55 25
8.56 0
8.57 0
8.58 21
8.59 41
8.6 30
8.61 23
8.62 0
8.63 10
8.64 33
8.65 26
8.66 12
8.67 7
8.68 17
8.69 42
8.7 24
8.71 15
8.72 5
8.73 25
8.74 22
8.75 21
8.76 19
8.77 17
8.78 22
8.79 21
8.8 14
8.81 14
8.82 35
8.83 23
8.84 0
8.85 0
8.86 15
8.87 40
8.88 31
8.89 31
8.9 8
8.91 4
8.92 22
8.93 38
8.94 25
8.95 14
8.96 0
8.97 14
8.98 40
8.99 27
9 17
9.01 9
9.02 14
9.03 39
9.04 23
9.05 18
9.06 10
9.07 25
9.08 24
9.09 21
9.1 20
9.11 16
9.12 33
9.13 18
9.14 6
9.15 8
9.16 31
9.17 26
9.18 23
9.19 8
9.2 5
9.21 33
9.22 26
9.23 26
9.24 8
9.25 4
9.26 30
9.27 25
9.28 24
9.29 0
9.3 8
9.31 32
9.32 30
9.33 23
9.34 0
9.35 0
9.36 15
9.37 36
9.38 28
9.39 26
9.4 0
9.41 0
9.42 20
9.43 40
9.44 27
9.45 5
9.46 0
9.47 5
9.48 26
9.49 47
9.5 27
9.51 15
9.52 0
9.53 3
9.54 27
9.55 48
9.56 29
9.57 14
9.58 0
9.59 16
9.6 35
9.61 26
9.62 17
9.63 0
9.64 0
9.65 17
9.66 36
9.67 27
9.68 23
9.69 8
9.7 0
9.71 5
9.72 25
9.73 42
9.74 27
9.75 17
9.76 0
9.77 12
9.78 36
9.79 25
9.8 21
9.81 0
9.82 2
9.83 27
9.84 50
9.85 30
9.86 31
9.87 0
9.88 16
9.89 37
9.9 26
9.91 23
9.92 11
9.93 12
9.94 32
9.95 22
9.96 0
9.97 0
9.98 11
9.99 34
10 29
10.01 28
10.02 4
10.03 0
10.04 13
10.05 35
10.06 28
10.07 24
10.08 7
10.09 0
10.1 24
10.11 44
10.12 27
10.13 21
10.14 0
10.15 0
10.16 23
10.17 44
10.18 26
10.19 24
10.2 0
10.21 7
10.22 33
10.23 29
10.24 29
10.25 9
10.26 0
10.27 14
10.28 37
10.29 27
10.3 25
10.31 0
10.32 0
10.33 20
10.34 41
10.35 27
10.36 17
10.37 0
10.38 0
10.39 27
10.4 39
10.41 26
10.42 6
10.43 0
10.44 20
10.45 43
10.46 29
10.47 17
10.48 0
10.49 6
10.5 28
10.51 33
10.52 26
10.53 0
10.54 0
10.55 16
10.56 37
10.57 28
10.58 23
10.59 2
10.6 0
10.61 16
10.62 41
10.63 27
10.64 19
10.65 0
10.66 0
10.67 8
10.68 34
10.69 27
10.7 26
10.71 2
10.72 0
10.73 1
10.74 23
10.75 44
10.76 27
10.77 11
10.78 4
10.79 16
10.8 39
10.81 26
10.82 24
10.83 10
10.84 19
10.85 21
10.86 23
10.87 4
10.88 0
10.89 21
10.9 47
10.91 28
10.92 19
10.93 1
10.94 11
10.95 34
10.96 28
10.97 21
10.98 11
10.99 12
11 34
11.01 22
11.02 22
11.03 0
11.04 0
11.05 21
11.06 46
11.07 28
11.08 17
11.09 0
11.1 19
11.11 40
11.12 26
11.13 21
11.14 18
11.15 20
11.16 22
11.17 8
11.18 2
11.19 26
11.2 48
11.21 27
11.22 21
11.23 0
11.24 14
11.25 41
11.26 28
11.27 21
11.28 0
11.29 13
11.3 32
11.31 27
11.32 25
11.33 13
11.34 13
11.35 31
11.36 20
11.37 2
11.38 1
11.39 19
11.4 35
11.41 30
11.42 23
11.43 0
11.44 0
11.45 22
11.46 42
11.47 27
11.48 20
11.49 0
11.5 10
11.51 30
11.52 27
11.53 25
11.54 13
11.55 10
11.56 29
11.57 24
11.58 19
11.59 10
11.6 16
11.61 36
11.62 22
11.63 20
11.64 7
11.65 19
11.66 22
11.67 19
11.68 5
11.69 19
11.7 39
11.71 24
11.72 19
11.73 0
11.74 15
11.75 39
11.76 25
11.77 11
11.78 0
11.79 10
11.8 27
11.81 42
11.82 26
11.83 13
11.84 0
11.85 10
11.86 31
11.87 35
11.88 27
11.89 5
11.9 0
11.91 6
11.92 26
11.93 48
11.94 27
11.95 0
11.96 0
11.97 20
11.98 41
11.99 26
12 24
12.01 0
12.02 6
12.03 31
12.04 26
12.05 19
12.06 19
12.07 12
12.08 21
12.09 21
12.1 20
12.11 20
12.12 23
12.13 17
12.14 9
12.15 16
12.16 41
12.17 23
12.18 23
12.19 0
12.2 8
12.21 28
12.22 51
12.23 29
12.24 17
12.25 0
12.26 8
12.27 32
12.28 26
12.29 27
12.3 12
12.31 14
12.32 26
12.33 21
12.34 20
12.35 2
12.36 0
12.37 19
12.38 44
12.39 28
12.4 14
12.41 0
12.42 2
12.43 30
12.44 44
12.45 28
12.46 12
12.47 10
12.48 24
12.49 23
12.5 20
12.51 0
12.52 4
12.53 29
12.54 25
12.55 24
12.56 12
12.57 2
12.58 18
12.59 41
12.6 25
12.61 22
12.62 0
12.63 5
12.64 26
12.65 46
12.66 27
12.67 6
12.68 0
12.69 9
12.7 32
12.71 26
12.72 22
12.73 12
12.74 0
12.75 9
12.76 32
12.77 28
12.78 25
12.79 14
12.8 10
12.81 28
12.82 23
12.83 14
12.84 0
12.85 3
12.86 27
12.87 47
12.88 30
12.89 19
12.9 0
12.91 0
12.92 18
12.93 38
12.94 27
12.95 27
12.96 7
12.97 3
12.98 25
12.99 47
13 27
13.01 19
13.02 0
13.03 12
13.04 38
13.05 26
13.06 18
13.07 0
13.08 8
13.09 34
13.1 29
13.11 28
13.12 15
13.13 0
13.14 8
13.15 31
13.16 28
13.17 23
13.18 16
13.19 6
13.2 26
13.21 24
13.22 25
13.23 5
13.24 0
13.25 18
13.26 38
13.27 29
13.28 26
13.29 16
13.3 14
13.31 31
13.32 23
13.33 0
13.34 0
13.35 18
13.36 41
13.37 29
13.38 23
13.39 0
13.4 0
13.41 24
13.42 41
13.43 27
13.44 11
13.45 0
13.46 20
13.47 47
13.48 29
13.49 21
13.5 1
13.51 11
13.52 37
13.53 25
13.54 22
13.55 10
13.56 19
13.57 25
13.58 22
13.59 11
13.6 0
13.61 17
13.62 41
13.63 28
13.64 13
13.65 0
13.66 0
13.67 27
13.68 49
13.69 29
13.7 29
13.71 0
13.72 0
13.73 21
13.74 42
13.75 27
13.76 22
13.77 12
13.78 29
13.79 22
13.8 16
13.81 10
13.82 28
13.83 23
13.84 24
13.85 0
13.86 0
13.87 16
13.88 33
13.89 27
13.9 27
13.91 0
13.92 0
13.93 14
13.94 34
13.95 29
13.96 25
13.97 0
13.98 0
13.99 14
14 39
14.01 26
14.02 24
14.03 0
14.04 0
14.05 20
14.06 41
14.07 27
14.08 16
14.09 0
14.1 0
14.11 15
14.12 32
14.13 32
14.14 25
14.15 19
14.16 0
14.17 18
14.18 36
14.19 24
14.2 8
14.21 5
14.22 16
14.23 39
14.24 24
14.25 20
14.26 0
14.27 0
14.28 24
14.29 48
14.3 27
14.31 20
14.32 8
14.33 16
14.34 34
14.35 21
14.36 15
14.37 6
14.38 24
14.39 25
14.4 15
14.41 0
14.42 2
14.43 28
14.44 50
14.45 28
14.46 7
14.47 0
14.48 4
14.49 29
14.5 45
14.51 27
14.52 12
14.53 4
14.54 16
14.55 43
14.56 24
14.57 14
14.58 0
14.59 0
14.6 18
14.61 35
14.62 28
14.63 26
14.64 9
14.65 0
14.66 19
14.67 38
14.68 26
14.69 16
14.7 3
14.71 21
14.72 40
14.73 25
14.74 15
14.75 10
14.76 31
14.77 23
14.78 14
14.79 18
14.8 26
14.81 22
14.82 14
14.83 0
14.84 18
14.85 42
14.86 25
14.87 14
14.88 0
14.89 13
14.9 37
14.91 27
14.92 22
14.93 1
14.94 0
14.95 16
14.96 36
14.97 26
14.98 16
14.99 0
15 3
15.01 31
15.02 26
15.03 22
15.04 12
15.05 9
15.06 28
15.07 25
15.08 18
15.09 3
15.1 0
15.11 23
15.12 41
15.13 28
15.14 22
15.15 5
15.16 0
15.17 10
15.18 27
15.19 34
15.2 26
15.21 3
15.22 0
15.23 12
15.24 35
15.25 27
15.26 18
15.27 0
15.28 13
15.29 34
15.3 27
15.31 15
15.32 0
15.33 0
15.34 21
15.35 40
15.36 27
15.37 12
15.38 5
15.39 6
15.4 29
15.41 33
15.42 24
15.43 11
15.44 19
15.45 21
15.46 21
15.47 6
15.48 14
15.49 33
15.5 23
15.51 12
15.52 0
15.53 7
15.54 27
15.55 41
15.56 26
15.57 19
15.58 10
15.59 20
15.6 21
15.61 20
15.62 14
15.63 17
15.64 20
15.65 22
15.66 19
15.67 0
15.68 0
15.69 22
15.7 46
15.71 28
15.72 28
15.73 1
15.74 0
15.75 20
15.76 45
15.77 26
15.78 16
15.79 7
15.8 19
15.81 31
15.82 23
15.83 0
15.84 0
15.85 7
15.86 28
15.87 48
15.88 29
15.89 13
15.9 3
15.91 16
15.92 40
15.93 27
15.94 9
15.95 0
15.96 18
15.97 40
15.98 24
15.99 15
16 4
16.01 24
16.02 23
16.03 25
16.04 9
16.05 4
16.06 24
16.07 23
16.08 23
16.09 11
16.1 0
16.11 11
16.12 34
16.13 34
16.14 28
16.15 15
16.16 0
16.17 10
16.18 31
16.19 34
16.2 27
16.21 11
16.22 12
16.23 30
16.24 21
16.25 11
16.26 5
16.27 27
16.28 23
16.29 24
16.3 0
16.31 0
16.32 16
16.33 38
16.34 27
16.35 21
16.36 12
16.37 17
16.38 33
16.39 23
16.4 21
16.41 14
16.42 30
16.43 21
16.44 5
16.45 0
16.46 5
16.47 29
16.48 45
16.49 28
16.5 19
16.51 7
16.52 22
16.53 22
16.54 5
16.55 0
16.56 0
16.57 19
16.58 41
16.59 28
16.6 24
16.61 0
16.62 0
16.63 13
16.64 33
16.65 26
16.66 20
16.67 8
16.68 0
16.69 15
16.7 34
16.71 29
16.72 28
16.73 4
16.74 1
16.75 21
16.76 45
16.77 30
16.78 22
16.79 0
16.8 0
16.81 22
16.82 45
16.83 25
16.84 6
16.85 0
16.86 0
16.87 23
16.88 50
16.89 29
16.9 22
16.91 0
16.92 0
16.93 21
16.94 46
16.95 28
16.96 16
16.97 6
16.98 19
16.99 34
17 22
17.01 15
17.02 15
17.03 31
17.04 18
17.05 13
17.06 20
17.07 31
17.08 22
17.09 13
17.1 6
17.11 23
17.12 42
17.13 24
17.14 17
17.15 0
17.16 14
17.17 35
17.18 28
17.19 20
17.2 3
17.21 0
17.22 12
17.23 37
17.24 27
17.25 22
17.26 9
17.27 4
17.28 25
17.29 44
17.3 28
17.31 20
17.32 0
17.33 2
17.34 26
17.35 46
17.36 30
17.37 21
17.38 0
17.39 6
17.4 25
17.41 40
17.42 25
17.43 11
17.44 0
17.45 15
17.46 33
17.47 26
17.48 24
17.49 1
17.5 0
17.51 11
17.52 28
17.53 31
17.54 26
17.55 9
17.56 0
17.57 8
17.58 28
17.59 48
17.6 29
17.61 20
17.62 0
17.63 0
17.64 17
17.65 37
17.66 27
17.67 28
17.68 12
17.69 0
17.7 0
17.71 20
17.72 35
17.73 26
17.74 26
17.75 9
17.76 15
17.77 31
17.78 21
17.79 12
17.8 0
17.81 10
17.82 29
17.83 51
17.84 30
17.85 22
17.86 12
17.87 20
17.88 24
17.89 16
17.9 20
17.91 24
17.92 22
17.93 15
17.94 0
17.95 11
17.96 31
17.97 27
17.98 19
17.99 10
18 9
18.01 26
18.02 24
18.03 17
18.04 8
18.05 24
18.06 24
18.07 24
18.08 0
18.09 0
18.1 18
18.11 41
18.12 31
18.13 30
18.14 0
18.15 0
18.16 11
18.17 29
18.18 40
18.19 26
18.2 0
18.21 0
18.22 18
18.23 34
18.24 28
18.25 20
18.26 0
18.27 0
18.28 2
18.29 23
18.3 40
18.31 29
18.32 15
18.33 0
18.34 5
18.35 22
18.36 42
18.37 30
18.38 22
18.39 7
18.4 1
18.41 18
18.42 40
18.43 31
18.44 28
18.45 5
18.46 6
18.47 25
18.48 24
18.49 23
18.5 15
18.51 1
18.52 19
18.53 39
18.54 29
18.55 27
18.56 5
18.57 0
18.58 14
18.59 30
18.6 26
18.61 25
18.62 6
18.63 10
18.64 27
18.65 38
18.66 27
18.67 10
18.68 9
18.69 26
18.7 22
18.71 2
18.72 0
18.73 0
18.74 14
18.75 34
18.76 39
18.77 30
18.78 22
18.79 0
18.8 16
18.81 32
18.82 24
18.83 16
18.84 0
18.85 14
18.86 36
18.87 27
18.88 19
18.89 0
18.9 0
18.91 18
18.92 38
18.93 28
18.94 26
18.95 8
18.96 0
18.97 19
18.98 38
18.99 27
19 19
19.01 2
19.02 0
19.03 16
19.04 36
19.05 27
19.06 17
19.07 16
19.08 4
19.09 31
19.1 26
19.11 21
19.12 4
19.13 2
19.14 35
19.15 26
19.16 26
19.17 2
19.18 0
19.19 13
19.2 41
19.21 31
19.22 28
19.23 0
19.24 0
19.25 20
19.26 44
19.27 26
19.28 19
19.29 0
19.3 12
19.31 35
19.32 25
19.33 15
19.34 9
19.35 12
19.36 29
19.37 25
19.38 9
19.39 0
19.4 0
19.41 7
19.42 26
19.43 47
19.44 28
19.45 14
19.46 0
19.47 0
19.48 15
19.49 38
19.5 28
19.51 21
19.52 6
19.53 0
19.54 13
19.55 31
19.56 47
19.57 29
19.58 6
19.59 11
19.6 27
19.61 23
19.62 17
19.63 14
19.64 19
19.65 39
19.66 23
19.67 10
19.68 1
19.69 16
19.7 35
19.71 28
19.72 28
19.73 0
19.74 0
19.75 12
19.76 33
19.77 27
19.78 25
19.79 15
19.8 0
19.81 21
19.82 45
19.83 27
19.84 16
19.85 0
19.86 4
19.87 28
19.88 37
19.89 28
19.9 15
19.91 0
19.92 3
19.93 23
19.94 44
19.95 26
19.96 13
19.97 0
19.98 8
19.99 30
20 50
20.01 30
20.02 21
20.03 0
20.04 0
20.05 22
20.06 44
20.07 30
20.08 29
20.09 4
20.1 7
20.11 31
20.12 24
20.13 20
20.14 10
20.15 9
20.16 30
20.17 22
20.18 17
20.19 8
20.2 24
20.21 31
20.22 21
20.23 11
20.24 14
20.25 30
20.26 22
20.27 17
20.28 0
20.29 0
20.3 23
20.31 44
20.32 28
20.33 20
20.34 5
20.35 5
20.36 29
20.37 50
20.38 30
20.39 13
20.4 0
20.41 7
20.42 26
20.43 49
20.44 27
20.45 22
20.46 0
20.47 8
20.48 33
20.49 45
20.5 30
20.51 16
20.52 0
20.53 12
20.54 39
20.55 27
20.56 17
20.57 0
20.58 4
20.59 26
20.6 46
20.61 28
20.62 17
20.63 0
20.64 0
20.65 16
20.66 47
20.67 28
20.68 17
20.69 12
20.7 0
20.71 24
20.72 48
20.73 25
20.74 16
20.75 0
20.76 11
20.77 39
20.78 32
20.79 32
20.8 7
20.81 0
20.82 10
20.83 38
20.84 27
20.85 16
20.86 4
20.87 14
20.88 37
20.89 23
20.9 24
20.91 2
20.92 8
20.93 27
20.94 43
20.95 27
20.96 1
20.97 0
20.98 11
20.99 29
21 46
21.01 31
21.02 11
21.03 0
21.04 10
21.05 30
21.06 44
21.07 28
21.08 2
21.09 0
21.1 13
21.11 28
21.12 37
21.13 28
21.14 0
21.15 0
21.16 14
21.17 39
21.18 31
21.19 28
21.2 9
21.21 14
21.22 29
21.23 23
21.24 21
21.25 16
21.26 26
21.27 22
21.28 23
21.29 1
21.3 10
21.31 27
21.32 41
21.33 26
21.34 0
21.35 0
21.36 3
21.37 22
21.38 41
21.39 28
21.4 13
21.41 0
21.42 0
21.43 20
21.44 40
21.45 29
21.46 21
21.47 7
21.48 0
21.49 12
21.5 33
21.51 26
21.52 19
21.53 14
21.54 0
21.55 9
21.56 28
21.57 44
21.58 26
21.59 14
21.6 0
21.61 6
21.62 25
21.63 43
21.64 29
21.65 15
21.66 0
21.67 5
21.68 26
21.69 47
21.7 27
21.71 13
21.72 0
21.73 0
21.74 8
21.75 30
21.76 43
21.77 28
21.78 17
21.79 0
21.8 11
21.81 34
21.82 27
21.83 26
21.84 17
21.85 6
21.86 30
21.87 41
21.88 28
21.89 16
21.9 0
21.91 11
21.92 41
21.93 28
21.94 24
21.95 0
21.96 0
21.97 24
21.98 45
21.99 27
22 24
22.01 0
22.02 0
22.03 14
22.04 36
22.05 28
22.06 28
22.07 0
22.08 0
22.09 17
22.1 41
22.11 26
22.12 14
22.13 7
22.14 12
22.15 38
22.16 26
22.17 19
22.18 3
22.19 16
22.2 46
22.21 25
22.22 1
22.23 0
22.24 17
22.25 41
22.26 29
22.27 23
22.28 4
22.29 13
22.3 34
22.31 21
22.32 18
22.33 0
22.34 27
22.35 28
22.36 26
22.37 15
22.38 0
22.39 19
22.4 42
22.41 28
22.42 23
22.43 5
22.44 12
22.45 29
22.46 24
22.47 25
22.48 0
22.49 6
22.5 29
22.51 48
22.52 29
22.53 17
22.54 0
22.55 13
22.56 31
22.57 43
22.58 28
22.59 10
22.6 0
22.61 16
22.62 42
22.63 29
22.64 24
22.65 0
22.66 0
22.67 19
22.68 36
22.69 26
22.7 16
22.71 1
22.72 0
22.73 23
22.74 39
22.75 28
22.76 7
22.77 0
22.78 5
22.79 25
22.8 47
22.81 28
22.82 17
22.83 0
22.84 3
22.85 24
22.86 44
22.87 27
22.88 12
22.89 0
22.9 5
22.91 28
22.92 46
22.93 27
22.94 12
22.95 0
22.96 10
22.97 26
22.98 40
22.99 30
23 13
23.01 0
23.02 0
23.03 9
23.04 29
23.05 51
23.06 28
23.07 10
23.08 0
23.09 7
23.1 25
23.11 44
23.12 29
23.13 25
23.14 0
23.15 3
23.16 23
23.17 42
23.18 25
23.19 1
23.2 0
23.21 13
23.22 30
23.23 48
23.24 29
23.25 3
23.26 0
23.27 5
23.28 30
23.29 47
23.3 28
23.31 13
23.32 0
23.33 9
23.34 29
23.35 51
23.36 30
23.37 12
23.38 5
23.39 25
23.4 24
23.41 24
23.42 11
23.43 6
23.44 24
23.45 46
23.46 27
23.47 27
23.48 0
23.49 1
23.5 28
23.51 41
23.52 27
23.53 12
23.54 0
23.55 4
23.56 31
23.57 27
23.58 25
23.59 11
23.6 0
23.61 14
23.62 33
23.63 28
23.64 28
23.65 13
23.66 0
23.67 21
23.68 44
23.69 26
23.7 18
23.71 0
23.72 17
23.73 38
23.74 29
23.75 22
23.76 0
23.77 0
23.78 10
23.79 30
23.8 46
23.81 28
23.82 21
23.83 0
23.84 8
23.85 24
23.86 39
23.87 29
23.88 20
23.89 2
23.9 8
23.91 32
23.92 27
23.93 23
23.94 18
23.95 2
23.96 6
23.97 30
23.98 50
23.99 29
24 11
24.01 0
24.02 0
24.03 15
24.04 35
24.05 29
24.06 25
24.07 12
24.08 0
24.09 20
24.1 39
24.11 28
24.12 21
24.13 2
24.14 8
24.15 29
24.16 48
24.17 28
24.18 13
24.19 6
24.2 22
24.21 23
24.22 22
24.23 0
24.24 7
24.25 30
24.26 26
24.27 22
24.28 14
24.29 5
24.3 29
24.31 23
24.32 18
24.33 0
24.34 11
24.35 32
24.36 41
24.37 28
24.38 21
24.39 0
24.4 0
24.41 24
24.42 47
24.43 28
24.44 13
24.45 0
24.46 6
24.47 31
24.48 25
24.49 26
24.5 0
24.51 0
24.52 11
24.53 31
24.54 27
24.55 24
24.56 4
24.57 0
24.58 10
24.59 34
24.6 28
24.61 18
24.62 7
24.63 4
24.64 31
24.65 31
24.66 24
24.67 20
24.68 0
24.69 6
24.7 31
24.71 26
24.72 25
24.73 2
24.74 8
24.75 29
24.76 40
24.77 28
24.78 15
24.79 0
24.8 12
24.81 33
24.82 29
24.83 27
24.84 6
24.85 0
24.86 0
24.87 15
24.88 42
24.89 29
24.9 21
24.91 17
24.92 5
24.93 33
24.94 26
24.95 23
24.96 0
24.97 0
24.98 22
24.99 49
25 28
25.01 24
25.02 4
25.03 10
25.04 27
25.05 23
25.06 13
25.07 0
25.08 4
25.09 33
25.1 27
25.11 27
25.12 17
25.13 6
25.14 22
25.15 22
25.16 22
25.17 5
25.18 4
25.19 24
25.2 45
25.21 26
25.22 5
25.23 0
25.24 6
25.25 29
25.26 49
25.27 29
25.28 10
25.29 0
25.3 8
25.31 28
25.32 46
25.33 27
25.34 4
25.35 1
25.36 15
25.37 36
25.38 28
25.39 23
25.4 2
25.41 8
25.42 29
25.43 28
25.44 27
25.45 5
25.46 0
25.47 15
25.48 38
25.49 28
25.5 26
25.51 0
25.52 4
25.53 28
25.54 41
25.55 26
25.56 9
25.57 0
25.58 10
25.59 35
25.6 27
25.61 21
25.62 9
25.63 1
25.64 26
25.65 46
25.66 27
25.67 17
25.68 8
25.69 25
25.7 23
25.71 19
25.72 21
25.73 23
25.74 21
25.75 20
25.76 13
25.77 15
25.78 35
25.79 23
25.8 8
25.81 17
25.82 25
25.83 22
25.84 22
25.85 0
25.86 5
25.87 30
25.88 51
25.89 29
25.9 24
25.91 0
25.92 3
25.93 29
25.94 24
25.95 20
25.96 21
25.97 8
25.98 28
25.99 22
26 23
26.01 7
26.02 1
26.03 20
26.04 42
26.05 26
26.06 15
26.07 6
26.08 11
26.09 33
26.1 23
26.11 16
26.12 0
26.13 12
26.14 35
26.15 28
26.16 25
26.17 3
26.18 0
26.19 12
26.2 36
26.21 27
26.22 21
26.23 0
26.24 0
26.25 20
26.26 40
26.27 27
26.28 18
26.29 0
26.3 2
26.31 21
26.32 43
26.33 27
26.34 18
26.35 0
26.36 0
26.37 16
26.38 38
26.39 27
26.4 13
26.41 0
26.42 0
26.43 8
26.44 28
26.45 46
26.46 27
26.47 4
26.48 0
26.49 5
26.5 26
26.51 46
26.52 27
26.53 22
26.54 0
26.55 3
26.56 25
26.57 43
26.58 28
26.59 4
26.6 0
26.61 10
26.62 30
26.63 33
26.64 27
26.65 0
26.66 0
26.67 14
26.68 33
26.69 27
26.7 27
26.71 21
26.72 0
26.73 0
26.74 17
26.75 38
26.76 27
26.77 26
26.78 24
26.79 5
26.8 26
26.81 26
26.82 21
26.83 8
26.84 0
26.85 17
26.86 34
26.87 26
26.88 17
26.89 14
26.9 18
26.91 36
26.92 22
26.93 4
26.94 0
26.95 16
26.96 41
26.97 30
26.98 25
26.99 8
27 3
27.01 24
27.02 44
27.03 29
27.04 25
27.05 1
27.06 0
27.07 19
27.08 42
27.09 30
27.1 30
27.11 15
27.12 5
27.13 13
27.14 34
27.15 26
27.16 11
27.17 0
27.18 2
27.19 26
27.2 48
27.21 28
27.22 13
27.23 0
27.24 12
27.25 38
27.26 28
27.27 16
27.28 10
27.29 19
27.3 23
27.31 16
27.32 13
27.33 14
27.34 35
27.35 24
27.36 18
27.37 0
27.38 16
27.39 37
27.4 29
27.41 24
27.42 5
27.43 0
27.44 18
27.45 40
27.46 28
27.47 15
27.48 0
27.49 9
27.5 35
27.51 26
27.52 19
27.53 0
27.54 0
27.55 17
27.56 36
27.57 29
27.58 23
27.59 0
27.6 0
27.61 25
27.62 46
27.63 29
27.64 14
27.65 0
27.66 9
27.67 28
27.68 29
27.69 26
27.7 17
27.71 0
27.72 10
27.73 33
27.74 30
27.75 28
27.76 16
27.77 0
27.78 5
27.79 26
27.8 49
27.81 28
27.82 21
27.83 8
27.84 14
27.85 34
27.86 24
27.87 23
27.88 0
27.89 11
27.9 30
27.91 26
27.92 19
27.93 9
27.94 17
27.95 35
27.96 23
27.97 13
27.98 12
27.99 31
28 22
28.01 0
28.02 6
28.03 25
28.04 48
28.05 27
28.06 13
28.07 7
28.08 12
28.09 33
28.1 25
28.11 11
28.12 0
28.13 0
28.14 18
28.15 40
28.16 28
28.17 23
28.18 9
28.19 0
28.2 11
28.21 30
28.22 28
28.23 26
28.24 9
28.25 0
28.26 4
28.27 23
28.28 46
28.29 27
28.3 27
28.31 0
28.32 3
28.33 24
28.34 47
28.35 26
28.36 6
28.37 0
28.38 4
28.39 25
28.4 50
28.41 28
28.42 17
28.43 5
28.44 20
28.45 22
28.46 22
28.47 0
28.48 0
28.49 12
28.5 30
28.51 51
28.52 28
28.53 5
28.54 1
28.55 18
28.56 37
28.57 26
28.58 25
28.59 0
28.6 0
28.61 15
28.62 35
28.63 27
28.64 20
28.65 0
28.66 5
28.67 28
28.68 49
28.69 29
28.7 21
28.71 0
28.72 11
28.73 34
28.74 28
28.75 25
28.76 13
28.77 0
28.78 5
28.79 29
28.8 46
28.81 28
28.82 15
28.83 0
28.84 11
28.85 29
28.86 26
28.87 21
28.88 0
28.89 0
28.9 20
28.91 39
28.92 27
28.93 12
28.94 2
28.95 0
28.96 23
28.97 46
28.98 30
28.99 8
29 0
29.01 12
29.02 34
29.03 27
29.04 16
29.05 3
29.06 13
29.07 38
29.08 28
29.09 28
29.1 12
29.11 6
29.12 27
29.13 23
29.14 18
29.15 16
29.16 18
29.17 37
29.18 24
29.19 16
29.2 12
29.21 31
29.22 23
29.23 10
29.24 0
29.25 20
29.26 46
29.27 25
29.28 16
29.29 0
29.3 11
29.31 37
29.32 30
29.33 28
29.34 22
29.35 0
29.36 9
29.37 23
29.38 45
29.39 27
29.4 23
29.41 3
29.42 24
29.43 32
29.44 25
29.45 10
29.46 0
29.47 16
29.48 38
29.49 27
29.5 22
29.51 4
29.52 14
29.53 39
29.54 24
29.55 17
29.56 3
29.57 25
29.58 23
29.59 13
29.6 8
29.61 3
29.62 24
29.63 42
29.64 27
29.65 23
29.66 0
29.67 9
29.68 29
29.69 26
29.7 22
29.71 20
29.72 7
29.73 12
29.74 36
29.75 29
29.76 29
29.77 11
29.78 0
29.79 0
29.8 21
29.81 42
29.82 27
29.83 10
29.84 1
29.85 4
29.86 21
29.87 32
29.88 26
29.89 22
29.9 17
29.91 6
29.92 29
29.93 22
29.94 15
29.95 0
29.96 0
29.97 20
29.98 39
29.99 29
30 26
30.01 14
30.02 10
30.03 25
30.04 21
30.05 16
30.06 6
30.07 4
30.08 26
30.09 46
30.1 27
30.11 4
30.12 4
30.13 17
30.14 39
30.15 23
30.16 11
30.17 3
30.18 21
30.19 23
30.2 23
30.21 23
30.22 0
30.23 11
30.24 28
30.25 45
30.26 27
30.27 20
30.28 4
30.29 15
30.3 33
30.31 27
30.32 22
30.33 11
30.34 22
30.35 21
30.36 21
30.37 0
30.38 2
30.39 22
30.4 43
30.41 26
30.42 17
30.43 0
30.44 14
30.45 35
30.46 29
30.47 21
30.48 10
30.49 4
30.5 30
30.51 30
30.52 27
30.53 9
30.54 3
30.55 29
30.56 24
30.57 24
30.58 4
30.59 0
30.6 7
30.61 32
30.62 27
30.63 28
30.64 7
30.65 1
30.66 24
30.67 43
30.68 27
30.69 11
30.7 0
30.71 13
30.72 36
30.73 27
30.74 27
30.75 8
30.76 0
30.77 15
30.78 42
30.79 27
30.8 19
30.81 13
30.82 22
30.83 22
30.84 20
30.85 7
30.86 16
30.87 40
30.88 24
30.89 17
30.9 0
30.91 18
30.92 43
30.93 30
30.94 21
30.95 1
30.96 0
30.97 10
30.98 36
30.99 26
31 17
31.01 0
31.02 0
31.03 18
31.04 43
31.05 26
31.06 17
31.07 0
31.08 2
31.09 27
31.1 46
31.11 27
31.12 11
31.13 0
31.14 4
31.15 28
31.16 49
31.17 29
31.18 17
31.19 20
31.2 21
31.21 14
31.22 20
31.23 21
31.24 11
31.25 4
31.26 14
31.27 36
31.28 26
31.29 8
31.3 0
31.31 3
31.32 29
31.33 46
31.34 27
31.35 21
31.36 6
31.37 24
31.38 25
31.39 17
31.4 12
31.41 30
31.42 21
31.43 5
31.44 0
31.45 16
31.46 34
31.47 29
31.48 19
31.49 15
31.5 15
31.51 34
31.52 21
31.53 11
31.54 0
31.55 17
31.56 36
31.57 28
31.58 24
31.59 10
31.6 14
31.61 30
31.62 22
31.63 16
31.64 14
31.65 17
31.66 35
31.67 23
31.68 12
31.69 2
31.7 17
31.71 33
31.72 26
31.73 15
31.74 0
31.75 0
31.76 17
31.77 36
31.78 30
31.79 21
31.8 4
31.81 2
31.82 25
31.83 49
31.84 28
31.85 23
31.86 0
31.87 0
31.88 26
31.89 53
31.9 29
31.91 12
31.92 0
31.93 6
31.94 36
31.95 27
31.96 22
31.97 4
31.98 0
31.99 19
32 47
32.01 28
32.02 14
32.03 0
32.04 0
32.05 25
32.06 48
32.07 31
32.08 13
32.09 0
32.1 0
32.11 25
32.12 37
32.13 26
32.14 19
32.15 9
32.16 20
32.17 23
32.18 16
32.19 4
32.2 20
32.21 26
32.22 22
32.23 23
32.24 22
32.25 19
32.26 21
32.27 8
32.28 0
32.29 16
32.3 47
32.31 27
32.32 20
32.33 7
32.34 20
32.35 22
32.36 21
32.37 11
32.38 8
32.39 23
32.4 23
32.41 13
32.42 0
32.43 3
32.44 27
32.45 43
32.46 27
32.47 21
32.48 11
32.49 18
32.5 23
32.51 10
32.52 4
32.53 18
32.54 36
32.55 24
32.56 15
32.57 13
32.58 28
32.59 19
32.6 3
32.61 13
32.62 38
32.63 25
32.64 10
32.65 6
32.66 19
32.67 35
32.68 22
32.69 6
32.7 5
32.71 22
32.72 43
32.73 29
32.74 8
32.75 0
32.76 0
32.77 9
32.78 30
32.79 48
32.8 28
32.81 16
32.82 0
32.83 10
32.84 24
32.85 43
32.86 25
32.87 8
32.88 0
32.89 0
32.9 22
32.91 44
32.92 28
32.93 17
32.94 0
32.95 7
32.96 28
32.97 25
32.98 24
32.99 0
33 0
33.01 15
33.02 41
33.03 29
33.04 27
33.05 0
33.06 0
33.07 5
33.08 28
33.09 47
33.1 30
33.11 14
33.12 0
33.13 0
33.14 20
33.15 38
33.16 26
33.17 19
33.18 4
33.19 0
33.2 18
33.21 38
33.22 28
33.23 27
33.24 8
33.25 3
33.26 23
33.27 48
33.28 29
33.29 17
33.3 0
33.31 6
33.32 37
33.33 27
33.34 25
33.35 11
33.36 3
33.37 30
33.38 35
33.39 27
33.4 3
33.41 1
33.42 26
33.43 33
33.44 25
33.45 9
33.46 0
33.47 24
33.48 44
33.49 26
33.5 16
33.51 8
33.52 29
33.53 22
33.54 21
33.55 18
33.56 15
33.57 18
33.58 21
33.59 15
33.6 12
33.61 25
33.62 22
33.63 11
33.64 7
33.65 17
33.66 43
33.67 25
33.68 26
33.69 17
33.7 20
33.71 21
33.72 20
33.73 4
33.74 24
33.75 23
33.76 21
33.77 8
33.78 20
33.79 23
33.8 23
33.81 1
33.82 6
33.83 23
33.84 40
33.85 27
33.86 20
33.87 0
33.88 3
33.89 19
33.9 38
33.91 25
33.92 13
33.93 0
33.94 5
33.95 26
33.96 47
33.97 26
33.98 14
33.99 7
34 17
34.01 33
34.02 21
34.03 6
34.04 11
34.05 30
34.06 22
34.07 22
34.08 14
34.09 16
34.1 37
34.11 23
34.12 11
34.13 3
34.14 22
34.15 35
34.16 23
34.17 15
34.18 14
34.19 32
34.2 21
34.21 12
34.22 6
34.23 25
34.24 24
34.25 15
34.26 0
34.27 0
34.28 20
34.29 42
34.3 28
34.31 26
34.32 0
34.33 10
34.34 32
34.35 25
34.36 13
34.37 2
34.38 6
34.39 34
34.4 26
34.41 17
34.42 0
34.43 0
34.44 22
34.45 45
34.46 26
34.47 12
34.48 0
34.49 12
34.5 35
34.51 27
34.52 18
34.53 5
34.54 13
34.55 37
34.56 26
34.57 17
34.58 9
34.59 8
34.6 33
34.61 25
34.62 25
34.63 4
34.64 0
34.65 16
34.66 40
34.67 27
34.68 14
34.69 0
34.7 7
34.71 31
34.72 42
34.73 28
34.74 13
34.75 1
34.76 19
34.77 39
34.78 26
34.79 11
34.8 0
34.81 19
34.82 39
34.83 28
34.84 23
34.85 0
34.86 0
34.87 27
34.88 40
34.89 26
34.9 5
34.91 0
34.92 19
34.93 38
34.94 27
34.95 20
34.96 0
34.97 0
34.98 20
34.99 42
35 28
35.01 20
35.02 0
35.03 0
35.04 7
35.05 26
35.06 51
35.07 28
35.08 3
35.09 0
35.1 15
35.11 38
35.12 27
35.13 18
35.14 21
35.15 24
35.16 22
35.17 16
35.18 0
35.19 6
35.2 31
35.21 37
35.22 26
35.23 9
35.24 0
35.25 6
35.26 29
35.27 27
35.28 26
35.29 20
35.3 13
35.31 20
35.32 21
35.33 17
35.34 0
35.35 8
35.36 30
35.37 25
35.38 25
35.39 0
35.4 1
35.41 23
35.42 42
35.43 25
35.44 17
35.45 0
35.46 12
35.47 32
35.48 28
35.49 22
35.5 0
35.51 0
35.52 21
35.53 40
35.54 28
35.55 22
35.56 0
35.57 0
35.58 22
35.59 41
35.6 27
35.61 24
35.62 2
35.63 0
35.64 26
35.65 49
35.66 32
35.67 24
35.68 4
35.69 19
35.7 32
35.71 20
35.72 21
35.73 16
35.74 30
35.75 21
35.76 23
35.77 20
35.78 17
35.79 21
35.8 21
35.81 7
35.82 0
35.83 9
35.84 37
35.85 27
35.86 17
35.87 3
35.88 0
35.89 29
35.9 43
35.91 27
35.92 23
35.93 10
35.94 23
35.95 20
35.96 15
35.97 11
35.98 14
35.99 33
36 24
36.01 18
36.02 2
36.03 0
36.04 16
36.05 40
36.06 28
36.07 26
36.08 16
36.09 5
36.1 26
36.11 24
36.12 22
36.13 14
36.14 0
36.15 8
36.16 27
36.17 47
36.18 27
36.19 14
36.2 0
36.21 0
36.22 21
36.23 47
36.24 27
36.25 7
36.26 0
36.27 8
36.28 37
36.29 26
36.3 24
36.31 3
36.32 0
36.33 19
36.34 41
36.35 30
36.36 26
36.37 12
36.38 14
36.39 34
36.4 21
36.41 0
36.42 0
36.43 17
36.44 42
36.45 27
36.46 25
36.47 2
36.48 0
36.49 13
36.5 34
36.51 26
36.52 12
36.53 8
36.54 6
36.55 31
36.56 28
36.57 21
36.58 6
36.59 0
36.6 11
36.61 32
36.62 25
36.63 23
36.64 0
36.65 0
36.66 20
36.67 40
36.68 27
36.69 23
36.7 0
36.71 9
36.72 31
36.73 27
36.74 24
36.75 5
36.76 0
36.77 5
36.78 30
36.79 36
36.8 27
36.81 0
36.82 0
36.83 7
36.84 30
36.85 28
36.86 28
36.87 6
36.88 0
36.89 19
36.9 42
36.91 25
36.92 15
36.93 0
36.94 6
36.95 31
36.96 54
36.97 31
36.98 11
36.99 0
37 4
37.01 25
37.02 44
37.03 26
37.04 3
37.05 0
37.06 7
37.07 34
37.08 28
37.09 24
37.1 0
37.11 0
37.12 30
37.13 35
37.14 26
37.15 0
37.16 0
37.17 23
37.18 44
37.19 26
37.2 15
37.21 0
37.22 6
37.23 28
37.24 49
37.25 30
37.26 14
37.27 0
37.28 0
37.29 22
37.3 43
37.31 26
37.32 15
37.33 0
37.34 12
37.35 34
37.36 26
37.37 23
37.38 8
37.39 7
37.4 28
37.41 23
37.42 18
37.43 16
37.44 7
37.45 26
37.46 47
37.47 27
37.48 15
37.49 0
37.5 10
37.51 29
37.52 28
37.53 27
37.54 13
37.55 0
37.56 3
37.57 23
37.58 44
37.59 26
37.6 19
37.61 16
37.62 24
37.63 20
37.64 15
37.65 10
37.66 11
37.67 28
37.68 25
37.69 21
37.7 0
37.71 0
37.72 18
37.73 43
37.74 28
37.75 20
37.76 6
37.77 8
37.78 26
37.79 25
37.8 24
37.81 4
37.82 0
37.83 16
37.84 36
37.85 29
37.86 25
37.87 5
37.88 0
37.89 18
37.9 41
37.91 27
37.92 22
37.93 0
37.94 0
37.95 22
37.96 44
37.97 27
37.98 17
37.99 0
38 0
38.01 19
38.02 36
38.03 27
38.04 17
38.05 9
38.06 0
38.07 14
38.08 40
38.09 28
38.1 13
38.11 0
38.12 3
38.13 29
38.14 49
38.15 28
38.16 20
38.17 0
38.18 13
38.19 38
38.2 26
38.21 6
38.22 0
38.23 0
38.24 21
38.25 43
38.26 31
38.27 23
38.28 0
38.29 5
38.3 25
38.31 48
38.32 32
38.33 17
38.34 0
38.35 0
38.36 23
38.37 47
38.38 29
38.39 18
38.4 2
38.41 16
38.42 41
38.43 25
38.44 15
38.45 0
38.46 17
38.47 44
38.48 29
38.49 21
38.5 0
38.51 0
38.52 22
38.53 39
38.54 27
38.55 10
38.56 0
38.57 20
38.58 36
38.59 27
38.6 23
38.61 0
38.62 0
38.63 23
38.64 43
38.65 28
38.66 25
38.67 0
38.68 7
38.69 29
38.7 26
38.71 29
38.72 9
38.73 2
38.74 26
38.75 24
38.76 24
38.77 7
38.78 3
38.79 25
38.8 45
38.81 27
38.82 20
38.83 17
38.84 19
38.85 22
38.86 6
38.87 1
38.88 16
38.89 37
38.9 27
38.91 22
38.92 4
38.93 3
38.94 26
38.95 43
38.96 29
38.97 21
38.98 3
38.99 20
39 22
39.01 19
39.02 0
39.03 11
39.04 34
39.05 29
39.06 27
39.07 21
39.08 9
39.09 9
39.1 31
39.11 26
39.12 28
39.13 6
39.14 0
39.15 15
39.16 38
39.17 28
39.18 22
39.19 1
39.2 7
39.21 31
39.22 27
39.23 26
39.24 10
39.25 0
39.26 18
39.27 42
39.28 24
39.29 8
39.3 0
39.31 0
39.32 26
39.33 54
39.34 29
39.35 8
39.36 7
39.37 20
39.38 22
39.39 20
39.4 11
39.41 13
39.42 39
39.43 24
39.44 19
39.45 13
39.46 13
39.47 37
39.48 22
39.49 12
39.5 6
39.51 21
39.52 35
39.53 24
39.54 14
39.55 11
39.56 31
39.57 22
39.58 16
39.59 0
39.6 0
39.61 27
39.62 49
39.63 28
39.64 26
39.65 0
39.66 0
39.67 27
39.68 47
39.69 29
39.7 25
39.71 0
39.72 2
39.73 29
39.74 29
39.75 28
39.76 19
39.77 0
39.78 12
39.79 37
39.8 30
39.81 29
39.82 12
39.83 0
39.84 24
39.85 43
39.86 26
39.87 21
39.88 0
39.89 8
39.9 33
39.91 28
39.92 25
39.93 11
39.94 0
39.95 10
39.96 32
39.97 27
39.98 21
39.99 2
40 0
40.01 14
40.02 36
40.03 28
40.04 25
40.05 14
40.06 5
40.07 23
40.08 44
40.09 29
40.1 17
40.11 3
40.12 4
40.13 29
40.14 48
40.15 28
40.16 24
40.17 14
40.18 20
40.19 19
40.2 2
40.21 4
40.22 22
40.23 44
40.24 28
40.25 21
40.26 1
40.27 14
40.28 35
40.29 23
40.3 11
40.31 0
40.32 17
40.33 33
40.34 30
40.35 24
40.36 8
40.37 0
40.38 18
40.39 41
40.4 28
40.41 21
40.42 10
40.43 12
40.44 36
40.45 25
40.46 21
40.47 11
40.48 11
40.49 33
40.5 23
40.51 18
40.52 0
40.53 7
40.54 32
40.55 27
40.56 24
40.57 12
40.58 6
40.59 29
40.6 22
40.61 22
40.62 9
40.63 14
40.64 38
40.65 22
40.66 15
40.67 0
40.68 18
40.69 43
40.7 28
40.71 15
40.72 0
40.73 0
40.74 26
40.75 50
40.76 27
40.77 11
40.78 0
40.79 18
40.8 44
40.81 29
40.82 14
40.83 5
40.84 0
40.85 10
40.86 32
40.87 27
40.88 27
40.89 0
40.9 0
40.91 13
40.92 34
40.93 28
40.94 25
40.95 16
40.96 0
40.97 13
40.98 36
40.99 27
41 17
41.01 0
41.02 4
41.03 29
41.04 29
41.05 26
41.06 0
41.07 0
41.08 10
41.09 30
41.1 40
41.11 28
41.12 1
41.13 0
41.14 13
41.15 35
41.16 26
41.17 24
41.18 10
41.19 15
41.2 32
41.21 23
41.22 14
41.23 0
41.24 17
41.25 38
41.26 29
41.27 27
41.28 10
41.29 2
41.3 22
41.31 44
41.32 27
41.33 19
41.34 0
41.35 6
41.36 37
41.37 27
41.38 26
41.39 8
41.4 2
41.41 21
41.42 36
41.43 22
41.44 15
41.45 24
41.46 21
41.47 8
41.48 0
41.49 14
41.5 34
41.51 27
41.52 22
41.53 0
41.54 2
41.55 28
41.56 48
41.57 29
41.58 25
41.59 11
41.6 18
41.61 22
41.62 12
41.63 17
41.64 10
41.65 29
41.66 23
41.67 18
41.68 0
41.69 0
41.7 22
41.71 47
41.72 26
41.73 17
41.74 0
41.75 10
41.76 42
41.77 29
41.78 24
41.79 0
41.8 0
41.81 24
41.82 46
41.83 26
41.84 19
41.85 0
41.86 17
41.87 38
41.88 28
41.89 21
41.9 6
41.91 0
41.92 16
41.93 39
41.94 28
41.95 25
41.96 3
41.97 0
41.98 15
41.99 37
42 27
42.01 19
42.02 0
42.03 0
42.04 14
42.05 29
42.06 30
42.07 26
42.08 5
42.09 1
42.1 18
42.11 36
42.12 27
42.13 27
42.14 0
42.15 0
42.16 9
42.17 30
42.18 49
42.19 30
42.2 28
42.21 0
42.22 0
42.23 10
42.24 28
42.25 44
42.26 26
42.27 0
42.28 0
42.29 14
42.3 32
42.31 26
42.32 19
42.33 10
42.34 14
42.35 32
42.36 24
42.37 23
42.38 9
42.39 19
42.4 29
42.41 23
42.42 4
42.43 15
42.44 37
42.45 23
42.46 8
42.47 0
42.48 18
42.49 44
42.5 27
42.51 15
42.52 2
42.53 12
42.54 38
42.55 28
42.56 13
42.57 0
42.58 8
42.59 30
42.6 32
42.61 26
42.62 2
42.63 0
42.64 4
42.65 25
42.66 40
42.67 26
42.68 7
42.69 0
42.7 2
42.71 19
42.72 39
42.73 29
42.74 26
42.75 0
42.76 0
42.77 22
42.78 46
42.79 27
42.8 22
42.81 8
42.82 6
42.83 29
42.84 23
42.85 25
42.86 9
42.87 20
42.88 22
42.89 11
42.9 0
42.91 15
42.92 36
42.93 29
42.94 23
42.95 20
42.96 9
42.97 30
42.98 24
42.99 23
43 21
43.01 8
43.02 26
43.03 23
43.04 22
43.05 0
43.06 5
43.07 26
43.08 47
43.09 27
43.1 17
43.11 0
43.12 2
43.13 26
43.14 50
43.15 27
43.16 17
43.17 13
43.18 16
43.19 20
43.2 15
43.21 1
43.22 0
43.23 17
43.24 38
43.25 29
43.26 27
43.27 1
43.28 9
43.29 29
43.3 25
43.31 23
43.32 0
43.33 7
43.34 26
43.35 45
43.36 29
43.37 2
43.38 0
43.39 11
43.4 31
43.41 37
43.42 28
43.43 1
43.44 0
43.45 15
43.46 37
43.47 26
43.48 22
43.49 0
43.5 0
43.51 19
43.52 36
43.53 25
43.54 16
43.55 0
43.56 0
43.57 21
43.58 41
43.59 27
43.6 25
43.61 11
43.62 11
43.63 29
43.64 24
43.65 20
43.66 1
43.67 15
43.68 40
43.69 24
43.7 12
43.71 4
43.72 26
43.73 22
43.74 17
43.75 10
43.76 4
43.77 21
43.78 43
43.79 27
43.8 22
43.81 9
43.82 19
43.83 22
43.84 15
43.85 4
43.86 3
43.87 26
43.88 52
43.89 28
43.9 29
43.91 23
43.92 26
43.93 18
43.94 22
43.95 21
43.96 15
43.97 12
43.98 30
43.99 21
44 20
44.01 0
44.02 6
44.03 32
44.04 30
44.05 27
44.06 8
44.07 6
44.08 28
44.09 22
44.1 25
44.11 0
44.12 10
44.13 35
44.14 26
44.15 23
44.16 13
44.17 7
44.18 21
44.19 41
44.2 26
44.21 10
44.22 0
44.23 5
44.24 30
44.25 41
44.26 29
44.27 16
44.28 0
44.29 12
44.3 34
44.31 30
44.32 30
44.33 16
44.34 0
44.35 1
44.36 21
44.37 45
44.38 29
44.39 10
44.4 0
44.41 0
44.42 20
44.43 37
44.44 26
44.45 19
44.46 13
44.47 13
44.48 31
44.49 23
44.5 9
44.51 0
44.52 11
44.53 31
44.54 42
44.55 26
44.56 16
44.57 2
44.58 18
44.59 34
44.6 27
44.61 27
44.62 9
44.63 8
44.64 30
44.65 22
44.66 11
44.67 0
44.68 1
44.69 22
44.7 41
44.71 30
44.72 31
44.73 3
44.74 0
44.75 8
44.76 30
44.77 38
44.78 26
44.79 2
44.8 5
44.81 24
44.82 43
44.83 29
44.84 27
44.85 0
44.86 3
44.87 28
44.88 44
44.89 27
44.9 11
44.91 6
44.92 15
44.93 35
44.94 24
44.95 18
44.96 3
44.97 10
44.98 30
44.99 25
45 25
45.01 0
45.02 3
45.03 22
45.04 45
45.05 25
45.06 19
45.07 19
45.08 22
45.09 17
45.1 24
45.11 25
45.12 17
45.13 0
45.14 20
45.15 45
45.16 28
45.17 22
45.18 1
45.19 2
45.2 31
45.21 47
45.22 26
45.23 19
45.24 11
45.25 19
45.26 21
45.27 19
45.28 0
45.29 9
45.3 35
45.31 27
45.32 26
45.33 12
45.34 0
45.35 22
45.36 46
45.37 26
45.38 19
45.39 0
45.4 17
45.41 39
45.42 29
45.43 26
45.44 10
45.45 6
45.46 25
45.47 23
45.48 20
45.49 11
45.5 0
45.51 16
45.52 39
45.53 27
45.54 24
45.55 7
45.56 0
45.57 21
45.58 46
45.59 30
45.6 18
45.61 0
45.62 6
45.63 30
45.64 50
45.65 31
45.66 11
45.67 3
45.68 21
45.69 45
45.7 27
45.71 20
45.72 8
45.73 26
45.74 22
45.75 5
45.76 0
45.77 10
45.78 36
45.79 28
45.8 27
45.81 0
45.82 0
45.83 4
45.84 31
45.85 28
45.86 25
45.87 0
45.88 0
45.89 18
45.9 38
45.91 26
45.92 27
45.93 6
45.94 8
45.95 26
45.96 42
45.97 26
45.98 11
45.99 3
46 23
46.01 42
46.02 27
46.03 11
46.04 0
46.05 18
46.06 39
46.07 27
46.08 24
46.09 10
46.1 0
46.11 17
46.12 40
46.13 29
46.14 20
46.15 5
46.16 13
46.17 42
46.18 24
46.19 23
46.2 0
46.21 0
46.22 28
46.23 41
46.24 28
46.25 20
46.26 5
46.27 20
46.28 41
46.29 27
46.3 18
46.31 0
46.32 6
46.33 33
46.34 28
46.35 22
46.36 5
46.37 17
46.38 39
46.39 23
46.4 6
46.41 0
46.42 26
46.43 51
46.44 28
46.45 10
46.46 1
46.47 16
46.48 42
46.49 26
46.5 19
46.51 0
46.52 0
46.53 18
46.54 44
46.55 28
46.56 14
46.57 0
46.58 14
46.59 37
46.6 26
46.61 14
46.62 8
46.63 20
46.64 28
46.65 23
46.66 6
46.67 3
46.68 18
46.69 36
46.7 29
46.71 10
46.72 0
46.73 8
46.74 28
46.75 45
46.76 28
46.77 13
46.78 0
46.79 7
46.8 33
46.81 27
46.82 29
46.83 7
46.84 0
46.85 16
46.86 40
46.87 27
46.88 29
46.89 0
46.9 0
46.91 6
46.92 28
46.93 45
46.94 27
46.95 17
46.96 2
46.97 9
46.98 32
46.99 24
47 15
47.01 0
47.02 13
47.03 34
47.04 28
47.05 21
47.06 1
47.07 0
47.08 22
47.09 44
47.1 27
47.11 19
47.12 0
47.13 17
47.14 38
47.15 26
47.16 5
47.17 0
47.18 1
47.19 25
47.2 45
47.21 28
47.22 27
47.23 0
47.24 1
47.25 24
47.26 44
47.27 27
47.28 17
47.29 0
47.3 9
47.31 30
47.32 26
47.33 26
47.34 17
47.35 5
47.36 18
47.37 34
47.38 23
47.39 11
47.4 4
47.41 23
47.42 44
47.43 27
47.44 13
47.45 7
47.46 28
47.47 22
47.48 21
47.49 9
47.5 12
47.51 35
47.52 23
47.53 19
47.54 12
47.55 6
47.56 33
47.57 25
47.58 25
47.59 15
47.6 0
47.61 15
47.62 41
47.63 27
47.64 28
47.65 6
47.66 12
47.67 33
47.68 23
47.69 19
47.7 21
47.71 19
47.72 19
47.73 21
47.74 20
47.75 12
47.76 25
47.77 20
47.78 9
47.79 22
47.8 28
47.81 24
47.82 19
47.83 5
47.84 26
47.85 23
47.86 14
47.87 15
47.88 14
47.89 40
47.9 25
47.91 25
47.92 15
47.93 15
47.94 21
47.95 18
47.96 9
47.97 19
47.98 22
47.99 24
48 11
48.01 20
48.02 23
48.03 16
48.04 17
48.05 22
48.06 20
48.07 0
48.08 8
48.09 35
48.1 29
48.11 27
48.12 10
48.13 0
48.14 6
48.15 31
48.16 27
48.17 26
48.18 13
48.19 2
48.2 17
48.21 36
48.22 27
48.23 27
48.24 0
48.25 0
48.26 8
48.27 30
48.28 28
48.29 28
48.3 2
48.31 0
48.32 7
48.33 32
48.34 27
48.35 25
48.36 6
48.37 0
48.38 20
48.39 42
48.4 28
48.41 20
48.42 0
48.43 6
48.44 27
48.45 47
48.46 27
48.47 11
48.48 8
48.49 28
48.5 23
48.51 20
48.52 11
48.53 13
48.54 34
48.55 22
48.56 12
48.57 10
48.58 32
48.59 23
48.6 17
48.61 0
48.62 8
48.63 31
48.64 39
48.65 27
48.66 9
48.67 0
48.68 10
48.69 36
48.7 28
48.71 27
48.72 0
48.73 0
48.74 14
48.75 39
48.76 27
48.77 21
48.78 24
48.79 13
48.8 20
48.81 21
48.82 9
48.83 17
48.84 36
48.85 21
48.86 0
48.87 0
48.88 17
48.89 40
48.9 29
48.91 22
48.92 0
48.93 0
48.94 21
48.95 45
48.96 27
48.97 13
48.98 0
48.99 7
49 30
49.01 48
49.02 29
49.03 15
49.04 3
49.05 23
49.06 23
49.07 23
49.08 12
49.09 0
49.1 4
49.11 28
49.12 51
49.13 29
49.14 16
49.15 16
49.16 24
49.17 20
49.18 20
49.19 10
49.2 27
49.21 23
49.22 10
49.23 9
49.24 19
49.25 37
49.26 25
49.27 0
49.28 0
49.29 13
49.3 36
49.31 28
49.32 22
49.33 7
49.34 0
49.35 18
49.36 43
49.37 28
49.38 12
49.39 0
49.4 13
49.41 35
49.42 28
49.43 29
49.44 6
49.45 0
49.46 10
49.47 35
49.48 26
49.49 14
49.5 11
49.51 12
49.52 32
49.53 23
49.54 13
49.55 18
49.56 25
49.57 21
49.58 11
49.59 6
49.6 3
49.61 27
49.62 50
49.63 29
49.64 27
49.65 14
49.66 17
49.67 17
49.68 19
49.69 19
49.7 11
49.71 29
49.72 24
49.73 22
49.74 16
49.75 14
49.76 24
49.77 22
49.78 23
49.79 9
49.8 0
49.81 14
49.82 38
49.83 29
49.84 24
49.85 0
49.86 1
49.87 22
49.88 42
49.89 28
49.9 16
49.91 0
49.92 16
49.93 36
49.94 26
49.95 21
49.96 0
49.97 1
49.98 29
49.99 28
50 27
50.01 5
50.02 0
50.03 5
50.04 29
50.05 48
50.06 27
50.07 0
50.08 0
50.09 16
50.1 40
50.11 28
50.12 24
50.13 0
50.14 0
50.15 28
50.16 42
50.17 28
50.18 21
50.19 17
50.2 30
50.21 21
50.22 4
50.23 10
50.24 29
50.25 25
50.26 23
50.27 2
50.28 7
50.29 26
50.3 23
50.31 24
50.32 12
50.33 10
50.34 15
50.35 35
50.36 25
50.37 18
50.38 21
50.39 15
50.4 20
50.41 17
50.42 0
50.43 0
50.44 20
50.45 39
50.46 27
50.47 24
50.48 5
50.49 4
50.5 24
50.51 42
50.52 29
50.53 11
50.54 0
50.55 14
50.56 38
50.57 28
50.58 19
50.59 0
50.6 0
50.61 16
50.62 34
50.63 28
50.64 19
50.65 6
50.66 7
50.67 31
50.68 28
50.69 22
50.7 5
50.71 3
50.72 26
50.73 39
50.74 26
50.75 0
50.76 0
50.77 22
50.78 47
50.79 27
50.8 22
50.81 0
50.82 0
50.83 21
50.84 47
50.85 28
50.86 25
50.87 15
50.88 14
50.89 20
50.9 20
50.91 2
50.92 0
50.93 22
50.94 46
50.95 30
50.96 23
50.97 0
50.98 3
50.99 24
51 46
51.01 26
51.02 20
51.03 0
51.04 20
51.05 39
51.06 24
51.07 18
51.08 0
51.09 14
51.1 34
51.11 29
51.12 17
51.13 14
51.14 11
51.15 34
51.16 23
51.17 14
51.18 0
51.19 5
51.2 23
51.21 43
51.22 27
51.23 18
51.24 0
51.25 14
51.26 37
51.27 27
51.28 18
51.29 0
51.3 6
51.31 31
51.32 27
51.33 25
51.34 11
51.35 0
51.36 21
51.37 48
51.38 26
51.39 9
51.4 0
51.41 8
51.42 28
51.43 46
51.44 29
51.45 18
51.46 2
51.47 17
51.48 40
51.49 25
51.5 0
51.51 0
51.52 4
51.53 29
51.54 47
51.55 28
51.56 22
51.57 0
51.58 0
51.59 18
51.6 34
51.61 26
51.62 23
51.63 0
51.64 0
51.65 19
51.66 41
51.67 30
51.68 20
51.69 0
51.7 2
51.71 23
51.72 37
51.73 28
51.74 20
51.75 0
51.76 0
51.77 15
51.78 34
51.79 27
51.8 27
51.81 0
51.82 0
51.83 13
51.84 32
51.85 28
51.86 28
51.87 11
51.88 0
51.89 9
51.9 34
51.91 27
51.92 23
51.93 0
51.94 0
51.95 21
51.96 44
51.97 27
51.98 26
51.99 0
52 0
52.01 23
52.02 42
52.03 26
52.04 15
52.05 0
52.06 14
52.07 39
52.08 29
52.09 17
52.1 12
52.11 26
52.12 21
52.13 17
52.14 2
52.15 12
52.16 32
52.17 27
52.18 22
52.19 0
52.2 1
52.21 21
52.22 44
52.23 28
52.24 14
52.25 6
52.26 22
52.27 22
52.28 22
52.29 6
52.3 15
52.31 33
52.32 23
52.33 23
52.34 0
52.35 0
52.36 4
52.37 27
52.38 44
52.39 29
52.4 18
52.41 0
52.42 0
52.43 20
52.44 44
52.45 27
52.46 6
52.47 0
52.48 0
52.49 27
52.5 52
52.51 29
52.52 9
52.53 0
52.54 11
52.55 35
52.56 27
52.57 27
52.58 0
52.59 0
52.6 12
52.61 37
52.62 27
52.63 23
52.64 1
52.65 0
52.66 17
52.67 42
52.68 29
52.69 21
52.7 6
52.71 3
52.72 29
52.73 25
52.74 21
52.75 0
52.76 0
52.77 17
52.78 40
52.79 28
52.8 25
52.81 2
52.82 2
52.83 13
52.84 34
52.85 26
52.86 17
52.87 0
52.88 0
52.89 11
52.9 32
52.91 27
52.92 21
52.93 6
52.94 0
52.95 20
52.96 38
52.97 26
52.98 24
52.99 8
53 0
53.01 23
53.02 41
53.03 26
53.04 9
53.05 0
53.06 13
53.07 36
53.08 27
53.09 22
53.1 5
53.11 14
53.12 37
53.13 23
53.14 10
53.15 0
53.16 19
53.17 42
53.18 27
53.19 27
53.2 0
53.21 0
53.22 21
53.23 47
53.24 27
53.25 25
53.26 0
53.27 10
53.28 35
53.29 29
53.3 29
53.31 13
53.32 1
53.33 20
53.34 42
53.35 26
53.36 11
53.37 0
53.38 9
53.39 34
53.4 28
53.41 28
53.42 11
53.43 1
53.44 12
53.45 34
53.46 28
53.47 19
53.48 0
53.49 0
53.5 5
53.51 24
53.52 42
53.53 27
53.54 16
53.55 0
53.56 0
53.57 17
53.58 33
53.59 27
53.6 23
53.61 11
53.62 10
53.63 22
53.64 33
53.65 25
53.66 13
53.67 10
53.68 21
53.69 38
53.7 24
53.71 0
53.72 0
53.73 0
53.74 22
53.75 40
53.76 27
53.77 13
53.78 0
53.79 6
53.8 26
53.81 44
53.82 26
53.83 0
53.84 0
53.85 12
53.86 31
53.87 29
53.88 27
53.89 12
53.9 0
53.91 3
53.92 20
53.93 38
53.94 29
53.95 20
53.96 0
53.97 0
53.98 22
53.99 44
54 27
54.01 11
54.02 0
54.03 11
54.04 31
54.05 26
54.06 27
54.07 20
54.08 1
54.09 17
54.1 36
54.11 25
54.12 21
54.13 14
54.14 18
54.15 31
54.16 22
54.17 8
54.18 15
54.19 33
54.2 25
54.21 12
54.22 9
54.23 19
54.24 29
54.25 24
54.26 5
54.27 0
54.28 2
54.29 23
54.3 40
54.31 32
54.32 29
54.33 1
54.34 0
54.35 0
54.36 23
54.37 42
54.38 27
54.39 21
54.4 0
54.41 17
54.42 35
54.43 25
54.44 23
54.45 0
54.46 3
54.47 31
54.48 35
54.49 28
54.5 9
54.51 3
54.52 22
54.53 47
54.54 28
54.55 19
54.56 9
54.57 15
54.58 28
54.59 23
54.6 4
54.61 0
54.62 9
54.63 31
54.64 29
54.65 24
54.66 23
54.67 5
54.68 15
54.69 33
54.7 26
54.71 14
54.72 19
54.73 20
54.74 0
54.75 0
54.76 9
54.77 30
54.78 46
54.79 29
54.8 11
54.81 3
54.82 23
54.83 22
54.84 11
54.85 0
54.86 7
54.87 32
54.88 37
54.89 28
54.9 14
54.91 0
54.92 2
54.93 28
54.94 50
54.95 28
54.96 5
54.97 0
54.98 8
54.99 30
55 26
55.01 26
55.02 12
55.03 0
55.04 13
55.05 35
55.06 28
55.07 28
55.08 4
55.09 12
55.1 29
55.11 25
55.12 27
55.13 19
55.14 0
55.15 0
55.16 27
55.17 49
55.18 28
55.19 16
55.2 0
55.21 10
55.22 35
55.23 28
55.24 21
55.25 10
55.26 17
55.27 22
55.28 21
55.29 3
55.3 8
55.31 30
55.32 27
55.33 27
55.34 10
55.35 0
55.36 0
55.37 20
55.38 38
55.39 28
55.4 12
55.41 0
55.42 0
55.43 20
55.44 40
55.45 29
55.46 17
55.47 0
55.48 0
55.49 21
55.5 45
55.51 28
55.52 7
55.53 0
55.54 11
55.55 29
55.56 38
55.57 27
55.58 11
55.59 2
55.6 19
55.61 42
55.62 27
55.63 7
55.64 0
55.65 15
55.66 37
55.67 27
55.68 22
55.69 2
55.7 5
55.71 23
55.72 44
55.73 28
55.74 14
55.75 0
55.76 10
55.77 31
55.78 27
55.79 22
55.8 1
55.81 0
55.82 9
55.83 32
55.84 40
55.85 28
55.86 0
55.87 0
55.88 11
55.89 32
55.9 43
55.91 30
55.92 24
55.93 0
55.94 6
55.95 34
55.96 28
55.97 26
55.98 11
55.99 0
56 4
56.01 29
56.02 26
56.03 27
56.04 8
56.05 0
56.06 19
56.07 45
56.08 26
56.09 16
56.1 0
56.11 14
56.12 37
56.13 28
56.14 27
56.15 17
56.16 1
56.17 21
56.18 41
56.19 26
56.2 11
56.21 0
56.22 8
56.23 31
56.24 44
56.25 28
56.26 17
56.27 0
56.28 0
56.29 24
56.3 44
56.31 28
56.32 22
56.33 1
56.34 11
56.35 32
56.36 29
56.37 19
56.38 0
56.39 0
56.4 17
56.41 45
56.42 26
56.43 25
56.44 11
56.45 17
56.46 37
56.47 21
56.48 3
56.49 0
56.5 6
56.51 33
56.52 28
56.53 29
56.54 14
56.55 0
56.56 3
56.57 30
56.58 52
56.59 30
56.6 21
56.61 0
56.62 0
56.63 25
56.64 46
56.65 26
56.66 9
56.67 0
56.68 8
56.69 33
56.7 27
56.71 27
56.72 10
56.73 4
56.74 23
56.75 23
56.76 18
56.77 4
56.78 8
56.79 27
56.8 26
56.81 26
56.82 10
56.83 0
56.84 10
56.85 29
56.86 45
56.87 27
56.88 3
56.89 0
56.9 12
56.91 36
56.92 28
56.93 26
56.94 9
56.95 0
56.96 2
56.97 26
56.98 43
56.99 26
57 19
57.01 7
57.02 10
57.03 34
57.04 22
57.05 9
57.06 0
57.07 7
57.08 28
57.09 47
57.1 28
57.11 20
57.12 3
57.13 23
57.14 22
57.15 21
57.16 9
57.17 3
57.18 27
57.19 34
57.2 24
57.21 17
57.22 3
57.23 18
57.24 38
57.25 25
57.26 24
57.27 17
57.28 22
57.29 17
57.3 0
57.31 0
57.32 24
57.33 40
57.34 28
57.35 29
57.36 0
57.37 0
57.38 18
57.39 39
57.4 25
57.41 17
57.42 15
57.43 23
57.44 22
57.45 18
57.46 10
57.47 11
57.48 30
57.49 36
57.5 27
57.51 0
57.52 0
57.53 21
57.54 45
57.55 28
57.56 26
57.57 7
57.58 0
57.59 26
57.6 52
57.61 30
57.62 16
57.63 0
57.64 1
57.65 30
57.66 41
57.67 29
57.68 11
57.69 0
57.7 0
57.71 26
57.72 48
57.73 26
57.74 14
57.75 0
57.76 16
57.77 38
57.78 26
57.79 20
57.8 4
57.81 14
57.82 39
57.83 26
57.84 22
57.85 1
57.86 0
57.87 9
57.88 37
57.89 28
57.9 27
57.91 8
57.92 0
57.93 23
57.94 47
57.95 28
57.96 23
57.97 0
57.98 0
57.99 18
58 40
58.01 28
58.02 23
58.03 11
58.04 10
58.05 36
58.06 29
58.07 22
58.08 23
58.09 19
58.1 0
58.11 9
58.12 0
58.13 0
58.14 6
58.15 13
58.16 11
58.17 0
58.18 0
58.19 0
58.2 0
58.21 0
58.22 0
58.23 0
58.24 0
58.25 0
58.26 0
58.27 0
58.28 0
58.29 0
58.3 0
58.31 0
58.32 0
58.33 0
58.34 0
58.35 0
58.36 0
58.37 0
58.38 0
58.39 0
58.4 0
58.41 0
58.42 0
58.43 0
58.44 0
58.45 0
58.46 0
58.47 0
58.48 0
58.49 0
58.5 0
58.51 0
58.52 0
58.53 0
58.54 0
58.55 0
58.56 0
58.57 0
58.58 0
58.59 0
58.6 0
58.61 0
58.62 0
58.63 0
58.64 0
58.65 0
58.66 0
58.67 0
58.68 0
58.69 0
58.7 0
58.71 0
58.72 0
58.73 0
58.74 0
58.75 0
58.76 0
58.77 0
58.78 0
58.79 0
58.8 0
58.81 0
58.82 0
58.83 0
58.84 0
58.85 0
58.86 0
58.87 0
58.88 0
58.89 0
58.9 0
58.91 0
58.92 0
58.93 0
58.94 0
58.95 0
58.96 0
58.97 0
58.98 0
58.99 0
59 0
59.01 0
59.02 0
59.03 0
59.04 0
59.05 0
59.06 0
59.07 0
59.08 0
59.09 0
59.1 0
59.11 0
59.12 0
59.13 0
59.14 0
59.15 0
59.16 0
59.17 0
59.18 0
59.19 0
59.2 0
59.21 0
59.22 0
59.23 0
59.24 0
59.25 0
59.26 0
59.27 0
59.28 0
59.29 0
59.3 0
59.31 0
59.32 0
59.33 0
59.34 0
59.35 0
59.36 0
59.37 0
59.38 0
59.39 0
59.4 0
59.41 0
59.42 0
59.43 0
59.44 0
59.45 0
59.46 0
59.47 0
59.48 0
59.49 0
59.5 0
59.51 0
59.52 0
59.53 0
59.54 0
59.55 0
59.56 0
59.57 0
59.58 0
59.59 0
59.6 0
59.61 0
59.62 0
59.63 0
59.64 0
59.65 0
59.66 0
59.67 0
59.68 0
59.69 0
59.7 0
59.71 0
59.72 0
59.73 0
59.74 0
59.75 0
59.76 0
59.77 0
59.78 0
59.79 0
59.8 0
59.81 0
59.82 0
59.83 0
59.84 0
59.85 0
59.86 0
59.87 0
59.88 0
59.89 0
59.9 0
59.91 0
59.92 0
59.93 0
59.94 0
59.95 0
59.96 0
59.97 0
59.98 0
59.99 0
60 0
60.01 0
60.02 0
60.03 0
60.04 0
60.05 0
60.06 0
60.07 0
60.08 0
60.09 0
60.1 0
60.11 0
60.12 0
60.13 0
60.14 0
60.15 0
60.16 0
60.17 0
60.18 0
60.19 0
60.2 0
60.21 0
60.22 0
60.23 0
60.24 0
60.25 0
60.26 0
60.27 0
60.28 0
60.29 0
60.3 0
60.31 0
60.32 0
60.33 0
60.34 0
60.35 0
60.36 0
60.37 0
60.38 0
60.39 0
60.4 0
60.41 0
60.42 0
60.43 0
60.44 0
60.45 0
60.46 0
60.47 0
60.48 0
60.49 0
60.5 0
60.51 0
60.52 0
60.53 0
60.54 0
60.55 0
60.56 0
60.57 0
60.58 0
60.59 0
60.6 0
60.61 0
60.62 0
60.63 0
60.64 0
60.65 0
60.66 0
60.67 0
60.68 0
60.69 0
60.7 0
60.71 0
60.72 0
60.73 0
60.74 0
60.75 0
60.76 0
60.77 0
60.78 0
60.79 0
60.8 0
60.81 0
60.82 0
60.83 0
60.84 0
60.85 0
60.86 0
60.87 0
60.88 0
60.89 0
60.9 0
60.91 0
60.92 0
60.93 0
60.94 0
60.95 0
60.96 0
60.97 0
60.98 0
60.99 0
61 0
61.01 0
61.02 0
61.03 0
61.04 0
61.05 0
61.06 0
61.07 0
61.08 0
61.09 0
61.1 0
61.11 0
61.12 0
61.13 0
61.14 0
61.15 0
61.16 0
61.17 0
61.18 0
61.19 0
61.2 0
61.21 0
61.22 0
61.23 0
61.24 0
61.25 0
61.26 0
61.27 0
61.28 0
61.29 0
61.3 0
61.31 0
61.32 0
61.33 0
61.34 0
61.35 0
61.36 0
61.37 0
61.38 0
61.39 0
61.4 0
61.41 0
61.42 0
61.43 0
61.44 0
61.45 0
61.46 0
61.47 0
61.48 0
61.49 0
61.5 0
61.51 0
61.52 0
61.53 0
61.54 0
61.55 0
61.56 0
61.57 0
61.58 0
61.59 0
61.6 0
61.61 0
61.62 0
61.63 0
61.64 0
61.65 0
61.66 0
61.67 0
61.68 0
61.69 0
61.7 0
61.71 0
61.72 0
61.73 0
61.74 0
61.75 0
61.76 0
61.77 0
61.78 0
61.79 0
61.8 0
61.81 0
61.82 0
61.83 0
61.84 0
61.85 0
61.86 0
61.87 0
61.88 0
61.89 0
61.9 0
61.91 0
61.92 0
61.93 0
61.94 0
61.95 0
61.96 0
61.97 0
61.98 0
61.99 0
62 0
62.01 0
62.02 0
62.03 0
62.04 0
62.05 0
62.06 0
62.07 0
62.08 0
62.09 0
62.1 0
62.11 0
62.12 0
62.13 0
62.14 0
62.15 0
62.16 0
62.17 0
62.18 0
62.19 0
62.2 0
62.21 0
62.22 0
62.23 0
62.24 0
62.25 0
62.26 0
62.27 0
62.28 0
62.29 0
62.3 0
62.31 0
62.32 0
62.33 0
62.34 0
62.35 0
62.36 0
62.37 0
62.38 0
62.39 0
62.4 0
62.41 0
62.42 0
62.43 0
62.44 0
62.45 0
62.46 0
62.47 0
62.48 0
62.49 0
62.5 0
62.51 0
62.52 0
62.53 0
62.54 0
62.55 0
62.56 0
62.57 0
62.58 0
62.59 0
62.6 0
62.61 0
62.62 0
62.63 0
62.64 0
62.65 0
62.66 0
62.67 0
62.68 0
62.69 0
62.7 0
62.71 0
62.72 0
62.73 0
62.74 0
62.75 0
62.76 0
62.77 0
62.78 0
62.79 0
62.8 0
62.81 0
62.82 0
62.83 0
62.84 0
62.85 0
62.86 0
62.87 0
62.88 0
62.89 0
62.9 0
62.91 0
62.92 0
62.93 0
62.94 0
62.95 0
62.96 0
62.97 0
62.98 0
62.99 0
