0 0
0.01 0
0.02 0
0.03 0
0.04 0
0.05 0
0.06 0
0.07 0
0.08 0
0.09 0
0.1 0
0.11 0
0.12 0
0.13 0
0.14 0
0.15 0
0.16 0
0.17 0
0.18 0
0.19 0
0.2 0
0.21 75
0.22 0
0.23 0
0.24 0
0.25 0
0.26 0
0.27 0
0.28 5
0.29 16
0.3 26
0.31 36
0.32 23
0.33 1
0.34 0
0.35 3
0.36 15
0.37 23
0.38 34
0.39 27
0.4 23
0.41 0
0.42 0
0.43 0
0.44 2
0.45 11
0.46 22
0.47 32
0.48 42
0.49 27
0.5 5
0.51 1
0.52 10
0.53 21
0.54 31
0.55 32
0.56 27
0.57 0
0.58 0
0.59 0
0.6 5
0.61 15
0.62 25
0.63 35
0.64 27
0.65 24
0.66 0
0.67 2
0.68 11
0.69 20
0.7 30
0.71 29
0.72 23
0.73 0
0.74 0
0.75 10
0.76 21
0.77 29
0.78 37
0.79 25
0.8 0
0.81 0
0.82 0
0.83 0
0.84 11
0.85 20
0.86 29
0.87 38
0.88 27
0.89 8
0.9 0
0.91 0
0.92 0
0.93 9
0.94 20
0.95 28
0.96 37
0.97 27
0.98 7
0.99 0
1 1
1.01 13
1.02 22
1.03 33
1.04 27
1.05 28
1.06 0
1.07 0
1.08 1
1.09 12
1.1 22
1.11 29
1.12 37
1.13 28
1.14 5
1.15 0
1.16 0
1.17 0
1.18 0
1.19 9
1.2 21
1.21 40
1.22 29
1.23 24
1.24 0
1.25 21
1.26 40
1.27 27
1.28 19
1.29 3
1.3 6
1.31 22
1.32 39
1.33 26
1.34 16
1.35 0
1.36 9
1.37 26
1.38 41
1.39 26
1.4 16
1.41 0
1.42 5
1.43 21
1.44 31
1.45 26
1.46 13
1.47 0
1.48 0
1.49 6
1.5 22
1.51 35
1.52 28
1.53 21
1.54 0
1.55 0
1.56 4
1.57 19
1.58 36
1.59 27
1.6 27
1.61 0
1.62 0
1.63 7
1.64 18
1.65 30
1.66 27
1.67 25
1.68 0
1.69 0
1.7 0
1.71 10
1.72 24
1.73 41
1.74 27
1.75 12
1.76 0
1.77 0
1.78 14
1.79 29
1.8 43
1.81 28
1.82 15
1.83 0
1.84 3
1.85 19
1.86 33
1.87 26
1.88 26
1.89 6
1.9 3
1.91 14
1.92 26
1.93 35
1.94 27
1.95 17
1.96 0
1.97 0
1.98 12
1.99 24
2 35
2.01 26
2.02 22
2.03 0
2.04 2
2.05 17
2.06 29
2.07 41
2.08 26
2.09 11
2.1 0
2.11 10
2.12 20
2.13 30
2.14 27
2.15 20
2.16 0
2.17 0
2.18 2
2.19 15
2.2 27
2.21 37
2.22 30
2.23 26
2.24 6
2.25 6
2.26 32
2.27 26
2.28 24
2.29 13
2.3 1
2.31 22
2.32 43
2.33 27
2.34 16
2.35 4
2.36 13
2.37 33
2.38 23
2.39 18
2.4 5
2.41 15
2.42 35
2.43 24
2.44 4
2.45 0
2.46 0
2.47 11
2.48 30
2.49 49
2.5 27
2.51 16
2.52 0
2.53 9
2.54 27
2.55 42
2.56 28
2.57 9
2.58 2
2.59 17
2.6 35
2.61 24
2.62 0
2.63 0
2.64 4
2.65 21
2.66 34
2.67 26
2.68 14
2.69 6
2.7 0
2.71 12
2.72 27
2.73 40
2.74 28
2.75 18
2.76 3
2.77 17
2.78 30
2.79 22
2.8 22
2.81 0
2.82 0
2.83 9
2.84 24
2.85 39
2.86 28
2.87 15
2.88 5
2.89 7
2.9 22
2.91 38
2.92 26
2.93 10
2.94 1
2.95 15
2.96 28
2.97 29
2.98 22
2.99 3
3 0
3.01 9
3.02 19
3.03 31
3.04 29
3.05 22
3.06 2
3.07 0
3.08 0
3.09 12
3.1 28
3.11 43
3.12 28
3.13 13
3.14 0
3.15 0
3.16 11
3.17 26
3.18 40
3.19 27
3.2 17
3.21 0
3.22 3
3.23 25
3.24 38
3.25 26
3.26 10
3.27 0
3.28 2
3.29 22
3.3 36
3.31 26
3.32 11
3.33 0
3.34 0
3.35 13
3.36 32
3.37 44
3.38 28
3.39 8
3.4 0
3.41 16
3.42 34
3.43 26
3.44 18
3.45 0
3.46 0
3.47 21
3.48 35
3.49 28
3.5 15
3.51 0
3.52 0
3.53 3
3.54 21
3.55 40
3.56 27
3.57 11
3.58 0
3.59 0
3.6 6
3.61 28
3.62 48
3.63 28
3.64 17
3.65 0
3.66 10
3.67 30
3.68 38
3.69 27
3.7 1
3.71 0
3.72 16
3.73 30
3.74 42
3.75 27
3.76 15
3.77 0
3.78 0
3.79 5
3.8 21
3.81 35
3.82 27
3.83 21
3.84 6
3.85 6
3.86 20
3.87 34
3.88 24
3.89 15
3.9 0
3.91 8
3.92 21
3.93 38
3.94 27
3.95 22
3.96 0
3.97 0
3.98 0
3.99 9
4 25
4.01 39
4.02 29
4.03 16
4.04 0
4.05 0
4.06 0
4.07 16
4.08 29
4.09 43
4.1 28
4.11 13
4.12 0
4.13 5
4.14 20
4.15 34
4.16 27
4.17 21
4.18 0
4.19 0
4.2 8
4.21 22
4.22 37
4.23 29
4.24 22
4.25 0
4.26 0
4.27 18
4.28 36
4.29 26
4.3 14
4.31 2
4.32 0
4.33 21
4.34 40
4.35 27
4.36 13
4.37 0
4.38 0
4.39 18
4.4 42
4.41 30
4.42 25
4.43 0
4.44 0
4.45 22
4.46 38
4.47 26
4.48 18
4.49 0
4.5 1
4.51 26
4.52 46
4.53 26
4.54 10
4.55 0
4.56 0
4.57 18
4.58 32
4.59 28
4.6 22
4.61 0
4.62 0
4.63 25
4.64 45
4.65 32
4.66 19
4.67 0
4.68 0
4.69 18
4.7 39
4.71 27
4.72 26
4.73 0
4.74 0
4.75 15
4.76 31
4.77 27
4.78 19
4.79 0
4.8 8
4.81 29
4.82 47
4.83 28
4.84 11
4.85 0
4.86 11
4.87 26
4.88 40
4.89 25
4.9 12
4.91 0
4.92 5
4.93 21
4.94 35
4.95 26
4.96 19
4.97 0
4.98 0
4.99 4
5 20
5.01 35
5.02 28
5.03 21
5.04 0
5.05 0
5.06 4
5.07 20
5.08 33
5.09 27
5.1 16
5.11 0
5.12 0
5.13 10
5.14 25
5.15 40
5.16 28
5.17 2
5.18 0
5.19 0
5.2 10
5.21 24
5.22 38
5.23 28
5.24 18
5.25 0
5.26 0
5.27 13
5.28 27
5.29 43
5.3 28
5.31 9
5.32 0
5.33 0
5.34 10
5.35 27
5.36 43
5.37 29
5.38 6
5.39 0
5.4 0
5.41 15
5.42 32
5.43 26
5.44 25
5.45 3
5.46 7
5.47 19
5.48 31
5.49 24
5.5 9
5.51 0
5.52 0
5.53 16
5.54 37
5.55 29
5.56 17
5.57 0
5.58 0
5.59 18
5.6 33
5.61 31
5.62 27
5.63 0
5.64 0
5.65 8
5.66 28
5.67 43
5.68 27
5.69 0
5.7 0
5.71 3
5.72 22
5.73 42
5.74 29
5.75 14
5.76 7
5.77 16
5.78 34
5.79 23
5.8 8
5.81 0
5.82 8
5.83 29
5.84 45
5.85 28
5.86 14
5.87 0
5.88 0
5.89 15
5.9 36
5.91 28
5.92 23
5.93 7
5.94 2
5.95 17
5.96 32
5.97 25
5.98 23
5.99 1
6 0
6.01 4
6.02 22
6.03 38
6.04 26
6.05 9
6.06 0
6.07 4
6.08 21
6.09 39
6.1 27
6.11 12
6.12 0
6.13 4
6.14 22
6.15 37
6.16 27
6.17 15
6.18 10
6.19 7
6.2 23
6.21 35
6.22 23
6.23 11
6.24 0
6.25 5
6.26 23
6.27 34
6.28 28
6.29 24
6.3 0
6.31 0
6.32 10
6.33 25
6.34 42
6.35 29
6.36 3
6.37 5
6.38 19
6.39 35
6.4 25
6.41 8
6.42 0
6.43 0
6.44 8
6.45 32
6.46 48
6.47 30
6.48 5
6.49 0
6.5 0
6.51 13
6.52 34
6.53 27
6.54 27
6.55 7
6.56 0
6.57 18
6.58 35
6.59 27
6.6 26
6.61 0
6.62 0
6.63 18
6.64 36
6.65 29
6.66 28
6.67 13
6.68 0
6.69 1
6.7 19
6.71 31
6.72 27
6.73 24
6.74 8
6.75 1
6.76 21
6.77 38
6.78 27
6.79 22
6.8 14
6.81 12
6.82 27
6.83 21
6.84 19
6.85 0
6.86 8
6.87 20
6.88 33
6.89 29
6.9 28
6.91 9
6.92 0
6.93 9
6.94 29
6.95 30
6.96 27
6.97 0
6.98 0
6.99 3
7 18
7.01 34
7.02 28
7.03 27
7.04 17
7.05 0
7.06 9
7.07 27
7.08 45
7.09 26
7.1 0
7.11 0
7.12 6
7.13 26
7.14 44
7.15 28
7.16 11
7.17 1
7.18 23
7.19 41
7.2 27
7.21 23
7.22 0
7.23 0
7.24 21
7.25 39
7.26 28
7.27 24
7.28 0
7.29 0
7.3 6
7.31 24
7.32 43
7.33 29
7.34 16
7.35 0
7.36 4
7.37 24
7.38 41
7.39 30
7.4 0
7.41 0
7.42 0
7.43 4
7.44 23
7.45 40
7.46 30
7.47 15
7.48 9
7.49 6
7.5 23
7.51 38
7.52 25
7.53 14
7.54 0
7.55 0
7.56 14
7.57 32
7.58 39
7.59 28
7.6 3
7.61 0
7.62 5
7.63 26
7.64 43
7.65 28
7.66 11
7.67 0
7.68 0
7.69 15
7.7 36
7.71 26
7.72 20
7.73 5
7.74 0
7.75 13
7.76 31
7.77 32
7.78 27
7.79 0
7.8 0
7.81 1
7.82 26
7.83 49
7.84 29
7.85 15
7.86 0
7.87 0
7.88 14
7.89 37
7.9 26
7.91 20
7.92 0
7.93 0
7.94 16
7.95 32
7.96 27
7.97 22
7.98 0
7.99 0
8 4
8.01 21
8.02 35
8.03 27
8.04 12
8.05 0
8.06 0
8.07 15
8.08 31
8.09 43
8.1 27
8.11 10
8.12 4
8.13 20
8.14 34
8.15 28
8.16 25
8.17 0
8.18 0
8.19 0
8.2 7
8.21 24
8.22 36
8.23 27
8.24 28
8.25 0
8.26 0
8.27 0
8.28 16
8.29 33
8.3 33
8.31 26
8.32 9
8.33 2
8.34 16
8.35 31
8.36 25
8.37 21
8.38 20
8.39 4
8.4 20
8.41 38
8.42 28
8.43 19
8.44 1
8.45 9
8.46 29
8.47 45
8.48 29
8.49 15
8.5 0
8.51 4
8.52 23
8.53 37
8.54 28
8.55 23
8.56 0
8.57 0
8.58 9
8.59 27
8.6 44
8.61 27
8.62 17
8.63 0
8.64 9
8.65 24
8.66 42
8.67 28
8.68 13
8.69 0
8.7 0
8.71 13
8.72 29
8.73 45
8.74 26
8.75 7
8.76 0
8.77 9
8.78 28
8.79 45
8.8 29
8.81 5
8.82 0
8.83 0
8.84 10
8.85 30
8.86 46
8.87 27
8.88 19
8.89 0
8.9 1
8.91 24
8.92 39
8.93 27
8.94 17
8.95 0
8.96 0
8.97 23
8.98 45
8.99 27
9 13
9.01 0
9.02 0
9.03 19
9.04 35
9.05 27
9.06 25
9.07 11
9.08 1
9.09 17
9.1 41
9.11 28
9.12 10
9.13 0
9.14 7
9.15 25
9.16 44
9.17 28
9.18 16
9.19 0
9.2 0
9.21 20
9.22 34
9.23 28
9.24 17
9.25 0
9.26 0
9.27 14
9.28 31
9.29 28
9.3 25
9.31 4
9.32 0
9.33 19
9.34 32
9.35 27
9.36 25
9.37 0
9.38 0
9.39 13
9.4 29
9.41 44
9.42 30
9.43 16
9.44 0
9.45 14
9.46 28
9.47 25
9.48 13
9.49 0
9.5 12
9.51 31
9.52 44
9.53 27
9.54 0
9.55 0
9.56 21
9.57 34
9.58 29
9.59 24
9.6 0
9.61 0
9.62 19
9.63 33
9.64 26
9.65 19
9.66 0
9.67 0
9.68 20
9.69 36
9.7 28
9.71 24
9.72 0
9.73 0
9.74 4
9.75 23
9.76 42
9.77 28
9.78 10
9.79 0
9.8 5
9.81 22
9.82 35
9.83 26
9.84 28
9.85 0
9.86 0
9.87 0
9.88 6
9.89 23
9.9 35
9.91 28
9.92 21
9.93 5
9.94 0
9.95 16
9.96 30
9.97 45
9.98 28
9.99 3
10 0
10.01 0
10.02 11
10.03 24
10.04 39
10.05 28
10.06 11
10.07 0
10.08 0
10.09 10
10.1 27
10.11 45
10.12 28
10.13 0
10.14 0
10.15 12
10.16 31
10.17 42
10.18 30
10.19 13
10.2 18
10.21 20
10.22 13
10.23 5
10.24 20
10.25 40
10.26 23
10.27 3
10.28 0
10.29 16
10.3 34
10.31 26
10.32 22
10.33 8
10.34 4
10.35 23
10.36 40
10.37 25
10.38 0
10.39 0
10.4 0
10.41 14
10.42 34
10.43 39
10.44 27
10.45 8
10.46 0
10.47 3
10.48 26
10.49 41
10.5 28
10.51 17
10.52 0
10.53 4
10.54 21
10.55 41
10.56 25
10.57 16
10.58 0
10.59 0
10.6 5
10.61 23
10.62 38
10.63 28
10.64 21
10.65 0
10.66 0
10.67 6
10.68 23
10.69 37
10.7 27
10.71 23
10.72 10
10.73 0
10.74 4
10.75 21
10.76 39
10.77 29
10.78 21
10.79 4
10.8 9
10.81 24
10.82 42
10.83 26
10.84 8
10.85 0
10.86 13
10.87 32
10.88 47
10.89 28
10.9 12
10.91 0
10.92 0
10.93 6
10.94 21
10.95 38
10.96 29
10.97 18
10.98 1
10.99 1
11 18
11.01 32
11.02 27
11.03 22
11.04 10
11.05 0
11.06 12
11.07 27
11.08 44
11.09 28
11.1 0
11.11 0
11.12 2
11.13 19
11.14 36
11.15 28
11.16 21
11.17 0
11.18 0
11.19 11
11.2 32
11.21 30
11.22 22
11.23 9
11.24 0
11.25 15
11.26 26
11.27 43
11.28 26
11.29 11
11.3 0
11.31 12
11.32 29
11.33 29
11.34 23
11.35 0
11.36 0
11.37 0
11.38 20
11.39 36
11.4 26
11.41 17
11.42 6
11.43 6
11.44 24
11.45 41
11.46 28
11.47 5
11.48 0
11.49 1
11.5 17
11.51 37
11.52 29
11.53 22
11.54 3
11.55 0
11.56 20
11.57 41
11.58 27
11.59 5
11.6 0
11.61 0
11.62 16
11.63 36
11.64 29
11.65 29
11.66 10
11.67 0
11.68 9
11.69 23
11.7 43
11.71 26
11.72 19
11.73 0
11.74 11
11.75 29
11.76 43
11.77 27
11.78 0
11.79 0
11.8 20
11.81 34
11.82 25
11.83 7
11.84 0
11.85 2
11.86 19
11.87 39
11.88 29
11.89 25
11.9 0
11.91 0
11.92 9
11.93 28
11.94 42
11.95 27
11.96 19
11.97 0
11.98 0
11.99 6
12 20
12.01 33
12.02 27
12.03 28
12.04 12
12.05 0
12.06 11
12.07 24
12.08 37
12.09 29
12.1 22
12.11 0
12.12 0
12.13 10
12.14 18
12.15 29
12.16 43
12.17 29
12.18 7
12.19 0
12.2 3
12.21 19
12.22 32
12.23 45
12.24 27
12.25 0
12.26 0
12.27 4
12.28 17
12.29 31
12.3 44
12.31 27
12.32 14
12.33 0
12.34 2
12.35 17
12.36 32
12.37 26
12.38 26
12.39 0
12.4 0
12.41 6
12.42 21
12.43 33
12.44 29
12.45 22
12.46 11
12.47 0
12.48 10
12.49 26
12.5 41
12.51 26
12.52 7
12.53 0
12.54 13
12.55 32
12.56 27
12.57 20
12.58 5
12.59 0
12.6 3
12.61 18
12.62 34
12.63 26
12.64 23
12.65 3
12.66 2
12.67 18
12.68 39
12.69 29
12.7 16
12.71 2
12.72 3
12.73 22
12.74 44
12.75 26
12.76 10
12.77 0
12.78 3
12.79 26
12.8 42
12.81 27
12.82 19
12.83 2
12.84 13
12.85 30
12.86 25
12.87 21
12.88 0
12.89 6
12.9 30
12.91 30
12.92 26
12.93 2
12.94 0
12.95 1
12.96 21
12.97 39
12.98 27
12.99 12
13 13
13.01 10
13.02 28
13.03 26
13.04 20
13.05 0
13.06 0
13.07 21
13.08 37
13.09 28
13.1 14
13.11 0
13.12 0
13.13 2
13.14 19
13.15 36
13.16 29
13.17 27
13.18 0
13.19 0
13.2 7
13.21 23
13.22 38
13.23 27
13.24 18
13.25 0
13.26 0
13.27 18
13.28 31
13.29 31
13.3 28
13.31 0
13.32 6
13.33 9
13.34 24
13.35 39
13.36 24
13.37 14
13.38 0
13.39 11
13.4 23
13.41 38
13.42 27
13.43 13
13.44 0
13.45 0
13.46 6
13.47 20
13.48 35
13.49 27
13.5 21
13.51 7
13.52 0
13.53 0
13.54 13
13.55 25
13.56 39
13.57 29
13.58 11
13.59 0
13.6 0
13.61 0
13.62 12
13.63 25
13.64 35
13.65 29
13.66 21
13.67 0
13.68 2
13.69 16
13.7 29
13.71 43
13.72 28
13.73 18
13.74 0
13.75 2
13.76 22
13.77 36
13.78 28
13.79 17
13.8 14
13.81 0
13.82 5
13.83 24
13.84 38
13.85 27
13.86 24
13.87 0
13.88 0
13.89 11
13.9 29
13.91 47
13.92 29
13.93 9
13.94 0
13.95 18
13.96 35
13.97 26
13.98 21
13.99 0
14 1
14.01 25
14.02 46
14.03 29
14.04 18
14.05 0
14.06 2
14.07 23
14.08 41
14.09 26
14.1 16
14.11 0
14.12 0
14.13 19
14.14 37
14.15 27
14.16 19
14.17 0
14.18 9
14.19 28
14.2 47
14.21 28
14.22 10
14.23 0
14.24 8
14.25 28
14.26 46
14.27 27
14.28 15
14.29 0
14.3 1
14.31 20
14.32 38
14.33 30
14.34 17
14.35 0
14.36 9
14.37 29
14.38 43
14.39 28
14.4 0
14.41 0
14.42 0
14.43 20
14.44 42
14.45 28
14.46 15
14.47 0
14.48 0
14.49 4
14.5 20
14.51 41
14.52 29
14.53 23
14.54 2
14.55 0
14.56 11
14.57 28
14.58 44
14.59 28
14.6 16
14.61 0
14.62 5
14.63 22
14.64 36
14.65 25
14.66 4
14.67 0
14.68 10
14.69 25
14.7 39
14.71 27
14.72 0
14.73 0
14.74 0
14.75 7
14.76 23
14.77 33
14.78 27
14.79 23
14.8 7
14.81 0
14.82 10
14.83 23
14.84 37
14.85 28
14.86 18
14.87 0
14.88 4
14.89 17
14.9 29
14.91 41
14.92 27
14.93 0
14.94 0
14.95 0
14.96 12
14.97 29
14.98 44
14.99 28
15 8
15.01 0
15.02 3
15.03 22
15.04 35
15.05 28
15.06 24
15.07 2
15.08 0
15.09 13
15.1 31
15.11 27
15.12 28
15.13 0
15.14 0
15.15 4
15.16 21
15.17 42
15.18 28
15.19 18
15.2 0
15.21 5
15.22 20
15.23 37
15.24 27
15.25 24
15.26 1
15.27 2
15.28 24
15.29 41
15.3 26
15.31 21
15.32 0
15.33 0
15.34 18
15.35 37
15.36 28
15.37 21
15.38 0
15.39 0
15.4 17
15.41 37
15.42 27
15.43 23
15.44 2
15.45 0
15.46 13
15.47 36
15.48 26
15.49 14
15.5 1
15.51 8
15.52 30
15.53 29
15.54 27
15.55 17
15.56 0
15.57 2
15.58 19
15.59 37
15.6 27
15.61 16
15.62 0
15.63 1
15.64 17
15.65 34
15.66 27
15.67 28
15.68 6
15.69 0
15.7 7
15.71 25
15.72 42
15.73 26
15.74 7
15.75 0
15.76 8
15.77 23
15.78 37
15.79 30
15.8 20
15.81 0
15.82 0
15.83 2
15.84 15
15.85 30
15.86 36
15.87 28
15.88 0
15.89 0
15.9 0
15.91 11
15.92 24
15.93 38
15.94 28
15.95 22
15.96 9
15.97 9
15.98 24
15.99 34
16 23
16.01 0
16.02 0
16.03 0
16.04 15
16.05 30
16.06 44
16.07 28
16.08 0
16.09 0
16.1 0
16.11 8
16.12 24
16.13 39
16.14 29
16.15 13
16.16 0
16.17 0
16.18 15
16.19 29
16.2 41
16.21 26
16.22 0
16.23 0
16.24 6
16.25 18
16.26 30
16.27 31
16.28 26
16.29 9
16.3 0
16.31 7
16.32 18
16.33 31
16.34 26
16.35 16
16.36 7
16.37 3
16.38 17
16.39 33
16.4 26
16.41 26
16.42 0
16.43 0
16.44 9
16.45 25
16.46 41
16.47 27
16.48 12
16.49 0
16.5 0
16.51 14
16.52 31
16.53 27
16.54 26
16.55 4
16.56 0
16.57 10
16.58 25
16.59 38
16.6 25
16.61 13
16.62 13
16.63 30
16.64 21
16.65 0
16.66 0
16.67 0
16.68 16
16.69 29
16.7 43
16.71 27
16.72 0
16.73 0
16.74 5
16.75 21
16.76 36
16.77 29
16.78 26
16.79 3
16.8 0
16.81 15
16.82 31
16.83 27
16.84 25
16.85 0
16.86 0
16.87 16
16.88 36
16.89 27
16.9 16
16.91 0
16.92 0
16.93 16
16.94 36
16.95 28
16.96 20
16.97 6
16.98 7
16.99 22
17 38
17.01 28
17.02 20
17.03 0
17.04 4
17.05 20
17.06 33
17.07 29
17.08 22
17.09 0
17.1 0
17.11 13
17.12 29
17.13 42
17.14 29
17.15 0
17.16 0
17.17 8
17.18 25
17.19 43
17.2 27
17.21 12
17.22 0
17.23 0
17.24 3
17.25 22
17.26 42
17.27 28
17.28 8
17.29 0
17.3 0
17.31 6
17.32 26
17.33 46
17.34 28
17.35 10
17.36 0
17.37 0
17.38 15
17.39 33
17.4 35
17.41 27
17.42 0
17.43 0
17.44 13
17.45 32
17.46 47
17.47 30
17.48 14
17.49 0
17.5 4
17.51 20
17.52 35
17.53 26
17.54 6
17.55 0
17.56 0
17.57 16
17.58 28
17.59 42
17.6 27
17.61 3
17.62 0
17.63 0
17.64 19
17.65 33
17.66 27
17.67 27
17.68 6
17.69 0
17.7 0
17.71 9
17.72 26
17.73 39
17.74 27
17.75 12
17.76 0
17.77 0
17.78 17
17.79 29
17.8 42
17.81 27
17.82 0
17.83 0
17.84 4
17.85 22
17.86 35
17.87 26
17.88 19
17.89 0
17.9 0
17.91 14
17.92 29
17.93 41
17.94 27
17.95 14
17.96 0
17.97 0
17.98 3
17.99 24
18 38
18.01 27
18.02 17
18.03 0
18.04 0
18.05 17
18.06 32
18.07 27
18.08 28
18.09 3
18.1 0
18.11 12
18.12 24
18.13 38
18.14 27
18.15 15
18.16 0
18.17 5
18.18 20
18.19 32
18.2 27
18.21 25
18.22 0
18.23 0
18.24 5
18.25 21
18.26 35
18.27 27
18.28 25
18.29 0
18.3 0
18.31 11
18.32 25
18.33 38
18.34 27
18.35 16
18.36 0
18.37 0
18.38 0
18.39 14
18.4 32
18.41 36
18.42 28
18.43 3
18.44 0
18.45 7
18.46 23
18.47 40
18.48 27
18.49 18
18.5 0
18.51 0
18.52 12
18.53 32
18.54 51
18.55 29
18.56 13
18.57 0
18.58 0
18.59 19
18.6 40
18.61 27
18.62 21
18.63 19
18.64 18
18.65 28
18.66 22
18.67 10
18.68 1
18.69 17
18.7 35
18.71 26
18.72 18
18.73 4
18.74 0
18.75 17
18.76 34
18.77 26
18.78 15
18.79 0
18.8 0
18.81 19
18.82 37
18.83 28
18.84 16
18.85 0
18.86 6
18.87 20
18.88 37
18.89 26
18.9 21
18.91 0
18.92 0
18.93 12
18.94 26
18.95 40
18.96 26
18.97 13
18.98 0
18.99 6
19 20
19.01 34
19.02 27
19.03 22
19.04 0
19.05 8
19.06 21
19.07 37
19.08 28
19.09 21
19.1 9
19.11 16
19.12 28
19.13 26
19.14 14
19.15 0
19.16 2
19.17 18
19.18 36
19.19 26
19.2 18
19.21 0
19.22 0
19.23 1
19.24 19
19.25 36
19.26 27
19.27 29
19.28 0
19.29 0
19.3 0
19.31 15
19.32 31
19.33 43
19.34 28
19.35 0
19.36 0
19.37 9
19.38 27
19.39 43
19.4 29
19.41 24
19.42 0
19.43 0
19.44 9
19.45 26
19.46 42
19.47 27
19.48 22
19.49 5
19.5 6
19.51 23
19.52 37
19.53 29
19.54 26
19.55 0
19.56 7
19.57 22
19.58 38
19.59 26
19.6 8
19.61 0
19.62 3
19.63 21
19.64 39
19.65 27
19.66 22
19.67 0
19.68 0
19.69 13
19.7 30
19.71 29
19.72 23
19.73 3
19.74 0
19.75 8
19.76 27
19.77 44
19.78 27
19.79 25
19.8 0
19.81 10
19.82 26
19.83 43
19.84 26
19.85 2
19.86 0
19.87 16
19.88 32
19.89 46
19.9 29
19.91 3
19.92 0
19.93 1
19.94 17
19.95 28
19.96 38
19.97 26
19.98 13
19.99 0
20 16
20.01 35
20.02 25
20.03 10
20.04 0
20.05 0
20.06 17
20.07 32
20.08 27
20.09 18
20.1 0
20.11 0
20.12 10
20.13 29
20.14 41
20.15 28
20.16 14
20.17 0
20.18 0
20.19 0
20.2 13
20.21 29
20.22 43
20.23 29
20.24 0
20.25 0
20.26 0
20.27 19
20.28 37
20.29 28
20.3 23
20.31 0
20.32 0
20.33 10
20.34 27
20.35 40
20.36 26
20.37 10
20.38 0
20.39 1
20.4 21
20.41 35
20.42 26
20.43 26
20.44 3
20.45 0
20.46 8
20.47 23
20.48 40
20.49 28
20.5 14
20.51 5
20.52 13
20.53 26
20.54 23
20.55 14
20.56 0
20.57 0
20.58 14
20.59 29
20.6 42
20.61 28
20.62 0
20.63 0
20.64 2
20.65 19
20.66 32
20.67 27
20.68 13
20.69 0
20.7 0
20.71 6
20.72 24
20.73 40
20.74 29
20.75 15
20.76 0
20.77 0
20.78 14
20.79 34
20.8 26
20.81 25
20.82 9
20.83 8
20.84 24
20.85 25
20.86 12
20.87 0
20.88 10
20.89 30
20.9 47
20.91 29
20.92 9
20.93 0
20.94 0
20.95 17
20.96 35
20.97 28
20.98 27
20.99 0
21 0
21.01 3
21.02 22
21.03 37
21.04 27
21.05 20
21.06 0
21.07 0
21.08 19
21.09 35
21.1 26
21.11 21
21.12 0
21.13 0
21.14 13
21.15 25
21.16 39
21.17 28
21.18 22
21.19 0
21.2 0
21.21 0
21.22 10
21.23 20
21.24 32
21.25 27
21.26 21
21.27 0
21.28 0
21.29 0
21.3 7
21.31 19
21.32 35
21.33 28
21.34 28
21.35 0
21.36 0
21.37 0
21.38 13
21.39 23
21.4 34
21.41 26
21.42 15
21.43 0
21.44 1
21.45 18
21.46 30
21.47 43
21.48 28
21.49 18
21.5 0
21.51 0
21.52 12
21.53 27
21.54 45
21.55 28
21.56 2
21.57 0
21.58 0
21.59 20
21.6 37
21.61 27
21.62 20
21.63 6
21.64 0
21.65 9
21.66 25
21.67 43
21.68 27
21.69 20
21.7 0
21.71 1
21.72 21
21.73 36
21.74 26
21.75 14
21.76 0
21.77 0
21.78 7
21.79 24
21.8 39
21.81 26
21.82 10
21.83 0
21.84 0
21.85 10
21.86 30
21.87 49
21.88 28
21.89 13
21.9 0
21.91 0
21.92 20
21.93 39
21.94 27
21.95 21
21.96 0
21.97 0
21.98 19
21.99 36
22 27
22.01 11
22.02 0
22.03 0
22.04 13
22.05 34
22.06 27
22.07 28
22.08 0
22.09 0
22.1 8
22.11 27
22.12 50
22.13 29
22.14 24
22.15 0
22.16 13
22.17 35
22.18 29
22.19 20
22.2 5
22.21 0
22.22 7
22.23 23
22.24 38
22.25 28
22.26 15
22.27 0
22.28 0
22.29 8
22.3 27
22.31 42
22.32 26
22.33 3
22.34 0
22.35 14
22.36 31
22.37 46
22.38 29
22.39 0
22.4 0
22.41 0
22.42 11
22.43 26
22.44 38
22.45 28
22.46 20
22.47 0
22.48 0
22.49 8
22.5 23
22.51 37
22.52 26
22.53 21
22.54 0
22.55 0
22.56 0
22.57 14
22.58 25
22.59 37
22.6 27
22.61 27
22.62 0
22.63 0
22.64 17
22.65 28
22.66 36
22.67 25
22.68 6
22.69 1
22.7 17
22.71 31
22.72 37
22.73 28
22.74 6
22.75 0
22.76 5
22.77 21
22.78 33
22.79 28
22.8 19
22.81 8
22.82 1
22.83 12
22.84 27
22.85 40
22.86 25
22.87 0
22.88 0
22.89 1
22.9 14
22.91 27
22.92 41
22.93 27
22.94 17
22.95 0
22.96 0
22.97 6
22.98 23
22.99 41
23 30
23.01 25
23.02 2
23.03 11
23.04 31
23.05 24
23.06 20
23.07 14
23.08 26
23.09 20
23.1 17
23.11 1
23.12 14
23.13 33
23.14 27
23.15 22
23.16 2
23.17 3
23.18 22
23.19 39
23.2 28
23.21 17
23.22 0
23.23 4
23.24 22
23.25 41
23.26 28
23.27 20
23.28 0
23.29 0
23.3 17
23.31 30
23.32 44
23.33 29
23.34 1
23.35 0
23.36 7
23.37 21
23.38 39
23.39 26
23.4 13
23.41 0
23.42 0
23.43 8
23.44 24
23.45 42
23.46 26
23.47 12
23.48 0
23.49 0
23.5 16
23.51 29
23.52 44
23.53 28
23.54 4
23.55 0
23.56 7
23.57 24
23.58 37
23.59 28
23.6 11
23.61 0
23.62 0
23.63 12
23.64 25
23.65 38
23.66 26
23.67 18
23.68 0
23.69 3
23.7 18
23.71 33
23.72 28
23.73 29
23.74 0
23.75 0
23.76 6
23.77 22
23.78 38
23.79 29
23.8 20
23.81 4
23.82 8
23.83 27
23.84 42
23.85 25
23.86 10
23.87 0
23.88 10
23.89 27
23.9 43
23.91 28
23.92 0
23.93 0
23.94 0
23.95 14
23.96 32
23.97 28
23.98 27
23.99 4
24 0
24.01 15
24.02 37
24.03 26
24.04 25
24.05 0
24.06 9
24.07 24
24.08 40
24.09 30
24.1 21
24.11 0
24.12 4
24.13 25
24.14 44
24.15 30
24.16 15
24.17 0
24.18 1
24.19 21
24.2 41
24.21 26
24.22 17
24.23 0
24.24 0
24.25 14
24.26 35
24.27 28
24.28 18
24.29 0
24.3 3
24.31 25
24.32 44
24.33 26
24.34 12
24.35 2
24.36 19
24.37 39
24.38 24
24.39 13
24.4 10
24.41 30
24.42 24
24.43 17
24.44 0
24.45 0
24.46 18
24.47 40
24.48 28
24.49 19
24.5 16
24.51 7
24.52 21
24.53 39
24.54 24
24.55 1
24.56 0
24.57 11
24.58 26
24.59 41
24.6 28
24.61 20
24.62 0
24.63 9
24.64 28
24.65 30
24.66 22
24.67 21
24.68 0
24.69 14
24.7 29
24.71 41
24.72 25
24.73 0
24.74 0
24.75 1
24.76 15
24.77 34
24.78 38
24.79 29
24.8 6
24.81 0
24.82 10
24.83 25
24.84 39
24.85 29
24.86 10
24.87 0
24.88 3
24.89 22
24.9 36
24.91 27
24.92 29
24.93 0
24.94 0
24.95 0
24.96 12
24.97 27
24.98 39
24.99 27
25 16
25.01 0
25.02 1
25.03 17
25.04 31
25.05 36
25.06 27
25.07 8
25.08 0
25.09 9
25.1 23
25.11 41
25.12 27
25.13 17
25.14 0
25.15 0
25.16 10
25.17 30
25.18 46
25.19 28
25.2 10
25.21 0
25.22 6
25.23 27
25.24 41
25.25 29
25.26 19
25.27 0
25.28 0
25.29 4
25.3 25
25.31 40
25.32 27
25.33 19
25.34 0
25.35 3
25.36 19
25.37 34
25.38 27
25.39 15
25.4 0
25.41 0
25.42 6
25.43 28
25.44 45
25.45 29
25.46 12
25.47 0
25.48 0
25.49 15
25.5 32
25.51 29
25.52 28
25.53 9
25.54 0
25.55 2
25.56 22
25.57 41
25.58 27
25.59 18
25.6 18
25.61 13
25.62 35
25.63 21
25.64 0
25.65 0
25.66 14
25.67 33
25.68 40
25.69 28
25.7 10
25.71 0
25.72 10
25.73 29
25.74 42
25.75 27
25.76 6
25.77 0
25.78 3
25.79 19
25.8 33
25.81 28
25.82 17
25.83 0
25.84 0
25.85 3
25.86 20
25.87 40
25.88 27
25.89 13
25.9 7
25.91 9
25.92 26
25.93 40
25.94 27
25.95 0
25.96 0
25.97 0
25.98 11
25.99 30
26 47
26.01 29
26.02 20
26.03 4
26.04 17
26.05 31
26.06 24
26.07 10
26.08 0
26.09 0
26.1 16
26.11 32
26.12 38
26.13 29
26.14 5
26.15 0
26.16 11
26.17 22
26.18 35
26.19 25
26.2 23
26.21 0
26.22 6
26.23 21
26.24 35
26.25 25
26.26 6
26.27 0
26.28 14
26.29 29
26.3 42
26.31 28
26.32 12
26.33 0
26.34 10
26.35 27
26.36 39
26.37 27
26.38 19
26.39 0
26.4 0
26.41 11
26.42 27
26.43 40
26.44 27
26.45 11
26.46 0
26.47 12
26.48 29
26.49 25
26.5 24
26.51 1
26.52 0
26.53 22
26.54 39
26.55 27
26.56 17
26.57 9
26.58 5
26.59 24
26.6 45
26.61 27
26.62 12
26.63 3
26.64 20
26.65 36
26.66 25
26.67 6
26.68 0
26.69 0
26.7 16
26.71 34
26.72 28
26.73 24
26.74 9
26.75 0
26.76 12
26.77 30
26.78 26
26.79 22
26.8 5
26.81 0
26.82 18
26.83 34
26.84 28
26.85 16
26.86 0
26.87 0
26.88 15
26.89 31
26.9 28
26.91 23
26.92 11
26.93 0
26.94 3
26.95 17
26.96 35
26.97 26
26.98 19
26.99 0
27 1
27.01 23
27.02 41
27.03 28
27.04 18
27.05 0
27.06 4
27.07 24
27.08 41
27.09 28
27.1 18
27.11 6
27.12 11
27.13 27
27.14 24
27.15 17
27.16 0
27.17 2
27.18 19
27.19 34
27.2 28
27.21 24
27.22 0
27.23 0
27.24 0
27.25 16
27.26 32
27.27 29
27.28 25
27.29 0
27.3 0
27.31 4
27.32 23
27.33 38
27.34 27
27.35 10
27.36 0
27.37 0
27.38 18
27.39 35
27.4 29
27.41 22
27.42 6
27.43 0
27.44 2
27.45 21
27.46 35
27.47 27
27.48 12
27.49 0
27.5 0
27.51 5
27.52 22
27.53 35
27.54 27
27.55 23
27.56 2
27.57 3
27.58 19
27.59 34
27.6 26
27.61 18
27.62 1
27.63 1
27.64 21
27.65 36
27.66 30
27.67 20
27.68 0
27.69 0
27.7 14
27.71 30
27.72 45
27.73 28
27.74 11
27.75 0
27.76 15
27.77 29
27.78 34
27.79 28
27.8 13
27.81 1
27.82 16
27.83 31
27.84 24
27.85 12
27.86 0
27.87 3
27.88 22
27.89 37
27.9 29
27.91 26
27.92 18
27.93 0
27.94 4
27.95 20
27.96 35
27.97 26
27.98 15
27.99 1
28 13
28.01 28
28.02 45
28.03 28
28.04 19
28.05 0
28.06 0
28.07 17
28.08 35
28.09 30
28.1 27
28.11 8
28.12 0
28.13 0
28.14 13
28.15 35
28.16 35
28.17 28
28.18 13
28.19 0
28.2 11
28.21 27
28.22 44
28.23 28
28.24 12
28.25 0
28.26 4
28.27 22
28.28 38
28.29 28
28.3 17
28.31 2
28.32 3
28.33 22
28.34 36
28.35 26
28.36 12
28.37 12
28.38 16
28.39 33
28.4 23
28.41 6
28.42 4
28.43 21
28.44 40
28.45 26
28.46 0
28.47 0
28.48 10
28.49 32
28.5 26
28.51 25
28.52 25
28.53 20
28.54 1
28.55 15
28.56 30
28.57 24
28.58 17
28.59 0
28.6 0
28.61 11
28.62 30
28.63 49
28.64 27
28.65 0
28.66 0
28.67 7
28.68 31
28.69 47
28.7 27
28.71 13
28.72 0
28.73 3
28.74 24
28.75 42
28.76 30
28.77 12
28.78 0
28.79 0
28.8 25
28.81 43
28.82 27
28.83 18
28.84 0
28.85 0
28.86 15
28.87 30
28.88 26
28.89 28
28.9 9
28.91 0
28.92 9
28.93 31
28.94 44
28.95 26
28.96 0
28.97 0
28.98 2
28.99 21
29 39
29.01 27
29.02 20
29.03 5
29.04 5
29.05 21
29.06 37
29.07 27
29.08 21
29.09 0
29.1 5
29.11 23
29.12 41
29.13 27
29.14 21
29.15 0
29.16 5
29.17 24
29.18 42
29.19 27
29.2 24
29.21 0
29.22 0
29.23 6
29.24 20
29.25 38
29.26 28
29.27 29
29.28 0
29.29 0
29.3 8
29.31 23
29.32 38
29.33 28
29.34 21
29.35 0
29.36 0
29.37 19
29.38 35
29.39 27
29.4 21
29.41 0
29.42 0
29.43 0
29.44 18
29.45 37
29.46 29
29.47 29
29.48 3
29.49 0
29.5 16
29.51 29
29.52 38
29.53 28
29.54 0
29.55 2
29.56 16
29.57 31
29.58 45
29.59 29
29.6 23
29.61 0
29.62 2
29.63 17
29.64 31
29.65 41
29.66 28
29.67 8
29.68 0
29.69 0
29.7 11
29.71 25
29.72 36
29.73 28
29.74 15
29.75 0
29.76 0
29.77 0
29.78 8
29.79 22
29.8 35
29.81 28
29.82 18
29.83 0
29.84 0
29.85 9
29.86 23
29.87 34
29.88 28
29.89 24
29.9 0
29.91 0
29.92 9
29.93 19
29.94 33
29.95 28
29.96 26
29.97 0
29.98 0
29.99 7
30 20
30.01 34
30.02 28
30.03 20
30.04 0
30.05 0
30.06 8
30.07 25
30.08 41
30.09 27
30.1 9
30.11 5
30.12 20
30.13 35
30.14 23
30.15 0
30.16 0
30.17 1
30.18 17
30.19 34
30.2 27
30.21 19
30.22 0
30.23 0
30.24 12
30.25 26
30.26 43
30.27 28
30.28 15
30.29 0
30.3 0
30.31 11
30.32 29
30.33 47
30.34 28
30.35 2
30.36 0
30.37 0
30.38 9
30.39 28
30.4 46
30.41 28
30.42 26
30.43 0
30.44 0
30.45 9
30.46 30
30.47 25
30.48 19
30.49 0
30.5 0
30.51 10
30.52 29
30.53 46
30.54 29
30.55 10
30.56 0
30.57 0
30.58 17
30.59 33
30.6 27
30.61 18
30.62 0
30.63 0
30.64 7
30.65 19
30.66 40
30.67 30
30.68 21
30.69 0
30.7 0
30.71 10
30.72 25
30.73 43
30.74 26
30.75 16
30.76 16
30.77 22
30.78 17
30.79 0
30.8 0
30.81 9
30.82 22
30.83 40
30.84 28
30.85 12
30.86 0
30.87 0
30.88 9
30.89 20
30.9 32
30.91 28
30.92 29
30.93 0
30.94 0
30.95 8
30.96 22
30.97 35
30.98 28
30.99 24
31 0
31.01 0
31.02 9
31.03 21
31.04 34
31.05 26
31.06 24
31.07 0
31.08 0
31.09 16
31.1 34
31.11 27
31.12 22
31.13 7
31.14 0
31.15 13
31.16 34
31.17 29
31.18 26
31.19 9
31.2 0
31.21 8
31.22 26
31.23 42
31.24 27
31.25 15
31.26 0
31.27 0
31.28 18
31.29 34
31.3 27
31.31 16
31.32 4
31.33 0
31.34 17
31.35 33
31.36 26
31.37 26
31.38 3
31.39 0
31.4 5
31.41 25
31.42 41
31.43 25
31.44 3
31.45 0
31.46 0
31.47 18
31.48 36
31.49 28
31.5 29
31.51 6
31.52 0
31.53 11
31.54 31
31.55 38
31.56 28
31.57 5
31.58 6
31.59 21
31.6 36
31.61 25
31.62 3
31.63 0
31.64 0
31.65 8
31.66 25
31.67 38
31.68 28
31.69 23
31.7 9
31.71 9
31.72 25
31.73 22
31.74 20
31.75 4
31.76 2
31.77 19
31.78 38
31.79 29
31.8 28
31.81 0
31.82 2
31.83 16
31.84 35
31.85 28
31.86 18
31.87 0
31.88 0
31.89 11
31.9 27
31.91 43
31.92 28
31.93 18
31.94 0
31.95 4
31.96 20
31.97 34
31.98 26
31.99 26
32 0
32.01 0
32.02 5
32.03 22
32.04 37
32.05 30
32.06 29
32.07 3
32.08 0
32.09 0
32.1 0
32.11 13
32.12 27
32.13 40
32.14 29
32.15 20
32.16 0
32.17 0
32.18 0
32.19 18
32.2 32
32.21 33
32.22 28
32.23 4
32.24 0
32.25 0
32.26 12
32.27 25
32.28 38
32.29 27
32.3 11
32.31 0
32.32 8
32.33 24
32.34 36
32.35 28
32.36 23
32.37 0
32.38 0
32.39 4
32.4 18
32.41 31
32.42 35
32.43 27
32.44 11
32.45 5
32.46 19
32.47 33
32.48 24
32.49 16
32.5 0
32.51 0
32.52 16
32.53 34
32.54 28
32.55 27
32.56 0
32.57 0
32.58 12
32.59 29
32.6 44
32.61 28
32.62 14
32.63 5
32.64 13
32.65 31
32.66 24
32.67 10
32.68 0
32.69 3
32.7 17
32.71 34
32.72 26
32.73 27
32.74 0
32.75 0
32.76 9
32.77 27
32.78 43
32.79 27
32.8 5
32.81 0
32.82 1
32.83 18
32.84 33
32.85 27
32.86 26
32.87 8
32.88 0
32.89 9
32.9 24
32.91 39
32.92 25
32.93 10
32.94 0
32.95 2
32.96 17
32.97 32
32.98 26
32.99 20
33 8
33.01 0
33.02 17
33.03 33
33.04 26
33.05 15
33.06 3
33.07 0
33.08 13
33.09 25
33.1 40
33.11 26
33.12 3
33.13 0
33.14 0
33.15 18
33.16 34
33.17 29
33.18 20
33.19 8
33.2 0
33.21 0
33.22 10
33.23 28
33.24 44
33.25 28
33.26 26
33.27 0
33.28 0
33.29 13
33.3 29
33.31 42
33.32 26
33.33 2
33.34 0
33.35 0
33.36 10
33.37 24
33.38 38
33.39 27
33.4 10
33.41 0
33.42 0
33.43 10
33.44 27
33.45 43
33.46 28
33.47 26
33.48 0
33.49 0
33.5 0
33.51 15
33.52 30
33.53 44
33.54 27
33.55 16
33.56 0
33.57 12
33.58 25
33.59 40
33.6 25
33.61 6
33.62 0
33.63 15
33.64 31
33.65 38
33.66 28
33.67 2
33.68 0
33.69 17
33.7 36
33.71 26
33.72 18
33.73 0
33.74 0
33.75 12
33.76 30
33.77 43
33.78 28
33.79 6
33.8 0
33.81 14
33.82 30
33.83 26
33.84 19
33.85 2
33.86 0
33.87 8
33.88 26
33.89 41
33.9 27
33.91 7
33.92 0
33.93 6
33.94 24
33.95 37
33.96 28
33.97 21
33.98 2
33.99 9
34 26
34.01 44
34.02 29
34.03 0
34.04 0
34.05 2
34.06 23
34.07 38
34.08 27
34.09 9
34.1 0
34.11 0
34.12 11
34.13 26
34.14 43
34.15 27
34.16 5
34.17 0
34.18 3
34.19 24
34.2 42
34.21 29
34.22 19
34.23 0
34.24 0
34.25 3
34.26 21
34.27 40
34.28 26
34.29 14
34.3 0
34.31 0
34.32 11
34.33 31
34.34 47
34.35 29
34.36 11
34.37 0
34.38 10
34.39 22
34.4 40
34.41 27
34.42 13
34.43 0
34.44 0
34.45 16
34.46 32
34.47 26
34.48 26
34.49 4
34.5 3
34.51 12
34.52 29
34.53 31
34.54 22
34.55 10
34.56 14
34.57 27
34.58 23
34.59 12
34.6 0
34.61 3
34.62 17
34.63 32
34.64 31
34.65 28
34.66 0
34.67 0
34.68 8
34.69 26
34.7 42
34.71 30
34.72 24
34.73 0
34.74 0
34.75 3
34.76 20
34.77 35
34.78 29
34.79 16
34.8 0
34.81 0
34.82 15
34.83 32
34.84 27
34.85 22
34.86 6
34.87 0
34.88 15
34.89 32
34.9 29
34.91 24
34.92 0
34.93 0
34.94 14
34.95 31
34.96 35
34.97 28
34.98 5
34.99 0
35 1
35.01 15
35.02 31
35.03 34
35.04 26
35.05 11
35.06 5
35.07 20
35.08 34
35.09 23
35.1 3
35.11 0
35.12 3
35.13 14
35.14 30
35.15 36
35.16 27
35.17 0
35.18 0
35.19 5
35.2 21
35.21 35
35.22 28
35.23 17
35.24 0
35.25 0
35.26 0
35.27 12
35.28 28
35.29 44
35.3 30
35.31 7
35.32 0
35.33 0
35.34 9
35.35 24
35.36 38
35.37 29
35.38 11
35.39 0
35.4 0
35.41 3
35.42 20
35.43 30
35.44 26
35.45 27
35.46 0
35.47 0
35.48 13
35.49 27
35.5 39
35.51 27
35.52 6
35.53 2
35.54 19
35.55 32
35.56 29
35.57 27
35.58 0
35.59 0
35.6 0
35.61 4
35.62 17
35.63 31
35.64 41
35.65 29
35.66 2
35.67 0
35.68 0
35.69 6
35.7 20
35.71 35
35.72 27
35.73 27
35.74 0
35.75 0
35.76 2
35.77 15
35.78 30
35.79 41
35.8 27
35.81 0
35.82 0
35.83 6
35.84 22
35.85 34
35.86 28
35.87 28
35.88 0
35.89 0
35.9 7
35.91 20
35.92 34
35.93 27
35.94 28
35.95 9
35.96 0
35.97 13
35.98 32
35.99 45
36 29
36.01 4
36.02 0
36.03 5
36.04 27
36.05 44
36.06 27
36.07 20
36.08 0
36.09 0
36.1 19
36.11 37
36.12 28
36.13 16
36.14 5
36.15 0
36.16 16
36.17 33
36.18 26
36.19 17
36.2 0
36.21 0
36.22 15
36.23 34
36.24 27
36.25 26
36.26 7
36.27 4
36.28 19
36.29 38
36.3 26
36.31 15
36.32 0
36.33 0
36.34 14
36.35 29
36.36 40
36.37 26
36.38 10
36.39 0
36.4 3
36.41 19
36.42 33
36.43 28
36.44 24
36.45 3
36.46 0
36.47 10
36.48 28
36.49 44
36.5 28
36.51 12
36.52 0
36.53 0
36.54 14
36.55 32
36.56 39
36.57 26
36.58 13
36.59 0
36.6 8
36.61 26
36.62 39
36.63 27
36.64 3
36.65 0
36.66 0
36.67 4
36.68 20
36.69 35
36.7 28
36.71 24
36.72 0
36.73 0
36.74 0
36.75 15
36.76 33
36.77 45
36.78 29
36.79 8
36.8 0
36.81 17
36.82 35
36.83 28
36.84 24
36.85 0
36.86 0
36.87 4
36.88 23
36.89 40
36.9 28
36.91 21
36.92 0
36.93 0
36.94 13
36.95 32
36.96 30
36.97 23
36.98 9
36.99 2
37 17
37.01 35
37.02 26
37.03 18
37.04 0
37.05 0
37.06 13
37.07 32
37.08 45
37.09 29
37.1 15
37.11 0
37.12 2
37.13 18
37.14 32
37.15 25
37.16 21
37.17 0
37.18 3
37.19 18
37.2 35
37.21 28
37.22 21
37.23 11
37.24 14
37.25 31
37.26 23
37.27 3
37.28 0
37.29 0
37.3 10
37.31 30
37.32 47
37.33 30
37.34 0
37.35 0
37.36 0
37.37 8
37.38 24
37.39 42
37.4 29
37.41 18
37.42 0
37.43 0
37.44 0
37.45 15
37.46 30
37.47 45
37.48 28
37.49 0
37.5 0
37.51 12
37.52 26
37.53 42
37.54 29
37.55 26
37.56 0
37.57 3
37.58 18
37.59 35
37.6 26
37.61 23
37.62 6
37.63 12
37.64 22
37.65 22
37.66 11
37.67 0
37.68 0
37.69 0
37.7 14
37.71 26
37.72 39
37.73 28
37.74 18
37.75 0
37.76 12
37.77 26
37.78 39
37.79 27
37.8 2
37.81 0
37.82 0
37.83 11
37.84 25
37.85 38
37.86 27
37.87 15
37.88 0
37.89 0
37.9 7
37.91 21
37.92 36
37.93 31
37.94 20
37.95 12
37.96 11
37.97 28
37.98 23
37.99 22
38 0
38.01 0
38.02 14
38.03 29
38.04 45
38.05 29
38.06 0
38.07 0
38.08 0
38.09 12
38.1 32
38.11 48
38.12 29
38.13 10
38.14 0
38.15 1
38.16 17
38.17 34
38.18 29
38.19 27
38.2 5
38.21 1
38.22 18
38.23 35
38.24 27
38.25 22
38.26 0
38.27 0
38.28 2
38.29 21
38.3 39
38.31 28
38.32 17
38.33 0
38.34 0
38.35 20
38.36 39
38.37 28
38.38 22
38.39 8
38.4 1
38.41 21
38.42 37
38.43 27
38.44 22
38.45 0
38.46 0
38.47 5
38.48 22
38.49 40
38.5 29
38.51 24
38.52 0
38.53 0
38.54 12
38.55 29
38.56 43
38.57 30
38.58 1
38.59 0
38.6 0
38.61 17
38.62 32
38.63 35
38.64 28
38.65 3
38.66 0
38.67 0
38.68 10
38.69 24
38.7 37
38.71 29
38.72 14
38.73 0
38.74 0
38.75 16
38.76 28
38.77 42
38.78 27
38.79 4
38.8 0
38.81 0
38.82 7
38.83 20
38.84 32
38.85 35
38.86 27
38.87 0
38.88 0
38.89 2
38.9 16
38.91 31
38.92 43
38.93 29
38.94 19
38.95 0
38.96 0
38.97 6
38.98 23
38.99 37
39 28
39.01 12
39.02 0
39.03 0
39.04 11
39.05 23
39.06 36
39.07 30
39.08 25
39.09 0
39.1 0
39.11 2
39.12 22
39.13 41
39.14 30
39.15 26
39.16 5
39.17 8
39.18 24
39.19 39
39.2 25
39.21 25
39.22 0
39.23 11
39.24 33
39.25 24
39.26 17
39.27 0
39.28 3
39.29 21
39.3 35
39.31 26
39.32 24
39.33 7
39.34 15
39.35 32
39.36 23
39.37 16
39.38 0
39.39 17
39.4 33
39.41 27
39.42 19
39.43 6
39.44 0
39.45 12
39.46 30
39.47 26
39.48 21
39.49 0
39.5 0
39.51 13
39.52 32
39.53 29
39.54 22
39.55 14
39.56 0
39.57 12
39.58 37
39.59 28
39.6 26
39.61 1
39.62 0
39.63 15
39.64 36
39.65 28
39.66 29
39.67 12
39.68 2
39.69 14
39.7 29
39.71 26
39.72 23
39.73 0
39.74 0
39.75 0
39.76 4
39.77 21
39.78 36
39.79 27
39.8 21
39.81 0
39.82 0
39.83 6
39.84 17
39.85 30
39.86 40
39.87 29
39.88 18
39.89 3
39.9 16
39.91 29
39.92 24
39.93 5
39.94 0
39.95 0
39.96 0
39.97 12
39.98 24
39.99 35
40 27
40.01 19
40.02 0
40.03 0
40.04 9
40.05 17
40.06 27
40.07 35
40.08 27
40.09 27
40.1 0
40.11 0
40.12 0
40.13 8
40.14 21
40.15 27
40.16 35
40.17 28
40.18 8
40.19 0
40.2 0
40.21 0
40.22 12
40.23 21
40.24 32
40.25 31
40.26 23
40.27 0
40.28 0
40.29 0
40.3 11
40.31 24
40.32 35
40.33 28
40.34 20
40.35 0
40.36 0
40.37 0
40.38 7
40.39 20
40.4 34
40.41 33
40.42 27
40.43 0
40.44 0
40.45 1
40.46 12
40.47 25
40.48 40
40.49 27
40.5 23
40.51 0
40.52 0
40.53 10
40.54 23
40.55 40
40.56 27
40.57 16
40.58 0
40.59 4
40.6 24
40.61 39
40.62 27
40.63 19
40.64 0
40.65 0
40.66 12
40.67 32
40.68 38
40.69 28
40.7 0
40.71 0
40.72 1
40.73 16
40.74 34
40.75 27
40.76 26
40.77 14
40.78 0
40.79 0
40.8 11
40.81 29
40.82 44
40.83 27
40.84 13
40.85 3
40.86 20
40.87 21
40.88 23
40.89 0
40.9 0
40.91 12
40.92 29
40.93 46
40.94 26
40.95 11
40.96 7
40.97 21
40.98 23
40.99 22
41 8
41.01 0
41.02 17
41.03 34
41.04 28
41.05 27
41.06 5
41.07 0
41.08 11
41.09 26
41.1 39
41.11 26
41.12 6
41.13 0
41.14 3
41.15 20
41.16 37
41.17 26
41.18 21
41.19 0
41.2 0
41.21 8
41.22 24
41.23 38
41.24 28
41.25 21
41.26 0
41.27 1
41.28 15
41.29 30
41.3 33
41.31 28
41.32 11
41.33 0
41.34 15
41.35 29
41.36 39
41.37 25
41.38 0
41.39 0
41.4 0
41.41 13
41.42 31
41.43 44
41.44 28
41.45 21
41.46 0
41.47 0
41.48 5
41.49 21
41.5 37
41.51 29
41.52 19
41.53 4
41.54 0
41.55 10
41.56 25
41.57 39
41.58 27
41.59 11
41.6 0
41.61 0
41.62 12
41.63 31
41.64 34
41.65 27
41.66 0
41.67 0
41.68 2
41.69 16
41.7 35
41.71 27
41.72 24
41.73 0
41.74 0
41.75 0
41.76 20
41.77 40
41.78 28
41.79 20
41.8 5
41.81 14
41.82 31
41.83 21
41.84 10
41.85 3
41.86 18
41.87 32
41.88 28
41.89 25
41.9 0
41.91 0
41.92 10
41.93 26
41.94 43
41.95 30
41.96 14
41.97 0
41.98 8
41.99 27
42 42
42.01 26
42.02 9
42.03 0
42.04 6
42.05 27
42.06 43
42.07 29
42.08 14
42.09 0
42.1 0
42.11 17
42.12 33
42.13 25
42.14 23
42.15 0
42.16 0
42.17 16
42.18 32
42.19 27
42.2 27
42.21 6
42.22 0
42.23 7
42.24 26
42.25 41
42.26 27
42.27 15
42.28 0
42.29 0
42.3 17
42.31 33
42.32 27
42.33 21
42.34 9
42.35 6
42.36 16
42.37 33
42.38 25
42.39 17
42.4 0
42.41 0
42.42 3
42.43 23
42.44 39
42.45 28
42.46 20
42.47 0
42.48 0
42.49 12
42.5 28
42.51 43
42.52 28
42.53 23
42.54 0
42.55 0
42.56 15
42.57 33
42.58 27
42.59 20
42.6 9
42.61 0
42.62 19
42.63 35
42.64 26
42.65 18
42.66 1
42.67 5
42.68 27
42.69 38
42.7 25
42.71 16
42.72 0
42.73 5
42.74 23
42.75 37
42.76 27
42.77 27
42.78 3
42.79 0
42.8 10
42.81 33
42.82 26
42.83 21
42.84 2
42.85 6
42.86 26
42.87 40
42.88 27
42.89 7
42.9 0
42.91 0
42.92 22
42.93 41
42.94 28
42.95 29
42.96 0
42.97 0
42.98 13
42.99 30
43 42
43.01 26
43.02 7
43.03 0
43.04 11
43.05 30
43.06 46
43.07 28
43.08 0
43.09 0
43.1 0
43.11 22
43.12 38
43.13 28
43.14 11
43.15 5
43.16 16
43.17 33
43.18 22
43.19 13
43.2 6
43.21 24
43.22 32
43.23 21
43.24 5
43.25 0
43.26 10
43.27 31
43.28 30
43.29 26
43.3 6
43.31 0
43.32 6
43.33 27
43.34 45
43.35 28
43.36 16
43.37 0
43.38 9
43.39 29
43.4 33
43.41 27
43.42 2
43.43 0
43.44 0
43.45 22
43.46 39
43.47 27
43.48 22
43.49 0
43.5 1
43.51 18
43.52 32
43.53 27
43.54 20
43.55 6
43.56 0
43.57 9
43.58 29
43.59 44
43.6 28
43.61 10
43.62 0
43.63 1
43.64 21
43.65 39
43.66 26
43.67 8
43.68 0
43.69 1
43.7 18
43.71 39
43.72 27
43.73 20
43.74 0
43.75 0
43.76 8
43.77 27
43.78 45
43.79 29
43.8 11
43.81 0
43.82 0
43.83 13
43.84 25
43.85 42
43.86 29
43.87 19
43.88 0
43.89 0
43.9 17
43.91 34
43.92 28
43.93 19
43.94 3
43.95 10
43.96 27
43.97 25
43.98 21
43.99 8
44 8
44.01 22
44.02 39
44.03 22
44.04 9
44.05 0
44.06 0
44.07 20
44.08 35
44.09 28
44.1 24
44.11 8
44.12 0
44.13 10
44.14 25
44.15 41
44.16 27
44.17 0
44.18 0
44.19 0
44.2 20
44.21 34
44.22 26
44.23 19
44.24 0
44.25 0
44.26 10
44.27 28
44.28 39
44.29 26
44.3 23
44.31 0
44.32 1
44.33 18
44.34 32
44.35 29
44.36 24
44.37 0
44.38 0
44.39 4
44.4 21
44.41 39
44.42 28
44.43 1
44.44 0
44.45 0
44.46 11
44.47 31
44.48 47
44.49 29
44.5 10
44.51 6
44.52 20
44.53 36
44.54 23
44.55 12
44.56 12
44.57 26
44.58 23
44.59 11
44.6 6
44.61 7
44.62 24
44.63 41
44.64 25
44.65 20
44.66 0
44.67 11
44.68 26
44.69 42
44.7 26
44.71 9
44.72 0
44.73 8
44.74 26
44.75 42
44.76 28
44.77 20
44.78 0
44.79 0
44.8 18
44.81 34
44.82 29
44.83 23
44.84 0
44.85 0
44.86 10
44.87 29
44.88 47
44.89 27
44.9 0
44.91 0
44.92 0
44.93 12
44.94 24
44.95 39
44.96 27
44.97 23
44.98 0
44.99 0
45 9
45.01 30
45.02 46
45.03 28
45.04 8
45.05 1
45.06 13
45.07 27
45.08 45
45.09 28
45.1 8
45.11 0
45.12 0
45.13 19
45.14 34
45.15 28
45.16 20
45.17 0
45.18 0
45.19 3
45.2 19
45.21 32
45.22 26
45.23 16
45.24 0
45.25 0
45.26 0
45.27 13
45.28 27
45.29 43
45.3 29
45.31 1
45.32 0
45.33 0
45.34 14
45.35 31
45.36 45
45.37 29
45.38 8
45.39 0
45.4 0
45.41 16
45.42 32
45.43 33
45.44 25
45.45 0
45.46 0
45.47 0
45.48 7
45.49 26
45.5 41
45.51 28
45.52 16
45.53 0
45.54 0
45.55 7
45.56 26
45.57 40
45.58 28
45.59 16
45.6 0
45.61 0
45.62 12
45.63 26
45.64 42
45.65 28
45.66 3
45.67 0
45.68 0
45.69 14
45.7 30
45.71 47
45.72 28
45.73 0
45.74 0
45.75 2
45.76 21
45.77 35
45.78 27
45.79 20
45.8 0
45.81 0
45.82 13
45.83 29
45.84 41
45.85 27
45.86 10
45.87 0
45.88 6
45.89 24
45.9 40
45.91 28
45.92 13
45.93 0
45.94 0
45.95 2
45.96 18
45.97 34
45.98 30
45.99 28
46 0
46.01 0
46.02 3
46.03 23
46.04 37
46.05 27
46.06 15
46.07 0
46.08 3
46.09 21
46.1 38
46.11 28
46.12 22
46.13 6
46.14 4
46.15 23
46.16 40
46.17 28
46.18 22
46.19 0
46.2 2
46.21 23
46.22 39
46.23 28
46.24 23
46.25 12
46.26 13
46.27 24
46.28 27
46.29 21
46.3 3
46.31 0
46.32 14
46.33 32
46.34 46
46.35 29
46.36 18
46.37 5
46.38 10
46.39 28
46.4 32
46.41 24
46.42 0
46.43 0
46.44 1
46.45 20
46.46 38
46.47 29
46.48 14
46.49 0
46.5 0
46.51 12
46.52 30
46.53 42
46.54 30
46.55 12
46.56 0
46.57 2
46.58 20
46.59 38
46.6 28
46.61 20
46.62 0
46.63 2
46.64 17
46.65 33
46.66 27
46.67 17
46.68 0
46.69 0
46.7 13
46.71 33
46.72 40
46.73 30
46.74 20
46.75 0
46.76 0
46.77 23
46.78 42
46.79 24
46.8 14
46.81 0
46.82 6
46.83 26
46.84 44
46.85 26
46.86 0
46.87 0
46.88 2
46.89 23
46.9 40
46.91 28
46.92 20
46.93 0
46.94 0
46.95 8
46.96 24
46.97 42
46.98 26
46.99 11
47 0
47.01 0
47.02 16
47.03 32
47.04 36
47.05 27
47.06 16
47.07 0
47.08 6
47.09 26
47.1 42
47.11 26
47.12 16
47.13 0
47.14 1
47.15 21
47.16 36
47.17 28
47.18 29
47.19 0
47.2 0
47.21 15
47.22 36
47.23 26
47.24 19
47.25 8
47.26 0
47.27 11
47.28 29
47.29 46
47.3 28
47.31 15
47.32 0
47.33 0
47.34 19
47.35 37
47.36 27
47.37 16
47.38 0
47.39 0
47.4 1
47.41 18
47.42 36
47.43 27
47.44 21
47.45 0
47.46 0
47.47 14
47.48 32
47.49 38
47.5 28
47.51 0
47.52 0
47.53 4
47.54 20
47.55 32
47.56 28
47.57 22
47.58 0
47.59 0
47.6 0
47.61 11
47.62 25
47.63 35
47.64 28
47.65 22
47.66 0
47.67 0
47.68 13
47.69 27
47.7 38
47.71 26
47.72 8
47.73 0
47.74 0
47.75 16
47.76 29
47.77 41
47.78 26
47.79 5
47.8 0
47.81 4
47.82 16
47.83 30
47.84 43
47.85 28
47.86 10
47.87 0
47.88 12
47.89 26
47.9 41
47.91 27
47.92 4
47.93 0
47.94 13
47.95 30
47.96 25
47.97 18
47.98 0
47.99 0
48 11
48.01 23
48.02 40
48.03 25
48.04 15
48.05 1
48.06 19
48.07 35
48.08 23
48.09 22
48.1 0
48.11 10
48.12 24
48.13 37
48.14 27
48.15 11
48.16 0
48.17 7
48.18 21
48.19 36
48.2 29
48.21 21
48.22 1
48.23 0
48.24 14
48.25 32
48.26 41
48.27 29
48.28 14
48.29 0
48.3 0
48.31 16
48.32 32
48.33 27
48.34 26
48.35 0
48.36 0
48.37 12
48.38 30
48.39 47
48.4 27
48.41 0
48.42 0
48.43 0
48.44 13
48.45 34
48.46 28
48.47 25
48.48 0
48.49 0
48.5 20
48.51 41
48.52 28
48.53 19
48.54 0
48.55 0
48.56 17
48.57 33
48.58 26
48.59 12
48.6 0
48.61 0
48.62 12
48.63 31
48.64 27
48.65 27
48.66 5
48.67 0
48.68 2
48.69 20
48.7 37
48.71 27
48.72 27
48.73 0
48.74 0
48.75 2
48.76 17
48.77 31
48.78 30
48.79 23
48.8 5
48.81 0
48.82 2
48.83 17
48.84 31
48.85 44
48.86 26
48.87 2
48.88 0
48.89 16
48.9 30
48.91 26
48.92 25
48.93 15
48.94 0
48.95 14
48.96 31
48.97 25
48.98 19
48.99 11
49 0
49.01 7
49.02 21
49.03 39
49.04 28
49.05 7
49.06 0
49.07 0
49.08 12
49.09 31
49.1 42
49.11 28
49.12 6
49.13 0
49.14 10
49.15 28
49.16 44
49.17 26
49.18 25
49.19 0
49.2 0
49.21 12
49.22 30
49.23 37
49.24 27
49.25 6
49.26 7
49.27 16
49.28 32
49.29 23
49.3 12
49.31 2
49.32 19
49.33 37
49.34 24
49.35 20
49.36 0
49.37 3
49.38 25
49.39 39
49.4 26
49.41 20
49.42 0
49.43 0
49.44 19
49.45 31
49.46 25
49.47 15
49.48 0
49.49 0
49.5 5
49.51 21
49.52 39
49.53 28
49.54 17
49.55 0
49.56 0
49.57 10
49.58 28
49.59 48
49.6 29
49.61 17
49.62 0
49.63 3
49.64 24
49.65 40
49.66 28
49.67 22
49.68 0
49.69 5
49.7 25
49.71 43
49.72 28
49.73 9
49.74 0
49.75 0
49.76 20
49.77 37
49.78 28
49.79 21
49.8 3
49.81 4
49.82 21
49.83 38
49.84 27
49.85 5
49.86 0
49.87 0
49.88 13
49.89 27
49.9 44
49.91 28
49.92 24
49.93 0
49.94 0
49.95 3
49.96 17
49.97 37
49.98 29
49.99 26
50 0
50.01 0
50.02 0
50.03 9
50.04 26
50.05 40
50.06 29
50.07 19
50.08 0
50.09 0
50.1 15
50.11 28
50.12 40
50.13 26
50.14 0
50.15 0
50.16 0
50.17 16
50.18 33
50.19 45
50.2 28
50.21 0
50.22 0
50.23 7
50.24 25
50.25 43
50.26 27
50.27 8
50.28 0
50.29 0
50.3 0
50.31 18
50.32 35
50.33 28
50.34 23
50.35 2
50.36 14
50.37 27
50.38 24
50.39 13
50.4 0
50.41 0
50.42 13
50.43 34
50.44 35
50.45 28
50.46 7
50.47 0
50.48 9
50.49 28
50.5 45
50.51 26
50.52 8
50.53 0
50.54 8
50.55 27
50.56 44
50.57 28
50.58 4
50.59 0
50.6 0
50.61 15
50.62 40
50.63 29
50.64 9
50.65 0
50.66 0
50.67 17
50.68 37
50.69 26
50.7 19
50.71 7
50.72 0
50.73 18
50.74 38
50.75 28
50.76 27
50.77 1
50.78 0
50.79 14
50.8 30
50.81 26
50.82 27
50.83 12
50.84 9
50.85 19
50.86 35
50.87 23
50.88 0
50.89 0
50.9 7
50.91 25
50.92 39
50.93 29
50.94 22
50.95 0
50.96 0
50.97 14
50.98 29
50.99 46
51 29
51.01 28
51.02 0
51.03 13
51.04 32
51.05 25
51.06 21
51.07 0
51.08 5
51.09 22
51.1 42
51.11 27
51.12 25
51.13 4
51.14 20
51.15 29
51.16 20
51.17 6
51.18 1
51.19 20
51.2 40
51.21 29
51.22 18
51.23 0
51.24 7
51.25 27
51.26 40
51.27 26
51.28 18
51.29 0
51.3 0
51.31 12
51.32 28
51.33 43
51.34 27
51.35 14
51.36 0
51.37 0
51.38 14
51.39 29
51.4 44
51.41 28
51.42 10
51.43 0
51.44 1
51.45 21
51.46 37
51.47 26
51.48 18
51.49 3
51.5 5
51.51 23
51.52 37
51.53 26
51.54 10
51.55 0
51.56 0
51.57 13
51.58 27
51.59 47
51.6 27
51.61 14
51.62 1
51.63 16
51.64 35
51.65 27
51.66 15
51.67 0
51.68 8
51.69 25
51.7 45
51.71 29
51.72 15
51.73 0
51.74 4
51.75 26
51.76 47
51.77 26
51.78 25
51.79 3
51.8 10
51.81 28
51.82 24
51.83 19
51.84 8
51.85 12
51.86 26
51.87 23
51.88 13
51.89 0
51.9 0
51.91 10
51.92 26
51.93 44
51.94 30
51.95 18
51.96 0
51.97 0
51.98 15
51.99 31
52 40
52.01 29
52.02 0
52.03 0
52.04 0
52.05 14
52.06 31
52.07 45
52.08 29
52.09 15
52.1 0
52.11 0
52.12 16
52.13 34
52.14 26
52.15 25
52.16 0
52.17 0
52.18 7
52.19 23
52.2 38
52.21 27
52.22 16
52.23 0
52.24 0
52.25 0
52.26 13
52.27 31
52.28 47
52.29 29
52.3 22
52.31 0
52.32 0
52.33 0
52.34 12
52.35 29
52.36 41
52.37 27
52.38 12
52.39 0
52.4 13
52.41 29
52.42 43
52.43 29
52.44 13
52.45 0
52.46 9
52.47 25
52.48 41
52.49 28
52.5 11
52.51 0
52.52 0
52.53 9
52.54 26
52.55 40
52.56 29
52.57 14
52.58 0
52.59 0
52.6 15
52.61 34
52.62 43
52.63 29
52.64 7
52.65 0
52.66 0
52.67 10
52.68 25
52.69 40
52.7 28
52.71 22
52.72 0
52.73 0
52.74 9
52.75 21
52.76 35
52.77 28
52.78 23
52.79 0
52.8 0
52.81 13
52.82 33
52.83 34
52.84 26
52.85 4
52.86 0
52.87 4
52.88 23
52.89 40
52.9 29
52.91 12
52.92 0
52.93 13
52.94 32
52.95 25
52.96 12
52.97 2
52.98 0
52.99 7
53 25
53.01 46
53.02 30
53.03 19
53.04 0
53.05 10
53.06 28
53.07 32
53.08 25
53.09 16
53.1 0
53.11 6
53.12 25
53.13 40
53.14 27
53.15 11
53.16 0
53.17 9
53.18 29
53.19 43
53.2 27
53.21 2
53.22 0
53.23 6
53.24 25
53.25 39
53.26 26
53.27 12
53.28 0
53.29 0
53.3 18
53.31 38
53.32 27
53.33 27
53.34 0
53.35 0
53.36 0
53.37 18
53.38 35
53.39 27
53.4 19
53.41 0
53.42 1
53.43 17
53.44 33
53.45 27
53.46 22
53.47 9
53.48 2
53.49 8
53.5 23
53.51 38
53.52 27
53.53 23
53.54 0
53.55 0
53.56 16
53.57 28
53.58 41
53.59 26
53.6 0
53.61 0
53.62 0
53.63 8
53.64 25
53.65 40
53.66 28
53.67 22
53.68 0
53.69 0
53.7 8
53.71 23
53.72 37
53.73 27
53.74 16
53.75 12
53.76 14
53.77 31
53.78 23
53.79 13
53.8 0
53.81 0
53.82 16
53.83 32
53.84 28
53.85 19
53.86 0
53.87 0
53.88 13
53.89 29
53.9 47
53.91 28
53.92 15
53.93 0
53.94 10
53.95 29
53.96 45
53.97 27
53.98 18
53.99 0
54 0
54.01 13
54.02 31
54.03 27
54.04 20
54.05 0
54.06 0
54.07 16
54.08 36
54.09 26
54.1 26
54.11 0
54.12 0
54.13 7
54.14 26
54.15 40
54.16 27
54.17 6
54.18 0
54.19 0
54.2 8
54.21 22
54.22 40
54.23 29
54.24 24
54.25 0
54.26 0
54.27 13
54.28 32
54.29 35
54.3 27
54.31 9
54.32 0
54.33 10
54.34 31
54.35 26
54.36 21
54.37 0
54.38 0
54.39 4
54.4 19
54.41 39
54.42 28
54.43 28
54.44 7
54.45 0
54.46 0
54.47 16
54.48 36
54.49 27
54.5 25
54.51 10
54.52 0
54.53 14
54.54 23
54.55 39
54.56 26
54.57 11
54.58 0
54.59 0
54.6 11
54.61 31
54.62 47
54.63 27
54.64 4
54.65 0
54.66 8
54.67 25
54.68 40
54.69 27
54.7 21
54.71 0
54.72 3
54.73 20
54.74 33
54.75 36
54.76 30
54.77 0
54.78 0
54.79 3
54.8 18
54.81 36
54.82 27
54.83 19
54.84 0
54.85 0
54.86 11
54.87 27
54.88 41
54.89 28
54.9 15
54.91 0
54.92 0
54.93 18
54.94 36
54.95 27
54.96 15
54.97 4
54.98 6
54.99 25
55 43
55.01 26
55.02 20
55.03 0
55.04 6
55.05 26
55.06 44
55.07 28
55.08 4
55.09 0
55.1 7
55.11 26
55.12 46
55.13 27
55.14 19
55.15 18
55.16 21
55.17 19
55.18 13
55.19 12
55.2 27
55.21 26
55.22 18
55.23 4
55.24 0
55.25 13
55.26 28
55.27 45
55.28 28
55.29 0
55.3 0
55.31 0
55.32 17
55.33 35
55.34 28
55.35 28
55.36 9
55.37 0
55.38 13
55.39 31
55.4 29
55.41 26
55.42 3
55.43 0
55.44 1
55.45 22
55.46 41
55.47 27
55.48 16
55.49 0
55.5 0
55.51 14
55.52 36
55.53 28
55.54 22
55.55 6
55.56 0
55.57 23
55.58 39
55.59 24
55.6 11
55.61 0
55.62 0
55.63 20
55.64 37
55.65 29
55.66 22
55.67 0
55.68 0
55.69 10
55.7 29
55.71 33
55.72 27
55.73 2
55.74 0
55.75 4
55.76 19
55.77 38
55.78 28
55.79 25
55.8 0
55.81 0
55.82 3
55.83 20
55.84 38
55.85 26
55.86 23
55.87 0
55.88 0
55.89 15
55.9 31
55.91 44
55.92 29
55.93 17
55.94 0
55.95 0
55.96 8
55.97 24
55.98 39
55.99 27
56 26
56.01 0
56.02 0
56.03 9
56.04 25
56.05 38
56.06 27
56.07 18
56.08 0
56.09 7
56.1 30
56.11 44
56.12 28
56.13 5
56.14 0
56.15 0
56.16 16
56.17 34
56.18 27
56.19 27
56.2 7
56.21 0
56.22 18
56.23 35
56.24 26
56.25 21
56.26 7
56.27 8
56.28 24
56.29 43
56.3 26
56.31 12
56.32 0
56.33 7
56.34 22
56.35 40
56.36 28
56.37 10
56.38 0
56.39 13
56.4 27
56.41 45
56.42 29
56.43 5
56.44 0
56.45 0
56.46 16
56.47 33
56.48 26
56.49 20
56.5 0
56.51 0
56.52 18
56.53 38
56.54 28
56.55 19
56.56 0
56.57 0
56.58 5
56.59 21
56.6 40
56.61 27
56.62 26
56.63 0
56.64 0
56.65 12
56.66 27
56.67 41
56.68 26
56.69 10
56.7 0
56.71 0
56.72 13
56.73 34
56.74 28
56.75 22
56.76 0
56.77 0
56.78 13
56.79 34
56.8 28
56.81 23
56.82 16
56.83 10
56.84 21
56.85 22
56.86 19
56.87 14
56.88 0
56.89 13
56.9 28
56.91 45
56.92 29
56.93 2
56.94 0
56.95 2
56.96 19
56.97 36
56.98 28
56.99 25
57 9
57.01 0
57.02 4
57.03 22
57.04 34
57.05 27
57.06 9
57.07 0
57.08 0
57.09 12
57.1 32
57.11 29
57.12 27
57.13 0
57.14 0
57.15 2
57.16 21
57.17 38
57.18 27
57.19 23
57.2 4
57.21 7
57.22 22
57.23 38
57.24 28
57.25 24
57.26 5
57.27 4
57.28 21
57.29 37
57.3 28
57.31 21
57.32 3
57.33 1
57.34 15
57.35 29
57.36 42
57.37 27
57.38 13
57.39 0
57.4 10
57.41 25
57.42 40
57.43 26
57.44 4
57.45 0
57.46 0
57.47 10
57.48 25
57.49 41
57.5 28
57.51 8
57.52 0
57.53 0
57.54 11
57.55 28
57.56 41
57.57 27
57.58 19
57.59 0
57.6 0
57.61 16
57.62 33
57.63 27
57.64 26
57.65 6
57.66 0
57.67 6
57.68 23
57.69 36
57.7 28
57.71 14
57.72 0
57.73 3
57.74 23
57.75 42
57.76 30
57.77 21
57.78 3
57.79 10
57.8 21
57.81 40
57.82 24
57.83 25
57.84 0
57.85 0
57.86 0
57.87 16
57.88 33
57.89 27
57.9 29
57.91 6
57.92 0
57.93 7
57.94 24
57.95 43
57.96 27
57.97 7
57.98 0
57.99 6
58 25
58.01 41
58.02 27
58.03 16
58.04 0
58.05 5
58.06 19
58.07 33
58.08 26
58.09 13
58.1 0
58.11 0
58.12 0
58.13 0
58.14 0
58.15 0
58.16 0
58.17 0
58.18 0
58.19 0
58.2 0
58.21 0
58.22 0
58.23 0
58.24 0
58.25 0
58.26 0
58.27 0
58.28 0
58.29 0
58.3 0
58.31 0
58.32 0
58.33 0
58.34 0
58.35 0
58.36 0
58.37 0
58.38 0
58.39 0
58.4 0
58.41 0
58.42 0
58.43 0
58.44 0
58.45 0
58.46 0
58.47 0
58.48 0
58.49 0
58.5 0
58.51 0
58.52 0
58.53 0
58.54 0
58.55 0
58.56 0
58.57 0
58.58 0
58.59 0
58.6 0
58.61 0
58.62 0
58.63 0
58.64 0
58.65 0
58.66 0
58.67 0
58.68 0
58.69 0
58.7 0
58.71 0
58.72 0
58.73 0
58.74 0
58.75 0
58.76 0
58.77 0
58.78 0
58.79 0
58.8 0
58.81 0
58.82 0
58.83 0
58.84 0
58.85 0
58.86 0
58.87 0
58.88 0
58.89 0
58.9 0
58.91 0
58.92 0
58.93 0
58.94 0
58.95 0
58.96 0
58.97 0
58.98 0
58.99 0
59 0
59.01 0
59.02 0
59.03 0
59.04 0
59.05 0
59.06 0
59.07 0
59.08 0
59.09 0
59.1 0
59.11 0
59.12 0
59.13 0
59.14 0
59.15 0
59.16 0
59.17 0
59.18 0
59.19 0
59.2 0
59.21 0
59.22 0
59.23 0
59.24 0
59.25 0
59.26 0
59.27 0
59.28 0
59.29 0
59.3 0
59.31 0
59.32 0
59.33 0
59.34 0
59.35 0
59.36 0
59.37 0
59.38 0
59.39 0
59.4 0
59.41 0
59.42 0
59.43 0
59.44 0
59.45 0
59.46 0
59.47 0
59.48 0
59.49 0
59.5 0
59.51 0
59.52 0
59.53 0
59.54 0
59.55 0
59.56 0
59.57 0
59.58 0
59.59 0
59.6 0
59.61 0
59.62 0
59.63 0
59.64 0
59.65 0
59.66 0
59.67 0
59.68 0
59.69 0
59.7 0
59.71 0
59.72 0
59.73 0
59.74 0
59.75 0
59.76 0
59.77 0
59.78 0
59.79 0
59.8 0
59.81 0
59.82 0
59.83 0
59.84 0
59.85 0
59.86 0
59.87 0
59.88 0
59.89 0
59.9 0
59.91 0
59.92 0
59.93 0
59.94 0
59.95 0
59.96 0
59.97 0
59.98 0
59.99 0
60 0
60.01 0
60.02 0
60.03 0
60.04 0
60.05 0
60.06 0
60.07 0
60.08 0
60.09 0
60.1 0
60.11 0
60.12 0
60.13 0
60.14 0
60.15 0
60.16 0
60.17 0
60.18 0
60.19 0
60.2 0
60.21 0
60.22 0
60.23 0
60.24 0
60.25 0
60.26 0
60.27 0
60.28 0
60.29 0
60.3 0
60.31 0
60.32 0
60.33 0
60.34 0
60.35 0
60.36 0
60.37 0
60.38 0
60.39 0
60.4 0
60.41 0
60.42 0
60.43 0
60.44 0
60.45 0
60.46 0
60.47 0
60.48 0
60.49 0
60.5 0
60.51 0
60.52 0
60.53 0
60.54 0
60.55 0
60.56 0
60.57 0
60.58 0
60.59 0
60.6 0
60.61 0
60.62 0
60.63 0
60.64 0
60.65 0
60.66 0
60.67 0
60.68 0
60.69 0
60.7 0
60.71 0
60.72 0
60.73 0
60.74 0
60.75 0
60.76 0
60.77 0
60.78 0
60.79 0
60.8 0
60.81 0
60.82 0
60.83 0
60.84 0
60.85 0
60.86 0
60.87 0
60.88 0
60.89 0
60.9 0
60.91 0
60.92 0
60.93 0
60.94 0
60.95 0
60.96 0
60.97 0
60.98 0
60.99 0
61 0
61.01 0
61.02 0
61.03 0
61.04 0
61.05 0
61.06 0
61.07 0
61.08 0
61.09 0
61.1 0
61.11 0
61.12 0
61.13 0
61.14 0
61.15 0
61.16 0
61.17 0
61.18 0
61.19 0
61.2 0
61.21 0
61.22 0
61.23 0
61.24 0
61.25 0
61.26 0
61.27 0
61.28 0
61.29 0
61.3 0
61.31 0
61.32 0
61.33 0
61.34 0
61.35 0
61.36 0
61.37 0
61.38 0
61.39 0
61.4 0
61.41 0
61.42 0
61.43 0
61.44 0
61.45 0
61.46 0
61.47 0
61.48 0
61.49 0
61.5 0
61.51 0
61.52 0
61.53 0
61.54 0
61.55 0
61.56 0
61.57 0
61.58 0
61.59 0
61.6 0
61.61 0
61.62 0
61.63 0
61.64 0
61.65 0
61.66 0
61.67 0
61.68 0
61.69 0
61.7 0
61.71 0
61.72 0
61.73 0
61.74 0
61.75 0
61.76 0
61.77 0
61.78 0
61.79 0
61.8 0
61.81 0
61.82 0
61.83 0
61.84 0
61.85 0
61.86 0
61.87 0
61.88 0
61.89 0
61.9 0
61.91 0
61.92 0
61.93 0
61.94 0
61.95 0
61.96 0
61.97 0
61.98 0
61.99 0
62 0
62.01 0
62.02 0
62.03 0
62.04 0
62.05 0
62.06 0
62.07 0
62.08 0
62.09 0
62.1 0
62.11 0
62.12 0
62.13 0
62.14 0
62.15 0
62.16 0
62.17 0
62.18 0
62.19 0
62.2 0
62.21 0
62.22 0
62.23 0
62.24 0
62.25 0
62.26 0
62.27 0
62.28 0
62.29 0
62.3 0
62.31 0
62.32 0
62.33 0
62.34 0
62.35 0
62.36 0
62.37 0
62.38 0
62.39 0
62.4 0
62.41 0
62.42 0
62.43 0
62.44 0
62.45 0
62.46 0
62.47 0
62.48 0
62.49 0
62.5 0
62.51 0
62.52 0
62.53 0
62.54 0
62.55 0
62.56 0
62.57 0
62.58 0
62.59 0
62.6 0
62.61 0
62.62 0
62.63 0
62.64 0
62.65 0
62.66 0
62.67 0
62.68 0
62.69 0
62.7 0
62.71 0
62.72 0
62.73 0
62.74 0
62.75 0
62.76 0
62.77 0
62.78 0
62.79 0
62.8 0
62.81 0
62.82 0
62.83 0
62.84 0
62.85 0
62.86 0
62.87 0
62.88 0
62.89 0
62.9 0
62.91 0
62.92 0
62.93 0
62.94 0
62.95 0
62.96 0
62.97 0
62.98 0
62.99 0
