0 0
0.01 0
0.02 0
0.03 0
0.04 0
0.05 0
0.06 0
0.07 0
0.08 0
0.09 0
0.1 0
0.11 0
0.12 0
0.13 0
0.14 0
0.15 0
0.16 0
0.17 0
0.18 0
0.19 0
0.2 0
0.21 34
0.22 0
0.23 0
0.24 0
0.25 0
0.26 12
0.27 24
0.28 34
0.29 27
0.3 28
0.31 0
0.32 0
0.33 0
0.34 0
0.35 12
0.36 24
0.37 34
0.38 28
0.39 27
0.4 0
0.41 0
0.42 0
0.43 11
0.44 23
0.45 35
0.46 27
0.47 19
0.48 0
0.49 0
0.5 4
0.51 15
0.52 27
0.53 38
0.54 27
0.55 0
0.56 0
0.57 0
0.58 5
0.59 16
0.6 28
0.61 38
0.62 27
0.63 5
0.64 0
0.65 0
0.66 0
0.67 8
0.68 20
0.69 33
0.7 40
0.71 28
0.72 5
0.73 0
0.74 9
0.75 20
0.76 30
0.77 32
0.78 24
0.79 0
0.8 0
0.81 0
0.82 5
0.83 16
0.84 29
0.85 39
0.86 27
0.87 0
0.88 0
0.89 0
0.9 0
0.91 11
0.92 21
0.93 33
0.94 38
0.95 28
0.96 0
0.97 0
0.98 0
0.99 11
1 19
1.01 28
1.02 38
1.03 27
1.04 11
1.05 0
1.06 0
1.07 9
1.08 20
1.09 30
1.1 40
1.11 26
1.12 3
1.13 0
1.14 0
1.15 8
1.16 19
1.17 29
1.18 38
1.19 27
1.2 18
1.21 0
1.22 0
1.23 0
1.24 3
1.25 18
1.26 29
1.27 40
1.28 28
1.29 13
1.3 0
1.31 0
1.32 9
1.33 21
1.34 31
1.35 41
1.36 27
1.37 0
1.38 0
1.39 0
1.4 9
1.41 20
1.42 32
1.43 43
1.44 28
1.45 0
1.46 0
1.47 3
1.48 17
1.49 27
1.5 37
1.51 27
1.52 0
1.53 0
1.54 0
1.55 9
1.56 20
1.57 31
1.58 38
1.59 26
1.6 0
1.61 0
1.62 0
1.63 7
1.64 17
1.65 27
1.66 37
1.67 27
1.68 19
1.69 0
1.7 0
1.71 0
1.72 9
1.73 20
1.74 33
1.75 42
1.76 30
1.77 0
1.78 0
1.79 0
1.8 6
1.81 18
1.82 30
1.83 42
1.84 28
1.85 15
1.86 0
1.87 0
1.88 8
1.89 22
1.9 32
1.91 27
1.92 17
1.93 0
1.94 0
1.95 2
1.96 15
1.97 24
1.98 34
1.99 27
2 20
2.01 0
2.02 0
2.03 12
2.04 23
2.05 36
2.06 28
2.07 21
2.08 12
2.09 7
2.1 18
2.11 29
2.12 25
2.13 10
2.14 6
2.15 5
2.16 15
2.17 23
2.18 34
2.19 26
2.2 16
2.21 0
2.22 0
2.23 0
2.24 5
2.25 16
2.26 26
2.27 34
2.28 28
2.29 18
2.3 0
2.31 0
2.32 8
2.33 20
2.34 30
2.35 39
2.36 26
2.37 0
2.38 0
2.39 0
2.4 8
2.41 17
2.42 28
2.43 36
2.44 28
2.45 16
2.46 0
2.47 0
2.48 5
2.49 15
2.5 25
2.51 34
2.52 28
2.53 13
2.54 0
2.55 0
2.56 0
2.57 1
2.58 12
2.59 24
2.6 34
2.61 28
2.62 25
2.63 0
2.64 0
2.65 6
2.66 17
2.67 27
2.68 37
2.69 26
2.7 0
2.71 0
2.72 0
2.73 0
2.74 8
2.75 18
2.76 26
2.77 35
2.78 27
2.79 3
2.8 0
2.81 0
2.82 0
2.83 6
2.84 16
2.85 27
2.86 34
2.87 26
2.88 11
2.89 0
2.9 0
2.91 0
2.92 7
2.93 16
2.94 24
2.95 34
2.96 27
2.97 14
2.98 0
2.99 0
3 9
3.01 19
3.02 28
3.03 36
3.04 27
3.05 17
3.06 0
3.07 0
3.08 0
3.09 6
3.1 15
3.11 25
3.12 34
3.13 27
3.14 12
3.15 0
3.16 0
3.17 5
3.18 16
3.19 28
3.2 36
3.21 27
3.22 9
3.23 0
3.24 0
3.25 0
3.26 2
3.27 13
3.28 26
3.29 36
3.3 28
3.31 23
3.32 0
3.33 0
3.34 0
3.35 6
3.36 18
3.37 27
3.38 35
3.39 27
3.4 19
3.41 0
3.42 4
3.43 15
3.44 26
3.45 37
3.46 26
3.47 2
3.48 0
3.49 0
3.5 0
3.51 11
3.52 22
3.53 35
3.54 27
3.55 25
3.56 0
3.57 0
3.58 0
3.59 5
3.6 18
3.61 32
3.62 43
3.63 29
3.64 0
3.65 0
3.66 0
3.67 14
3.68 25
3.69 35
3.7 27
3.71 20
3.72 0
3.73 0
3.74 0
3.75 10
3.76 22
3.77 32
3.78 41
3.79 29
3.8 2
3.81 0
3.82 0
3.83 8
3.84 17
3.85 26
3.86 37
3.87 27
3.88 7
3.89 0
3.9 0
3.91 0
3.92 2
3.93 15
3.94 27
3.95 35
3.96 27
3.97 16
3.98 0
3.99 0
4 0
4.01 0
4.02 10
4.03 17
4.04 26
4.05 34
4.06 27
4.07 16
4.08 0
4.09 0
4.1 0
4.11 0
4.12 9
4.13 19
4.14 28
4.15 36
4.16 27
4.17 23
4.18 0
4.19 0
4.2 11
4.21 20
4.22 29
4.23 37
4.24 26
4.25 0
4.26 0
4.27 0
4.28 0
4.29 2
4.3 13
4.31 22
4.32 30
4.33 38
4.34 27
4.35 11
4.36 0
4.37 0
4.38 5
4.39 15
4.4 24
4.41 32
4.42 27
4.43 16
4.44 0
4.45 0
4.46 0
4.47 0
4.48 0
4.49 10
4.5 19
4.51 28
4.52 36
4.53 28
4.54 19
4.55 0
4.56 0
4.57 3
4.58 13
4.59 22
4.6 31
4.61 36
4.62 27
4.63 4
4.64 0
4.65 8
4.66 17
4.67 27
4.68 37
4.69 28
4.7 15
4.71 0
4.72 7
4.73 19
4.74 29
4.75 39
4.76 26
4.77 4
4.78 0
4.79 0
4.8 9
4.81 20
4.82 28
4.83 39
4.84 28
4.85 17
4.86 0
4.87 0
4.88 0
4.89 9
4.9 20
4.91 30
4.92 39
4.93 28
4.94 10
4.95 0
4.96 0
4.97 0
4.98 8
4.99 19
5 30
5.01 40
5.02 28
5.03 0
5.04 0
5.05 6
5.06 16
5.07 28
5.08 35
5.09 26
5.1 16
5.11 0
5.12 7
5.13 19
5.14 31
5.15 34
5.16 27
5.17 0
5.18 0
5.19 5
5.2 16
5.21 24
5.22 35
5.23 29
5.24 21
5.25 0
5.26 0
5.27 0
5.28 9
5.29 18
5.3 27
5.31 36
5.32 27
5.33 6
5.34 0
5.35 0
5.36 0
5.37 5
5.38 16
5.39 24
5.4 33
5.41 27
5.42 20
5.43 0
5.44 0
5.45 0
5.46 4
5.47 14
5.48 23
5.49 29
5.5 38
5.51 27
5.52 1
5.53 0
5.54 0
5.55 3
5.56 15
5.57 23
5.58 34
5.59 28
5.6 17
5.61 0
5.62 0
5.63 0
5.64 10
5.65 21
5.66 30
5.67 40
5.68 28
5.69 1
5.7 0
5.71 0
5.72 0
5.73 6
5.74 15
5.75 26
5.76 33
5.77 27
5.78 21
5.79 0
5.8 0
5.81 0
5.82 2
5.83 13
5.84 24
5.85 33
5.86 27
5.87 17
5.88 0
5.89 0
5.9 0
5.91 1
5.92 13
5.93 22
5.94 34
5.95 27
5.96 25
5.97 0
5.98 0
5.99 0
6 3
6.01 15
6.02 28
6.03 39
6.04 28
6.05 7
6.06 0
6.07 0
6.08 4
6.09 16
6.1 27
6.11 38
6.12 28
6.13 12
6.14 0
6.15 0
6.16 3
6.17 17
6.18 30
6.19 40
6.2 26
6.21 8
6.22 0
6.23 4
6.24 15
6.25 28
6.26 40
6.27 28
6.28 6
6.29 0
6.3 0
6.31 9
6.32 23
6.33 36
6.34 28
6.35 15
6.36 0
6.37 0
6.38 0
6.39 11
6.4 22
6.41 34
6.42 27
6.43 28
6.44 0
6.45 0
6.46 0
6.47 2
6.48 17
6.49 26
6.5 38
6.51 27
6.52 17
6.53 0
6.54 0
6.55 12
6.56 22
6.57 34
6.58 28
6.59 20
6.6 0
6.61 0
6.62 3
6.63 15
6.64 27
6.65 40
6.66 29
6.67 8
6.68 0
6.69 0
6.7 5
6.71 16
6.72 27
6.73 38
6.74 28
6.75 22
6.76 0
6.77 0
6.78 0
6.79 3
6.8 16
6.81 29
6.82 40
6.83 30
6.84 5
6.85 0
6.86 0
6.87 10
6.88 22
6.89 32
6.9 27
6.91 25
6.92 6
6.93 0
6.94 0
6.95 6
6.96 17
6.97 28
6.98 38
6.99 28
7 14
7.01 0
7.02 0
7.03 4
7.04 15
7.05 25
7.06 36
7.07 28
7.08 12
7.09 0
7.1 0
7.11 0
7.12 8
7.13 20
7.14 32
7.15 40
7.16 27
7.17 4
7.18 0
7.19 0
7.2 9
7.21 21
7.22 32
7.23 27
7.24 22
7.25 0
7.26 0
7.27 0
7.28 0
7.29 13
7.3 26
7.31 38
7.32 28
7.33 21
7.34 0
7.35 0
7.36 1
7.37 14
7.38 25
7.39 35
7.4 28
7.41 21
7.42 4
7.43 5
7.44 19
7.45 29
7.46 41
7.47 26
7.48 0
7.49 0
7.5 3
7.51 15
7.52 27
7.53 37
7.54 30
7.55 22
7.56 0
7.57 0
7.58 0
7.59 14
7.6 25
7.61 35
7.62 28
7.63 17
7.64 1
7.65 0
7.66 6
7.67 18
7.68 29
7.69 41
7.7 28
7.71 12
7.72 1
7.73 11
7.74 22
7.75 31
7.76 24
7.77 7
7.78 0
7.79 0
7.8 10
7.81 22
7.82 33
7.83 27
7.84 20
7.85 12
7.86 0
7.87 0
7.88 8
7.89 21
7.9 31
7.91 28
7.92 23
7.93 0
7.94 0
7.95 1
7.96 14
7.97 25
7.98 37
7.99 28
8 4
8.01 0
8.02 0
8.03 0
8.04 10
8.05 21
8.06 32
8.07 27
8.08 23
8.09 2
8.1 0
8.11 0
8.12 7
8.13 22
8.14 31
8.15 41
8.16 26
8.17 2
8.18 0
8.19 0
8.2 1
8.21 13
8.22 23
8.23 35
8.24 28
8.25 25
8.26 0
8.27 0
8.28 0
8.29 2
8.3 12
8.31 21
8.32 29
8.33 39
8.34 27
8.35 0
8.36 0
8.37 0
8.38 6
8.39 18
8.4 29
8.41 39
8.42 27
8.43 5
8.44 0
8.45 0
8.46 5
8.47 17
8.48 26
8.49 36
8.5 28
8.51 8
8.52 0
8.53 0
8.54 0
8.55 0
8.56 8
8.57 20
8.58 28
8.59 38
8.6 29
8.61 16
8.62 0
8.63 0
8.64 0
8.65 5
8.66 16
8.67 26
8.68 35
8.69 29
8.7 11
8.71 0
8.72 0
8.73 0
8.74 2
8.75 13
8.76 26
8.77 36
8.78 28
8.79 28
8.8 5
8.81 0
8.82 0
8.83 0
8.84 8
8.85 16
8.86 25
8.87 36
8.88 29
8.89 3
8.9 0
8.91 0
8.92 6
8.93 14
8.94 23
8.95 30
8.96 26
8.97 15
8.98 0
8.99 0
9 0
9.01 6
9.02 13
9.03 23
9.04 33
9.05 28
9.06 20
9.07 0
9.08 0
9.09 0
9.1 0
9.11 10
9.12 18
9.13 27
9.14 37
9.15 29
9.16 9
9.17 0
9.18 0
9.19 7
9.2 20
9.21 31
9.22 39
9.23 27
9.24 0
9.25 0
9.26 0
9.27 0
9.28 10
9.29 21
9.3 31
9.31 40
9.32 27
9.33 0
9.34 0
9.35 7
9.36 19
9.37 27
9.38 35
9.39 28
9.4 7
9.41 0
9.42 0
9.43 10
9.44 20
9.45 31
9.46 38
9.47 26
9.48 6
9.49 0
9.5 0
9.51 6
9.52 17
9.53 27
9.54 37
9.55 28
9.56 0
9.57 0
9.58 0
9.59 0
9.6 8
9.61 18
9.62 28
9.63 37
9.64 28
9.65 0
9.66 0
9.67 0
9.68 0
9.69 0
9.7 5
9.71 17
9.72 27
9.73 35
9.74 28
9.75 20
9.76 0
9.77 0
9.78 0
9.79 0
9.8 13
9.81 26
9.82 36
9.83 29
9.84 25
9.85 2
9.86 0
9.87 0
9.88 0
9.89 11
9.9 23
9.91 34
9.92 28
9.93 17
9.94 0
9.95 0
9.96 0
9.97 5
9.98 17
9.99 27
10 38
10.01 29
10.02 18
10.03 0
10.04 0
10.05 5
10.06 12
10.07 23
10.08 31
10.09 27
10.1 21
10.11 9
10.12 0
10.13 5
10.14 14
10.15 25
10.16 33
10.17 27
10.18 21
10.19 0
10.2 0
10.21 0
10.22 6
10.23 16
10.24 25
10.25 33
10.26 28
10.27 22
10.28 0
10.29 0
10.3 0
10.31 7
10.32 18
10.33 28
10.34 38
10.35 29
10.36 9
10.37 0
10.38 6
10.39 19
10.4 28
10.41 38
10.42 28
10.43 8
10.44 0
10.45 0
10.46 10
10.47 22
10.48 34
10.49 28
10.5 28
10.51 0
10.52 0
10.53 8
10.54 18
10.55 28
10.56 38
10.57 26
10.58 12
10.59 3
10.6 16
10.61 25
10.62 35
10.63 25
10.64 0
10.65 0
10.66 0
10.67 7
10.68 18
10.69 32
10.7 41
10.71 29
10.72 7
10.73 0
10.74 0
10.75 2
10.76 14
10.77 27
10.78 40
10.79 28
10.8 1
10.81 0
10.82 0
10.83 6
10.84 16
10.85 29
10.86 39
10.87 28
10.88 6
10.89 0
10.9 0
10.91 2
10.92 16
10.93 28
10.94 34
10.95 27
10.96 21
10.97 0
10.98 0
10.99 0
11 14
11.01 27
11.02 38
11.03 28
11.04 16
11.05 0
11.06 0
11.07 4
11.08 16
11.09 27
11.1 38
11.11 27
11.12 15
11.13 0
11.14 0
11.15 0
11.16 16
11.17 28
11.18 40
11.19 27
11.2 0
11.21 0
11.22 0
11.23 12
11.24 25
11.25 36
11.26 28
11.27 23
11.28 0
11.29 0
11.3 7
11.31 19
11.32 31
11.33 36
11.34 26
11.35 4
11.36 0
11.37 2
11.38 15
11.39 27
11.4 36
11.41 27
11.42 6
11.43 0
11.44 1
11.45 14
11.46 27
11.47 39
11.48 27
11.49 6
11.5 0
11.51 0
11.52 0
11.53 7
11.54 18
11.55 28
11.56 37
11.57 28
11.58 19
11.59 0
11.6 1
11.61 13
11.62 24
11.63 35
11.64 26
11.65 26
11.66 0
11.67 0
11.68 0
11.69 0
11.7 6
11.71 19
11.72 28
11.73 39
11.74 27
11.75 14
11.76 0
11.77 1
11.78 12
11.79 22
11.8 34
11.81 27
11.82 8
11.83 0
11.84 0
11.85 0
11.86 5
11.87 18
11.88 29
11.89 37
11.9 28
11.91 0
11.92 0
11.93 0
11.94 0
11.95 0
11.96 9
11.97 19
11.98 29
11.99 38
12 29
12.01 4
12.02 0
12.03 0
12.04 0
12.05 3
12.06 15
12.07 24
12.08 32
12.09 27
12.1 28
12.11 4
12.12 0
12.13 0
12.14 11
12.15 21
12.16 31
12.17 39
12.18 27
12.19 0
12.2 0
12.21 0
12.22 0
12.23 8
12.24 19
12.25 28
12.26 38
12.27 29
12.28 14
12.29 0
12.3 1
12.31 12
12.32 20
12.33 29
12.34 36
12.35 26
12.36 9
12.37 0
12.38 0
12.39 0
12.4 3
12.41 14
12.42 24
12.43 34
12.44 27
12.45 22
12.46 0
12.47 0
12.48 0
12.49 10
12.5 20
12.51 31
12.52 40
12.53 28
12.54 0
12.55 0
12.56 8
12.57 17
12.58 26
12.59 36
12.6 27
12.61 23
12.62 0
12.63 0
12.64 0
12.65 0
12.66 5
12.67 16
12.68 26
12.69 34
12.7 28
12.71 21
12.72 0
12.73 0
12.74 0
12.75 4
12.76 15
12.77 25
12.78 35
12.79 28
12.8 10
12.81 0
12.82 0
12.83 0
12.84 0
12.85 11
12.86 20
12.87 29
12.88 38
12.89 27
12.9 0
12.91 0
12.92 0
12.93 0
12.94 7
12.95 18
12.96 28
12.97 38
12.98 27
12.99 6
13 0
13.01 0
13.02 0
13.03 4
13.04 16
13.05 26
13.06 37
13.07 28
13.08 11
13.09 0
13.1 0
13.11 0
13.12 10
13.13 19
13.14 29
13.15 38
13.16 28
13.17 14
13.18 0
13.19 0
13.2 5
13.21 16
13.22 25
13.23 34
13.24 27
13.25 15
13.26 0
13.27 0
13.28 0
13.29 11
13.3 21
13.31 33
13.32 28
13.33 21
13.34 0
13.35 0
13.36 0
13.37 3
13.38 15
13.39 25
13.4 34
13.41 27
13.42 19
13.43 0
13.44 0
13.45 0
13.46 0
13.47 9
13.48 20
13.49 30
13.5 41
13.51 29
13.52 2
13.53 0
13.54 0
13.55 6
13.56 16
13.57 26
13.58 37
13.59 27
13.6 4
13.61 0
13.62 0
13.63 0
13.64 9
13.65 20
13.66 29
13.67 36
13.68 28
13.69 1
13.7 0
13.71 0
13.72 0
13.73 4
13.74 15
13.75 24
13.76 31
13.77 34
13.78 27
13.79 0
13.8 0
13.81 0
13.82 6
13.83 16
13.84 24
13.85 33
13.86 28
13.87 27
13.88 0
13.89 0
13.9 0
13.91 0
13.92 7
13.93 17
13.94 27
13.95 36
13.96 27
13.97 12
13.98 0
13.99 0
14 0
14.01 0
14.02 10
14.03 20
14.04 30
14.05 40
14.06 29
14.07 0
14.08 0
14.09 0
14.1 5
14.11 15
14.12 24
14.13 34
14.14 28
14.15 25
14.16 8
14.17 0
14.18 0
14.19 9
14.2 19
14.21 30
14.22 40
14.23 27
14.24 0
14.25 0
14.26 0
14.27 2
14.28 12
14.29 23
14.3 34
14.31 28
14.32 26
14.33 0
14.34 0
14.35 0
14.36 7
14.37 18
14.38 29
14.39 40
14.4 28
14.41 10
14.42 0
14.43 5
14.44 14
14.45 22
14.46 32
14.47 26
14.48 10
14.49 0
14.5 0
14.51 0
14.52 4
14.53 16
14.54 24
14.55 34
14.56 27
14.57 21
14.58 0
14.59 0
14.6 0
14.61 8
14.62 20
14.63 30
14.64 40
14.65 26
14.66 3
14.67 0
14.68 0
14.69 11
14.7 21
14.71 32
14.72 40
14.73 28
14.74 2
14.75 0
14.76 0
14.77 6
14.78 18
14.79 31
14.8 41
14.81 28
14.82 6
14.83 0
14.84 0
14.85 6
14.86 18
14.87 29
14.88 38
14.89 27
14.9 15
14.91 0
14.92 3
14.93 12
14.94 23
14.95 33
14.96 27
14.97 12
14.98 0
14.99 8
15 21
15.01 31
15.02 40
15.03 27
15.04 0
15.05 0
15.06 0
15.07 9
15.08 15
15.09 24
15.1 34
15.11 28
15.12 26
15.13 0
15.14 0
15.15 0
15.16 0
15.17 0
15.18 7
15.19 18
15.2 27
15.21 35
15.22 27
15.23 8
15.24 0
15.25 0
15.26 0
15.27 2
15.28 11
15.29 20
15.3 30
15.31 37
15.32 26
15.33 20
15.34 0
15.35 0
15.36 3
15.37 12
15.38 20
15.39 27
15.4 34
15.41 27
15.42 11
15.43 0
15.44 6
15.45 14
15.46 23
15.47 30
15.48 37
15.49 26
15.5 0
15.51 0
15.52 0
15.53 12
15.54 21
15.55 28
15.56 36
15.57 26
15.58 13
15.59 0
15.6 0
15.61 1
15.62 11
15.63 19
15.64 29
15.65 37
15.66 27
15.67 17
15.68 0
15.69 0
15.7 0
15.71 0
15.72 9
15.73 16
15.74 27
15.75 35
15.76 29
15.77 14
15.78 1
15.79 0
15.8 2
15.81 9
15.82 21
15.83 31
15.84 39
15.85 27
15.86 0
15.87 0
15.88 0
15.89 0
15.9 4
15.91 14
15.92 22
15.93 33
15.94 39
15.95 29
15.96 3
15.97 0
15.98 1
15.99 12
16 19
16.01 25
16.02 34
16.03 27
16.04 5
16.05 0
16.06 4
16.07 13
16.08 21
16.09 31
16.1 27
16.11 21
16.12 0
16.13 0
16.14 0
16.15 10
16.16 21
16.17 30
16.18 41
16.19 29
16.2 5
16.21 0
16.22 0
16.23 0
16.24 12
16.25 23
16.26 33
16.27 34
16.28 29
16.29 0
16.3 0
16.31 0
16.32 3
16.33 14
16.34 22
16.35 32
16.36 27
16.37 22
16.38 0
16.39 0
16.4 0
16.41 3
16.42 15
16.43 26
16.44 35
16.45 28
16.46 28
16.47 0
16.48 0
16.49 0
16.5 1
16.51 10
16.52 21
16.53 29
16.54 37
16.55 28
16.56 0
16.57 0
16.58 0
16.59 0
16.6 6
16.61 16
16.62 26
16.63 33
16.64 28
16.65 13
16.66 0
16.67 0
16.68 0
16.69 0
16.7 6
16.71 14
16.72 23
16.73 30
16.74 39
16.75 29
16.76 6
16.77 0
16.78 0
16.79 0
16.8 7
16.81 17
16.82 26
16.83 35
16.84 28
16.85 22
16.86 0
16.87 0
16.88 7
16.89 18
16.9 27
16.91 37
16.92 28
16.93 0
16.94 0
16.95 0
16.96 0
16.97 8
16.98 16
16.99 28
17 38
17.01 29
17.02 7
17.03 0
17.04 0
17.05 1
17.06 11
17.07 21
17.08 30
17.09 39
17.1 27
17.11 0
17.12 0
17.13 0
17.14 10
17.15 18
17.16 25
17.17 34
17.18 27
17.19 4
17.2 0
17.21 0
17.22 0
17.23 11
17.24 22
17.25 30
17.26 39
17.27 26
17.28 0
17.29 0
17.3 0
17.31 9
17.32 23
17.33 32
17.34 33
17.35 24
17.36 0
17.37 0
17.38 0
17.39 4
17.4 16
17.41 29
17.42 38
17.43 28
17.44 11
17.45 0
17.46 1
17.47 16
17.48 27
17.49 40
17.5 30
17.51 7
17.52 0
17.53 0
17.54 10
17.55 22
17.56 35
17.57 28
17.58 25
17.59 0
17.6 0
17.61 0
17.62 5
17.63 18
17.64 29
17.65 41
17.66 28
17.67 0
17.68 0
17.69 3
17.7 18
17.71 31
17.72 43
17.73 27
17.74 4
17.75 0
17.76 0
17.77 5
17.78 17
17.79 30
17.8 41
17.81 28
17.82 6
17.83 0
17.84 4
17.85 15
17.86 26
17.87 37
17.88 27
17.89 0
17.9 0
17.91 0
17.92 8
17.93 15
17.94 27
17.95 37
17.96 28
17.97 1
17.98 0
17.99 0
18 8
18.01 21
18.02 33
18.03 37
18.04 27
18.05 0
18.06 0
18.07 6
18.08 18
18.09 27
18.1 38
18.11 28
18.12 0
18.13 0
18.14 0
18.15 0
18.16 10
18.17 22
18.18 34
18.19 28
18.2 22
18.21 0
18.22 0
18.23 0
18.24 1
18.25 15
18.26 27
18.27 36
18.28 28
18.29 12
18.3 0
18.31 0
18.32 2
18.33 13
18.34 22
18.35 35
18.36 28
18.37 22
18.38 0
18.39 0
18.4 8
18.41 19
18.42 29
18.43 39
18.44 26
18.45 4
18.46 0
18.47 0
18.48 11
18.49 24
18.5 33
18.51 28
18.52 17
18.53 0
18.54 0
18.55 0
18.56 8
18.57 19
18.58 32
18.59 38
18.6 28
18.61 10
18.62 0
18.63 0
18.64 0
18.65 8
18.66 20
18.67 31
18.68 41
18.69 29
18.7 0
18.71 0
18.72 0
18.73 0
18.74 7
18.75 20
18.76 31
18.77 41
18.78 29
18.79 13
18.8 0
18.81 0
18.82 0
18.83 12
18.84 24
18.85 35
18.86 27
18.87 8
18.88 0
18.89 0
18.9 7
18.91 18
18.92 27
18.93 37
18.94 27
18.95 3
18.96 0
18.97 0
18.98 5
18.99 16
19 27
19.01 38
19.02 28
19.03 12
19.04 0
19.05 0
19.06 3
19.07 16
19.08 27
19.09 36
19.1 26
19.11 24
19.12 0
19.13 0
19.14 10
19.15 21
19.16 31
19.17 41
19.18 29
19.19 0
19.2 0
19.21 1
19.22 12
19.23 25
19.24 37
19.25 28
19.26 21
19.27 0
19.28 0
19.29 3
19.3 14
19.31 26
19.32 37
19.33 27
19.34 19
19.35 0
19.36 0
19.37 7
19.38 18
19.39 28
19.4 37
19.41 25
19.42 8
19.43 0
19.44 0
19.45 1
19.46 14
19.47 23
19.48 34
19.49 27
19.5 21
19.51 0
19.52 0
19.53 4
19.54 15
19.55 26
19.56 34
19.57 26
19.58 0
19.59 0
19.6 0
19.61 0
19.62 6
19.63 16
19.64 25
19.65 34
19.66 27
19.67 19
19.68 0
19.69 0
19.7 3
19.71 17
19.72 27
19.73 37
19.74 28
19.75 0
19.76 0
19.77 0
19.78 12
19.79 24
19.8 32
19.81 29
19.82 26
19.83 0
19.84 0
19.85 5
19.86 15
19.87 27
19.88 36
19.89 27
19.9 0
19.91 0
19.92 0
19.93 2
19.94 12
19.95 22
19.96 32
19.97 27
19.98 20
19.99 0
20 0
20.01 3
20.02 15
20.03 27
20.04 38
20.05 28
20.06 8
20.07 0
20.08 0
20.09 8
20.1 18
20.11 28
20.12 38
20.13 28
20.14 0
20.15 0
20.16 0
20.17 0
20.18 8
20.19 19
20.2 28
20.21 39
20.22 30
20.23 9
20.24 0
20.25 0
20.26 6
20.27 17
20.28 29
20.29 38
20.3 27
20.31 7
20.32 0
20.33 0
20.34 4
20.35 17
20.36 28
20.37 34
20.38 26
20.39 19
20.4 0
20.41 0
20.42 0
20.43 0
20.44 6
20.45 17
20.46 25
20.47 36
20.48 28
20.49 12
20.5 0
20.51 0
20.52 0
20.53 0
20.54 10
20.55 20
20.56 28
20.57 38
20.58 27
20.59 0
20.6 0
20.61 0
20.62 0
20.63 4
20.64 14
20.65 24
20.66 32
20.67 27
20.68 25
20.69 17
20.7 0
20.71 0
20.72 10
20.73 19
20.74 29
20.75 37
20.76 25
20.77 0
20.78 0
20.79 0
20.8 4
20.81 14
20.82 20
20.83 27
20.84 38
20.85 27
20.86 1
20.87 0
20.88 0
20.89 0
20.9 0
20.91 8
20.92 19
20.93 28
20.94 37
20.95 27
20.96 14
20.97 0
20.98 0
20.99 0
21 9
21.01 17
21.02 28
21.03 36
21.04 27
21.05 6
21.06 0
21.07 0
21.08 1
21.09 14
21.1 24
21.11 33
21.12 27
21.13 25
21.14 17
21.15 0
21.16 0
21.17 0
21.18 10
21.19 18
21.2 29
21.21 37
21.22 28
21.23 0
21.24 0
21.25 0
21.26 0
21.27 1
21.28 11
21.29 21
21.3 32
21.31 42
21.32 29
21.33 0
21.34 0
21.35 0
21.36 2
21.37 14
21.38 26
21.39 38
21.4 29
21.41 7
21.42 0
21.43 0
21.44 0
21.45 0
21.46 10
21.47 20
21.48 31
21.49 41
21.5 28
21.51 21
21.52 0
21.53 0
21.54 0
21.55 11
21.56 23
21.57 31
21.58 27
21.59 21
21.6 0
21.61 0
21.62 0
21.63 5
21.64 16
21.65 27
21.66 36
21.67 27
21.68 16
21.69 0
21.7 0
21.71 0
21.72 1
21.73 11
21.74 19
21.75 28
21.76 36
21.77 27
21.78 4
21.79 0
21.8 0
21.81 0
21.82 0
21.83 9
21.84 18
21.85 26
21.86 36
21.87 27
21.88 9
21.89 0
21.9 0
21.91 6
21.92 16
21.93 25
21.94 34
21.95 26
21.96 18
21.97 0
21.98 0
21.99 0
22 5
22.01 15
22.02 26
22.03 35
22.04 27
22.05 25
22.06 0
22.07 0
22.08 0
22.09 10
22.1 19
22.11 28
22.12 36
22.13 28
22.14 10
22.15 0
22.16 0
22.17 0
22.18 11
22.19 20
22.2 29
22.21 38
22.22 28
22.23 13
22.24 0
22.25 0
22.26 0
22.27 9
22.28 17
22.29 26
22.3 33
22.31 27
22.32 19
22.33 0
22.34 0
22.35 8
22.36 18
22.37 27
22.38 35
22.39 28
22.4 0
22.41 0
22.42 0
22.43 0
22.44 11
22.45 22
22.46 33
22.47 27
22.48 22
22.49 6
22.5 0
22.51 2
22.52 13
22.53 21
22.54 31
22.55 27
22.56 22
22.57 0
22.58 0
22.59 0
22.6 9
22.61 20
22.62 29
22.63 37
22.64 26
22.65 0
22.66 0
22.67 0
22.68 0
22.69 7
22.7 18
22.71 28
22.72 35
22.73 27
22.74 15
22.75 0
22.76 0
22.77 0
22.78 0
22.79 5
22.8 15
22.81 25
22.82 33
22.83 27
22.84 15
22.85 0
22.86 0
22.87 0
22.88 5
22.89 17
22.9 25
22.91 34
22.92 27
22.93 18
22.94 0
22.95 0
22.96 5
22.97 14
22.98 22
22.99 32
23 27
23.01 24
23.02 0
23.03 0
23.04 0
23.05 6
23.06 17
23.07 28
23.08 37
23.09 27
23.1 23
23.11 0
23.12 0
23.13 0
23.14 4
23.15 16
23.16 27
23.17 35
23.18 27
23.19 28
23.2 0
23.21 0
23.22 0
23.23 5
23.24 17
23.25 28
23.26 39
23.27 28
23.28 0
23.29 0
23.3 0
23.31 4
23.32 17
23.33 29
23.34 39
23.35 27
23.36 4
23.37 0
23.38 0
23.39 3
23.4 13
23.41 23
23.42 32
23.43 27
23.44 28
23.45 0
23.46 0
23.47 5
23.48 13
23.49 22
23.5 29
23.51 38
23.52 27
23.53 10
23.54 0
23.55 0
23.56 6
23.57 13
23.58 23
23.59 31
23.6 26
23.61 25
23.62 0
23.63 0
23.64 0
23.65 3
23.66 14
23.67 24
23.68 35
23.69 28
23.7 26
23.71 0
23.72 0
23.73 0
23.74 0
23.75 6
23.76 16
23.77 22
23.78 17
23.79 25
23.8 35
23.81 27
23.82 9
23.83 0
23.84 0
23.85 3
23.86 12
23.87 21
23.88 30
23.89 38
23.9 27
23.91 15
23.92 0
23.93 0
23.94 0
23.95 4
23.96 13
23.97 20
23.98 27
23.99 35
24 27
24.01 11
24.02 0
24.03 0
24.04 1
24.05 11
24.06 19
24.07 27
24.08 36
24.09 27
24.1 18
24.11 0
24.12 0
24.13 0
24.14 2
24.15 13
24.16 21
24.17 28
24.18 37
24.19 28
24.2 20
24.21 0
24.22 0
24.23 0
24.24 0
24.25 5
24.26 12
24.27 22
24.28 32
24.29 40
24.3 28
24.31 11
24.32 0
24.33 0
24.34 0
24.35 0
24.36 6
24.37 17
24.38 29
24.39 36
24.4 27
24.41 4
24.42 0
24.43 0
24.44 0
24.45 4
24.46 17
24.47 29
24.48 40
24.49 28
24.5 4
24.51 0
24.52 0
24.53 5
24.54 16
24.55 27
24.56 37
24.57 27
24.58 1
24.59 0
24.6 0
24.61 11
24.62 23
24.63 35
24.64 29
24.65 22
24.66 0
24.67 0
24.68 2
24.69 13
24.7 25
24.71 35
24.72 28
24.73 1
24.74 0
24.75 0
24.76 4
24.77 17
24.78 29
24.79 40
24.8 27
24.81 18
24.82 0
24.83 0
24.84 3
24.85 16
24.86 26
24.87 37
24.88 26
24.89 7
24.9 0
24.91 0
24.92 0
24.93 11
24.94 21
24.95 32
24.96 27
24.97 18
24.98 0
24.99 0
25 3
25.01 17
25.02 28
25.03 37
25.04 27
25.05 27
25.06 0
25.07 1
25.08 10
25.09 21
25.1 31
25.11 26
25.12 20
25.13 0
25.14 0
25.15 4
25.16 14
25.17 25
25.18 35
25.19 26
25.2 12
25.21 0
25.22 0
25.23 0
25.24 3
25.25 14
25.26 24
25.27 31
25.28 38
25.29 27
25.3 11
25.31 0
25.32 0
25.33 6
25.34 16
25.35 24
25.36 32
25.37 25
25.38 21
25.39 1
25.4 0
25.41 0
25.42 9
25.43 19
25.44 28
25.45 38
25.46 29
25.47 13
25.48 0
25.49 0
25.5 0
25.51 10
25.52 20
25.53 30
25.54 39
25.55 27
25.56 0
25.57 0
25.58 0
25.59 5
25.6 16
25.61 25
25.62 34
25.63 27
25.64 28
25.65 0
25.66 0
25.67 0
25.68 0
25.69 8
25.7 20
25.71 29
25.72 39
25.73 27
25.74 3
25.75 0
25.76 0
25.77 0
25.78 10
25.79 19
25.8 31
25.81 41
25.82 28
25.83 0
25.84 0
25.85 0
25.86 4
25.87 14
25.88 24
25.89 33
25.9 28
25.91 15
25.92 0
25.93 0
25.94 0
25.95 4
25.96 17
25.97 28
25.98 40
25.99 28
26 0
26.01 0
26.02 0
26.03 1
26.04 13
26.05 22
26.06 34
26.07 27
26.08 25
26.09 0
26.1 0
26.11 0
26.12 6
26.13 16
26.14 26
26.15 35
26.16 26
26.17 15
26.18 0
26.19 0
26.2 7
26.21 21
26.22 30
26.23 39
26.24 27
26.25 11
26.26 0
26.27 0
26.28 8
26.29 21
26.3 31
26.31 41
26.32 28
26.33 0
26.34 0
26.35 13
26.36 24
26.37 35
26.38 27
26.39 21
26.4 0
26.41 0
26.42 2
26.43 14
26.44 24
26.45 35
26.46 26
26.47 10
26.48 0
26.49 0
26.5 8
26.51 22
26.52 32
26.53 32
26.54 23
26.55 1
26.56 0
26.57 0
26.58 10
26.59 21
26.6 34
26.61 28
26.62 23
26.63 2
26.64 5
26.65 15
26.66 27
26.67 25
26.68 21
26.69 0
26.7 0
26.71 10
26.72 23
26.73 34
26.74 25
26.75 7
26.76 0
26.77 0
26.78 3
26.79 13
26.8 24
26.81 32
26.82 27
26.83 17
26.84 8
26.85 0
26.86 0
26.87 6
26.88 20
26.89 31
26.9 43
26.91 28
26.92 1
26.93 0
26.94 0
26.95 0
26.96 13
26.97 24
26.98 35
26.99 28
27 22
27.01 0
27.02 0
27.03 0
27.04 9
27.05 20
27.06 31
27.07 41
27.08 27
27.09 6
27.1 0
27.11 0
27.12 0
27.13 9
27.14 19
27.15 29
27.16 36
27.17 27
27.18 7
27.19 0
27.2 0
27.21 0
27.22 7
27.23 15
27.24 23
27.25 30
27.26 37
27.27 28
27.28 0
27.29 0
27.3 0
27.31 1
27.32 7
27.33 15
27.34 24
27.35 31
27.36 33
27.37 26
27.38 0
27.39 0
27.4 0
27.41 0
27.42 5
27.43 13
27.44 22
27.45 29
27.46 35
27.47 28
27.48 0
27.49 0
27.5 0
27.51 0
27.52 2
27.53 11
27.54 19
27.55 27
27.56 34
27.57 27
27.58 2
27.59 0
27.6 0
27.61 0
27.62 0
27.63 0
27.64 4
27.65 12
27.66 19
27.67 28
27.68 35
27.69 28
27.7 3
27.71 0
27.72 0
27.73 0
27.74 0
27.75 4
27.76 13
27.77 21
27.78 29
27.79 36
27.8 27
27.81 0
27.82 0
27.83 0
27.84 4
27.85 13
27.86 21
27.87 28
27.88 35
27.89 27
27.9 0
27.91 0
27.92 0
27.93 0
27.94 0
27.95 7
27.96 14
27.97 22
27.98 29
27.99 37
28 27
28.01 15
28.02 0
28.03 0
28.04 6
28.05 15
28.06 23
28.07 30
28.08 26
28.09 17
28.1 0
28.11 0
28.12 0
28.13 8
28.14 19
28.15 27
28.16 35
28.17 28
28.18 16
28.19 0
28.2 1
28.21 11
28.22 23
28.23 33
28.24 26
28.25 17
28.26 0
28.27 0
28.28 0
28.29 1
28.3 12
28.31 23
28.32 34
28.33 27
28.34 19
28.35 0
28.36 0
28.37 5
28.38 13
28.39 22
28.4 32
28.41 26
28.42 18
28.43 5
28.44 0
28.45 2
28.46 9
28.47 19
28.48 28
28.49 36
28.5 27
28.51 0
28.52 0
28.53 0
28.54 0
28.55 6
28.56 16
28.57 25
28.58 32
28.59 26
28.6 16
28.61 0
28.62 0
28.63 0
28.64 0
28.65 3
28.66 14
28.67 24
28.68 31
28.69 32
28.7 27
28.71 3
28.72 4
28.73 14
28.74 23
28.75 31
28.76 26
28.77 27
28.78 0
28.79 0
28.8 0
28.81 0
28.82 8
28.83 15
28.84 26
28.85 36
28.86 29
28.87 5
28.88 0
28.89 0
28.9 0
28.91 10
28.92 21
28.93 32
28.94 41
28.95 28
28.96 12
28.97 0
28.98 0
28.99 0
29 3
29.01 15
29.02 27
29.03 39
29.04 28
29.05 24
29.06 0
29.07 0
29.08 0
29.09 12
29.1 24
29.11 34
29.12 28
29.13 25
29.14 0
29.15 0
29.16 0
29.17 8
29.18 20
29.19 31
29.2 39
29.21 27
29.22 12
29.23 0
29.24 0
29.25 11
29.26 22
29.27 33
29.28 27
29.29 14
29.3 0
29.31 0
29.32 0
29.33 7
29.34 20
29.35 31
29.36 42
29.37 28
29.38 12
29.39 0
29.4 0
29.41 0
29.42 13
29.43 25
29.44 36
29.45 27
29.46 13
29.47 0
29.48 6
29.49 18
29.5 30
29.51 36
29.52 27
29.53 16
29.54 16
29.55 22
29.56 20
29.57 3
29.58 0
29.59 1
29.6 13
29.61 23
29.62 35
29.63 28
29.64 18
29.65 0
29.66 0
29.67 0
29.68 0
29.69 9
29.7 19
29.71 28
29.72 38
29.73 26
29.74 25
29.75 8
29.76 3
29.77 16
29.78 21
29.79 30
29.8 23
29.81 11
29.82 0
29.83 0
29.84 7
29.85 18
29.86 26
29.87 35
29.88 26
29.89 16
29.9 0
29.91 0
29.92 9
29.93 23
29.94 33
29.95 27
29.96 15
29.97 0
29.98 0
29.99 0
30 4
30.01 16
30.02 29
30.03 39
30.04 28
30.05 7
30.06 0
30.07 0
30.08 2
30.09 12
30.1 23
30.11 32
30.12 28
30.13 28
30.14 0
30.15 0
30.16 1
30.17 13
30.18 23
30.19 33
30.2 27
30.21 19
30.22 0
30.23 0
30.24 10
30.25 23
30.26 35
30.27 28
30.28 29
30.29 0
30.3 0
30.31 3
30.32 13
30.33 23
30.34 33
30.35 28
30.36 22
30.37 0
30.38 0
30.39 0
30.4 8
30.41 21
30.42 30
30.43 40
30.44 28
30.45 10
30.46 0
30.47 0
30.48 10
30.49 20
30.5 29
30.51 39
30.52 28
30.53 11
30.54 0
30.55 0
30.56 0
30.57 12
30.58 23
30.59 34
30.6 28
30.61 13
30.62 0
30.63 0
30.64 0
30.65 0
30.66 0
30.67 12
30.68 21
30.69 33
30.7 33
30.71 27
30.72 7
30.73 0
30.74 0
30.75 11
30.76 19
30.77 27
30.78 37
30.79 26
30.8 0
30.81 0
30.82 0
30.83 5
30.84 15
30.85 24
30.86 33
30.87 29
30.88 21
30.89 0
30.9 0
30.91 0
30.92 9
30.93 20
30.94 27
30.95 35
30.96 27
30.97 19
30.98 0
30.99 0
31 0
31.01 6
31.02 16
31.03 26
31.04 35
31.05 28
31.06 16
31.07 0
31.08 0
31.09 6
31.1 17
31.11 27
31.12 35
31.13 28
31.14 11
31.15 0
31.16 0
31.17 0
31.18 3
31.19 14
31.2 24
31.21 32
31.22 28
31.23 23
31.24 0
31.25 0
31.26 3
31.27 14
31.28 25
31.29 36
31.3 27
31.31 6
31.32 0
31.33 0
31.34 2
31.35 12
31.36 21
31.37 30
31.38 35
31.39 26
31.4 2
31.41 0
31.42 7
31.43 16
31.44 25
31.45 35
31.46 29
31.47 18
31.48 0
31.49 0
31.5 0
31.51 0
31.52 11
31.53 20
31.54 28
31.55 37
31.56 27
31.57 0
31.58 0
31.59 0
31.6 0
31.61 7
31.62 17
31.63 27
31.64 37
31.65 29
31.66 26
31.67 0
31.68 0
31.69 0
31.7 0
31.71 8
31.72 20
31.73 29
31.74 38
31.75 29
31.76 11
31.77 0
31.78 0
31.79 0
31.8 5
31.81 14
31.82 25
31.83 36
31.84 27
31.85 27
31.86 2
31.87 0
31.88 0
31.89 0
31.9 11
31.91 21
31.92 31
31.93 39
31.94 27
31.95 0
31.96 0
31.97 0
31.98 7
31.99 18
32 30
32.01 37
32.02 27
32.03 1
32.04 0
32.05 0
32.06 0
32.07 11
32.08 22
32.09 32
32.1 39
32.11 27
32.12 0
32.13 0
32.14 0
32.15 0
32.16 9
32.17 21
32.18 31
32.19 41
32.2 28
32.21 6
32.22 0
32.23 0
32.24 8
32.25 16
32.26 24
32.27 33
32.28 26
32.29 17
32.3 0
32.31 0
32.32 6
32.33 18
32.34 27
32.35 37
32.36 28
32.37 22
32.38 0
32.39 0
32.4 0
32.41 1
32.42 14
32.43 24
32.44 31
32.45 26
32.46 19
32.47 0
32.48 0
32.49 0
32.5 10
32.51 22
32.52 32
32.53 33
32.54 27
32.55 3
32.56 0
32.57 0
32.58 8
32.59 17
32.6 27
32.61 38
32.62 28
32.63 6
32.64 0
32.65 0
32.66 0
32.67 9
32.68 21
32.69 29
32.7 37
32.71 27
32.72 14
32.73 0
32.74 0
32.75 0
32.76 5
32.77 15
32.78 23
32.79 32
32.8 36
32.81 27
32.82 0
32.83 0
32.84 0
32.85 0
32.86 0
32.87 11
32.88 19
32.89 27
32.9 36
32.91 29
32.92 12
32.93 0
32.94 0
32.95 0
32.96 0
32.97 3
32.98 11
32.99 20
33 29
33.01 38
33.02 27
33.03 0
33.04 0
33.05 0
33.06 0
33.07 11
33.08 22
33.09 30
33.1 39
33.11 28
33.12 2
33.13 0
33.14 0
33.15 5
33.16 13
33.17 23
33.18 31
33.19 38
33.2 28
33.21 4
33.22 0
33.23 0
33.24 0
33.25 3
33.26 13
33.27 24
33.28 34
33.29 28
33.3 22
33.31 0
33.32 0
33.33 0
33.34 0
33.35 8
33.36 18
33.37 29
33.38 36
33.39 29
33.4 14
33.41 0
33.42 0
33.43 0
33.44 10
33.45 21
33.46 29
33.47 38
33.48 27
33.49 21
33.5 0
33.51 0
33.52 0
33.53 10
33.54 22
33.55 32
33.56 34
33.57 28
33.58 0
33.59 0
33.6 0
33.61 0
33.62 5
33.63 17
33.64 27
33.65 36
33.66 28
33.67 15
33.68 0
33.69 0
33.7 0
33.71 9
33.72 23
33.73 36
33.74 28
33.75 21
33.76 0
33.77 0
33.78 0
33.79 5
33.8 14
33.81 24
33.82 32
33.83 29
33.84 18
33.85 0
33.86 0
33.87 0
33.88 0
33.89 4
33.9 13
33.91 24
33.92 33
33.93 28
33.94 20
33.95 0
33.96 0
33.97 0
33.98 6
33.99 15
34 25
34.01 34
34.02 28
34.03 0
34.04 0
34.05 0
34.06 0
34.07 0
34.08 11
34.09 20
34.1 29
34.11 38
34.12 28
34.13 15
34.14 0
34.15 0
34.16 0
34.17 11
34.18 18
34.19 29
34.2 36
34.21 26
34.22 9
34.23 0
34.24 0
34.25 0
34.26 0
34.27 13
34.28 23
34.29 31
34.3 37
34.31 27
34.32 0
34.33 0
34.34 0
34.35 0
34.36 9
34.37 19
34.38 26
34.39 34
34.4 27
34.41 23
34.42 0
34.43 0
34.44 0
34.45 4
34.46 15
34.47 25
34.48 35
34.49 27
34.5 10
34.51 0
34.52 0
34.53 0
34.54 8
34.55 19
34.56 29
34.57 38
34.58 28
34.59 12
34.6 0
34.61 0
34.62 7
34.63 16
34.64 27
34.65 36
34.66 27
34.67 24
34.68 2
34.69 0
34.7 7
34.71 19
34.72 26
34.73 36
34.74 28
34.75 12
34.76 0
34.77 0
34.78 6
34.79 20
34.8 34
34.81 27
34.82 19
34.83 0
34.84 0
34.85 0
34.86 5
34.87 17
34.88 27
34.89 38
34.9 29
34.91 22
34.92 0
34.93 0
34.94 3
34.95 13
34.96 24
34.97 34
34.98 26
34.99 13
35 0
35.01 0
35.02 3
35.03 15
35.04 24
35.05 33
35.06 28
35.07 27
35.08 9
35.09 0
35.1 0
35.11 1
35.12 13
35.13 25
35.14 35
35.15 28
35.16 17
35.17 0
35.18 0
35.19 7
35.2 19
35.21 29
35.22 41
35.23 27
35.24 0
35.25 0
35.26 7
35.27 17
35.28 30
35.29 42
35.3 28
35.31 4
35.32 0
35.33 0
35.34 9
35.35 23
35.36 33
35.37 27
35.38 19
35.39 0
35.4 0
35.41 0
35.42 10
35.43 21
35.44 33
35.45 27
35.46 17
35.47 0
35.48 0
35.49 3
35.5 16
35.51 27
35.52 38
35.53 28
35.54 18
35.55 0
35.56 0
35.57 4
35.58 16
35.59 31
35.6 41
35.61 27
35.62 0
35.63 0
35.64 0
35.65 3
35.66 17
35.67 29
35.68 41
35.69 29
35.7 0
35.71 0
35.72 0
35.73 0
35.74 7
35.75 17
35.76 26
35.77 35
35.78 17
35.79 12
35.8 9
35.81 17
35.82 28
35.83 23
35.84 13
35.85 0
35.86 0
35.87 3
35.88 13
35.89 21
35.9 28
35.91 35
35.92 27
35.93 6
35.94 0
35.95 2
35.96 10
35.97 17
35.98 24
35.99 32
36 27
36.01 20
36.02 0
36.03 0
36.04 7
36.05 13
36.06 20
36.07 27
36.08 33
36.09 26
36.1 2
36.11 0
36.12 0
36.13 0
36.14 0
36.15 1
36.16 7
36.17 16
36.18 25
36.19 33
36.2 28
36.21 25
36.22 0
36.23 0
36.24 0
36.25 0
36.26 0
36.27 6
36.28 17
36.29 22
36.3 29
36.31 37
36.32 28
36.33 0
36.34 0
36.35 0
36.36 0
36.37 0
36.38 2
36.39 11
36.4 19
36.41 26
36.42 34
36.43 28
36.44 18
36.45 0
36.46 0
36.47 8
36.48 17
36.49 25
36.5 32
36.51 27
36.52 13
36.53 0
36.54 0
36.55 0
36.56 3
36.57 10
36.58 18
36.59 26
36.6 32
36.61 28
36.62 20
36.63 0
36.64 0
36.65 0
36.66 0
36.67 8
36.68 16
36.69 25
36.7 34
36.71 28
36.72 17
36.73 0
36.74 0
36.75 5
36.76 13
36.77 22
36.78 31
36.79 34
36.8 26
36.81 6
36.82 0
36.83 0
36.84 9
36.85 21
36.86 30
36.87 39
36.88 27
36.89 0
36.9 0
36.91 0
36.92 0
36.93 6
36.94 15
36.95 22
36.96 32
36.97 32
36.98 25
36.99 0
37 0
37.01 0
37.02 8
37.03 17
37.04 27
37.05 34
37.06 27
37.07 17
37.08 0
37.09 0
37.1 4
37.11 17
37.12 25
37.13 36
37.14 27
37.15 17
37.16 0
37.17 0
37.18 0
37.19 1
37.2 13
37.21 22
37.22 30
37.23 40
37.24 29
37.25 5
37.26 0
37.27 0
37.28 0
37.29 10
37.3 22
37.31 31
37.32 40
37.33 29
37.34 10
37.35 0
37.36 0
37.37 5
37.38 15
37.39 26
37.4 36
37.41 27
37.42 13
37.43 0
37.44 0
37.45 0
37.46 6
37.47 11
37.48 20
37.49 28
37.5 38
37.51 29
37.52 11
37.53 0
37.54 0
37.55 0
37.56 7
37.57 15
37.58 25
37.59 35
37.6 29
37.61 19
37.62 0
37.63 0
37.64 0
37.65 4
37.66 12
37.67 21
37.68 30
37.69 39
37.7 28
37.71 0
37.72 0
37.73 0
37.74 0
37.75 9
37.76 18
37.77 29
37.78 38
37.79 28
37.8 0
37.81 0
37.82 0
37.83 2
37.84 11
37.85 21
37.86 29
37.87 36
37.88 28
37.89 17
37.9 0
37.91 0
37.92 0
37.93 8
37.94 18
37.95 26
37.96 34
37.97 26
37.98 0
37.99 0
38 0
38.01 0
38.02 7
38.03 14
38.04 22
38.05 30
38.06 34
38.07 26
38.08 0
38.09 0
38.1 0
38.11 0
38.12 0
38.13 5
38.14 13
38.15 20
38.16 26
38.17 34
38.18 28
38.19 14
38.2 0
38.21 0
38.22 8
38.23 15
38.24 23
38.25 29
38.26 25
38.27 18
38.28 0
38.29 0
38.3 0
38.31 0
38.32 1
38.33 9
38.34 17
38.35 24
38.36 31
38.37 27
38.38 17
38.39 0
38.4 0
38.41 0
38.42 4
38.43 16
38.44 25
38.45 32
38.46 26
38.47 17
38.48 0
38.49 0
38.5 0
38.51 0
38.52 5
38.53 14
38.54 9
38.55 18
38.56 26
38.57 35
38.58 27
38.59 20
38.6 0
38.61 0
38.62 0
38.63 2
38.64 9
38.65 18
38.66 28
38.67 35
38.68 27
38.69 14
38.7 0
38.71 0
38.72 0
38.73 0
38.74 6
38.75 15
38.76 25
38.77 33
38.78 27
38.79 21
38.8 0
38.81 0
38.82 0
38.83 0
38.84 1
38.85 12
38.86 22
38.87 32
38.88 41
38.89 30
38.9 0
38.91 0
38.92 0
38.93 0
38.94 8
38.95 19
38.96 30
38.97 39
38.98 28
38.99 18
39 0
39.01 0
39.02 5
39.03 16
39.04 25
39.05 34
39.06 27
39.07 13
39.08 10
39.09 8
39.1 19
39.11 29
39.12 25
39.13 5
39.14 0
39.15 4
39.16 15
39.17 27
39.18 37
39.19 26
39.2 15
39.21 0
39.22 0
39.23 0
39.24 6
39.25 17
39.26 28
39.27 37
39.28 28
39.29 14
39.3 0
39.31 0
39.32 11
39.33 24
39.34 34
39.35 27
39.36 8
39.37 0
39.38 0
39.39 0
39.4 7
39.41 20
39.42 31
39.43 41
39.44 29
39.45 0
39.46 0
39.47 0
39.48 0
39.49 4
39.5 19
39.51 32
39.52 42
39.53 28
39.54 2
39.55 0
39.56 0
39.57 3
39.58 16
39.59 26
39.6 39
39.61 28
39.62 7
39.63 0
39.64 0
39.65 6
39.66 19
39.67 29
39.68 38
39.69 26
39.7 9
39.71 0
39.72 10
39.73 22
39.74 30
39.75 26
39.76 14
39.77 0
39.78 0
39.79 3
39.8 16
39.81 26
39.82 34
39.83 28
39.84 26
39.85 0
39.86 0
39.87 0
39.88 0
39.89 6
39.9 15
39.91 27
39.92 37
39.93 28
39.94 16
39.95 0
39.96 0
39.97 0
39.98 8
39.99 22
40 31
40.01 42
40.02 27
40.03 0
40.04 0
40.05 0
40.06 4
40.07 15
40.08 24
40.09 34
40.1 28
40.11 7
40.12 0
40.13 0
40.14 5
40.15 17
40.16 27
40.17 37
40.18 26
40.19 4
40.2 0
40.21 0
40.22 0
40.23 10
40.24 20
40.25 29
40.26 37
40.27 26
40.28 0
40.29 0
40.3 0
40.31 0
40.32 6
40.33 18
40.34 29
40.35 39
40.36 28
40.37 0
40.38 0
40.39 1
40.4 12
40.41 21
40.42 32
40.43 29
40.44 27
40.45 2
40.46 0
40.47 0
40.48 8
40.49 18
40.5 28
40.51 39
40.52 28
40.53 10
40.54 0
40.55 10
40.56 20
40.57 28
40.58 38
40.59 27
40.6 0
40.61 0
40.62 0
40.63 13
40.64 25
40.65 33
40.66 27
40.67 27
40.68 0
40.69 0
40.7 6
40.71 20
40.72 29
40.73 38
40.74 27
40.75 15
40.76 0
40.77 0
40.78 7
40.79 18
40.8 29
40.81 38
40.82 28
40.83 1
40.84 0
40.85 0
40.86 0
40.87 0
40.88 9
40.89 18
40.9 27
40.91 37
40.92 28
40.93 3
40.94 0
40.95 0
40.96 0
40.97 6
40.98 16
40.99 24
41 31
41.01 28
41.02 21
41.03 0
41.04 0
41.05 0
41.06 10
41.07 20
41.08 30
41.09 38
41.1 27
41.11 0
41.12 0
41.13 0
41.14 0
41.15 2
41.16 10
41.17 18
41.18 25
41.19 31
41.2 26
41.21 21
41.22 9
41.23 0
41.24 5
41.25 12
41.26 17
41.27 25
41.28 34
41.29 27
41.3 5
41.31 0
41.32 0
41.33 0
41.34 0
41.35 5
41.36 12
41.37 20
41.38 28
41.39 34
41.4 28
41.41 6
41.42 0
41.43 0
41.44 0
41.45 8
41.46 15
41.47 22
41.48 31
41.49 30
41.5 24
41.51 0
41.52 0
41.53 0
41.54 0
41.55 0
41.56 7
41.57 16
41.58 22
41.59 30
41.6 37
41.61 29
41.62 7
41.63 0
41.64 0
41.65 1
41.66 9
41.67 19
41.68 27
41.69 34
41.7 27
41.71 4
41.72 0
41.73 0
41.74 0
41.75 6
41.76 14
41.77 26
41.78 36
41.79 28
41.8 17
41.81 0
41.82 0
41.83 0
41.84 0
41.85 6
41.86 18
41.87 28
41.88 37
41.89 29
41.9 22
41.91 0
41.92 0
41.93 0
41.94 0
41.95 9
41.96 20
41.97 29
41.98 38
41.99 27
42 9
42.01 0
42.02 0
42.03 9
42.04 20
42.05 31
42.06 40
42.07 28
42.08 0
42.09 0
42.1 4
42.11 18
42.12 30
42.13 40
42.14 27
42.15 0
42.16 0
42.17 0
42.18 8
42.19 19
42.2 31
42.21 42
42.22 28
42.23 2
42.24 0
42.25 0
42.26 11
42.27 22
42.28 32
42.29 38
42.3 28
42.31 0
42.32 0
42.33 0
42.34 0
42.35 15
42.36 24
42.37 33
42.38 28
42.39 21
42.4 3
42.41 0
42.42 7
42.43 17
42.44 29
42.45 39
42.46 27
42.47 2
42.48 0
42.49 0
42.5 3
42.51 12
42.52 22
42.53 31
42.54 27
42.55 27
42.56 0
42.57 0
42.58 0
42.59 3
42.6 13
42.61 21
42.62 30
42.63 37
42.64 28
42.65 0
42.66 0
42.67 0
42.68 6
42.69 17
42.7 26
42.71 34
42.72 27
42.73 19
42.74 0
42.75 0
42.76 0
42.77 0
42.78 11
42.79 21
42.8 29
42.81 39
42.82 28
42.83 20
42.84 0
42.85 0
42.86 0
42.87 0
42.88 2
42.89 13
42.9 23
42.91 31
42.92 38
42.93 27
42.94 1
42.95 0
42.96 0
42.97 0
42.98 8
42.99 13
43 21
43.01 30
43.02 37
43.03 27
43.04 4
43.05 0
43.06 0
43.07 0
43.08 0
43.09 8
43.1 15
43.11 23
43.12 28
43.13 34
43.14 27
43.15 10
43.16 0
43.17 0
43.18 0
43.19 2
43.2 10
43.21 18
43.22 27
43.23 35
43.24 27
43.25 10
43.26 0
43.27 0
43.28 0
43.29 5
43.3 15
43.31 22
43.32 28
43.33 36
43.34 28
43.35 1
43.36 0
43.37 0
43.38 2
43.39 10
43.4 19
43.41 28
43.42 35
43.43 27
43.44 0
43.45 0
43.46 0
43.47 0
43.48 7
43.49 17
43.5 25
43.51 33
43.52 28
43.53 14
43.54 0
43.55 0
43.56 0
43.57 0
43.58 3
43.59 12
43.6 21
43.61 29
43.62 38
43.63 29
43.64 9
43.65 0
43.66 6
43.67 15
43.68 22
43.69 32
43.7 25
43.71 7
43.72 0
43.73 1
43.74 11
43.75 21
43.76 30
43.77 38
43.78 25
43.79 0
43.8 0
43.81 3
43.82 13
43.83 24
43.84 33
43.85 26
43.86 25
43.87 0
43.88 0
43.89 0
43.9 6
43.91 17
43.92 27
43.93 36
43.94 28
43.95 17
43.96 0
43.97 6
43.98 20
43.99 29
44 37
44.01 25
44.02 0
44.03 0
44.04 0
44.05 3
44.06 15
44.07 25
44.08 35
44.09 29
44.1 21
44.11 0
44.12 0
44.13 5
44.14 16
44.15 24
44.16 36
44.17 26
44.18 8
44.19 0
44.2 0
44.21 0
44.22 11
44.23 22
44.24 33
44.25 26
44.26 16
44.27 0
44.28 0
44.29 0
44.3 7
44.31 17
44.32 26
44.33 35
44.34 29
44.35 27
44.36 0
44.37 0
44.38 0
44.39 9
44.4 21
44.41 31
44.42 40
44.43 27
44.44 0
44.45 0
44.46 0
44.47 0
44.48 11
44.49 18
44.5 28
44.51 37
44.52 27
44.53 7
44.54 0
44.55 0
44.56 0
44.57 9
44.58 18
44.59 26
44.6 34
44.61 28
44.62 25
44.63 0
44.64 0
44.65 0
44.66 10
44.67 19
44.68 30
44.69 37
44.7 26
44.71 0
44.72 0
44.73 0
44.74 8
44.75 19
44.76 27
44.77 37
44.78 28
44.79 15
44.8 0
44.81 0
44.82 0
44.83 4
44.84 15
44.85 24
44.86 33
44.87 27
44.88 24
44.89 0
44.9 0
44.91 0
44.92 0
44.93 8
44.94 19
44.95 28
44.96 37
44.97 29
44.98 17
44.99 0
45 0
45.01 0
45.02 7
45.03 17
45.04 28
45.05 36
45.06 27
45.07 10
45.08 0
45.09 0
45.1 0
45.11 10
45.12 19
45.13 27
45.14 33
45.15 27
45.16 15
45.17 14
45.18 22
45.19 21
45.2 6
45.21 0
45.22 0
45.23 0
45.24 0
45.25 10
45.26 20
45.27 30
45.28 39
45.29 29
45.3 12
45.31 0
45.32 0
45.33 0
45.34 7
45.35 16
45.36 26
45.37 37
45.38 28
45.39 18
45.4 0
45.41 0
45.42 2
45.43 10
45.44 21
45.45 31
45.46 30
45.47 22
45.48 0
45.49 0
45.5 0
45.51 0
45.52 11
45.53 21
45.54 31
45.55 41
45.56 28
45.57 7
45.58 0
45.59 0
45.6 4
45.61 14
45.62 21
45.63 29
45.64 38
45.65 27
45.66 0
45.67 0
45.68 0
45.69 2
45.7 13
45.71 23
45.72 32
45.73 30
45.74 27
45.75 12
45.76 0
45.77 0
45.78 5
45.79 15
45.8 25
45.81 33
45.82 26
45.83 14
45.84 0
45.85 0
45.86 0
45.87 6
45.88 17
45.89 27
45.9 36
45.91 28
45.92 20
45.93 0
45.94 0
45.95 0
45.96 10
45.97 21
45.98 31
45.99 40
46 28
46.01 5
46.02 0
46.03 0
46.04 0
46.05 7
46.06 20
46.07 30
46.08 41
46.09 28
46.1 0
46.11 0
46.12 0
46.13 0
46.14 7
46.15 18
46.16 28
46.17 37
46.18 28
46.19 14
46.2 0
46.21 1
46.22 12
46.23 23
46.24 29
46.25 26
46.26 23
46.27 0
46.28 0
46.29 2
46.3 11
46.31 18
46.32 28
46.33 38
46.34 28
46.35 9
46.36 0
46.37 0
46.38 3
46.39 14
46.4 19
46.41 29
46.42 36
46.43 28
46.44 10
46.45 0
46.46 0
46.47 4
46.48 14
46.49 23
46.5 30
46.51 38
46.52 27
46.53 3
46.54 0
46.55 0
46.56 0
46.57 0
46.58 11
46.59 19
46.6 29
46.61 36
46.62 28
46.63 0
46.64 0
46.65 0
46.66 0
46.67 0
46.68 10
46.69 21
46.7 29
46.71 34
46.72 27
46.73 15
46.74 5
46.75 10
46.76 20
46.77 28
46.78 24
46.79 5
46.8 0
46.81 2
46.82 11
46.83 18
46.84 26
46.85 33
46.86 25
46.87 0
46.88 0
46.89 0
46.9 0
46.91 0
46.92 3
46.93 11
46.94 19
46.95 24
46.96 31
46.97 27
46.98 20
46.99 9
47 0
47.01 2
47.02 12
47.03 19
47.04 25
47.05 32
47.06 25
47.07 20
47.08 0
47.09 1
47.1 10
47.11 16
47.12 26
47.13 34
47.14 26
47.15 20
47.16 0
47.17 0
47.18 0
47.19 6
47.2 18
47.21 26
47.22 36
47.23 28
47.24 4
47.25 0
47.26 0
47.27 0
47.28 0
47.29 11
47.3 21
47.31 30
47.32 39
47.33 27
47.34 1
47.35 0
47.36 0
47.37 2
47.38 12
47.39 22
47.4 30
47.41 39
47.42 27
47.43 1
47.44 0
47.45 0
47.46 10
47.47 22
47.48 33
47.49 27
47.5 11
47.51 0
47.52 0
47.53 0
47.54 4
47.55 16
47.56 26
47.57 36
47.58 29
47.59 0
47.6 0
47.61 0
47.62 0
47.63 0
47.64 9
47.65 22
47.66 33
47.67 43
47.68 29
47.69 0
47.7 0
47.71 0
47.72 0
47.73 11
47.74 23
47.75 34
47.76 28
47.77 15
47.78 0
47.79 0
47.8 0
47.81 7
47.82 19
47.83 31
47.84 41
47.85 28
47.86 8
47.87 0
47.88 7
47.89 16
47.9 28
47.91 38
47.92 26
47.93 17
47.94 5
47.95 11
47.96 21
47.97 28
47.98 24
47.99 3
48 0
48.01 0
48.02 0
48.03 12
48.04 25
48.05 36
48.06 28
48.07 19
48.08 0
48.09 0
48.1 0
48.11 9
48.12 23
48.13 35
48.14 28
48.15 15
48.16 0
48.17 0
48.18 2
48.19 15
48.2 26
48.21 36
48.22 28
48.23 18
48.24 0
48.25 0
48.26 0
48.27 13
48.28 25
48.29 36
48.3 27
48.31 17
48.32 0
48.33 0
48.34 0
48.35 10
48.36 21
48.37 28
48.38 35
48.39 27
48.4 15
48.41 0
48.42 0
48.43 0
48.44 0
48.45 5
48.46 16
48.47 26
48.48 35
48.49 29
48.5 26
48.51 0
48.52 0
48.53 0
48.54 0
48.55 2
48.56 11
48.57 20
48.58 30
48.59 39
48.6 29
48.61 6
48.62 0
48.63 0
48.64 0
48.65 7
48.66 17
48.67 28
48.68 36
48.69 27
48.7 14
48.71 0
48.72 0
48.73 0
48.74 0
48.75 5
48.76 16
48.77 25
48.78 35
48.79 28
48.8 23
48.81 0
48.82 0
48.83 0
48.84 1
48.85 12
48.86 22
48.87 31
48.88 39
48.89 27
48.9 0
48.91 0
48.92 0
48.93 10
48.94 21
48.95 31
48.96 39
48.97 28
48.98 0
48.99 0
49 1
49.01 10
49.02 21
49.03 32
49.04 36
49.05 27
49.06 6
49.07 0
49.08 3
49.09 11
49.1 20
49.11 30
49.12 39
49.13 27
49.14 5
49.15 0
49.16 8
49.17 18
49.18 28
49.19 39
49.2 26
49.21 7
49.22 0
49.23 0
49.24 0
49.25 8
49.26 17
49.27 29
49.28 37
49.29 28
49.3 23
49.31 0
49.32 2
49.33 17
49.34 28
49.35 39
49.36 26
49.37 0
49.38 0
49.39 0
49.4 4
49.41 17
49.42 29
49.43 42
49.44 29
49.45 0
49.46 0
49.47 0
49.48 3
49.49 15
49.5 28
49.51 38
49.52 27
49.53 14
49.54 0
49.55 0
49.56 3
49.57 15
49.58 25
49.59 36
49.6 29
49.61 9
49.62 0
49.63 0
49.64 1
49.65 15
49.66 28
49.67 38
49.68 26
49.69 7
49.7 0
49.71 0
49.72 0
49.73 14
49.74 24
49.75 36
49.76 29
49.77 21
49.78 11
49.79 0
49.8 3
49.81 14
49.82 23
49.83 34
49.84 28
49.85 13
49.86 0
49.87 0
49.88 0
49.89 14
49.9 21
49.91 32
49.92 35
49.93 28
49.94 0
49.95 0
49.96 0
49.97 0
49.98 10
49.99 21
50 32
50.01 38
50.02 28
50.03 2
50.04 0
50.05 3
50.06 8
50.07 20
50.08 29
50.09 37
50.1 28
50.11 3
50.12 0
50.13 0
50.14 2
50.15 13
50.16 23
50.17 35
50.18 30
50.19 29
50.2 0
50.21 0
50.22 0
50.23 6
50.24 16
50.25 26
50.26 35
50.27 29
50.28 9
50.29 0
50.3 0
50.31 3
50.32 12
50.33 7
50.34 13
50.35 21
50.36 30
50.37 37
50.38 27
50.39 0
50.4 0
50.41 1
50.42 13
50.43 22
50.44 32
50.45 26
50.46 26
50.47 0
50.48 0
50.49 0
50.5 0
50.51 9
50.52 18
50.53 28
50.54 35
50.55 26
50.56 18
50.57 0
50.58 0
50.59 3
50.6 14
50.61 24
50.62 33
50.63 28
50.64 21
50.65 0
50.66 0
50.67 0
50.68 0
50.69 10
50.7 21
50.71 31
50.72 40
50.73 28
50.74 0
50.75 0
50.76 0
50.77 0
50.78 8
50.79 19
50.8 28
50.81 37
50.82 27
50.83 13
50.84 0
50.85 0
50.86 0
50.87 5
50.88 16
50.89 22
50.9 32
50.91 29
50.92 28
50.93 8
50.94 0
50.95 0
50.96 0
50.97 8
50.98 19
50.99 29
51 39
51.01 27
51.02 17
51.03 0
51.04 0
51.05 11
51.06 22
51.07 31
51.08 26
51.09 14
51.1 0
51.11 0
51.12 0
51.13 5
51.14 14
51.15 25
51.16 36
51.17 29
51.18 23
51.19 0
51.2 0
51.21 7
51.22 16
51.23 27
51.24 36
51.25 27
51.26 0
51.27 0
51.28 0
51.29 0
51.3 11
51.31 22
51.32 31
51.33 36
51.34 28
51.35 0
51.36 0
51.37 0
51.38 3
51.39 16
51.4 25
51.41 35
51.42 26
51.43 20
51.44 0
51.45 0
51.46 2
51.47 13
51.48 23
51.49 35
51.5 28
51.51 21
51.52 0
51.53 0
51.54 11
51.55 20
51.56 31
51.57 26
51.58 20
51.59 0
51.6 0
51.61 0
51.62 0
51.63 9
51.64 20
51.65 29
51.66 36
51.67 28
51.68 17
51.69 0
51.7 0
51.71 0
51.72 0
51.73 10
51.74 19
51.75 26
51.76 34
51.77 27
51.78 10
51.79 0
51.8 0
51.81 0
51.82 5
51.83 14
51.84 24
51.85 32
51.86 27
51.87 27
51.88 0
51.89 0
51.9 0
51.91 2
51.92 12
51.93 21
51.94 30
51.95 38
51.96 27
51.97 12
51.98 0
51.99 3
52 10
52.01 17
52.02 25
52.03 35
52.04 28
52.05 8
52.06 0
52.07 0
52.08 0
52.09 0
52.1 5
52.11 16
52.12 25
52.13 34
52.14 28
52.15 10
52.16 0
52.17 0
52.18 0
52.19 0
52.2 7
52.21 16
52.22 26
52.23 34
52.24 28
52.25 14
52.26 0
52.27 0
52.28 0
52.29 4
52.3 13
52.31 22
52.32 31
52.33 40
52.34 28
52.35 5
52.36 0
52.37 7
52.38 17
52.39 25
52.4 33
52.41 26
52.42 17
52.43 0
52.44 0
52.45 10
52.46 19
52.47 27
52.48 35
52.49 25
52.5 12
52.51 0
52.52 0
52.53 0
52.54 6
52.55 16
52.56 25
52.57 35
52.58 30
52.59 21
52.6 0
52.61 0
52.62 11
52.63 23
52.64 34
52.65 26
52.66 24
52.67 7
52.68 0
52.69 1
52.7 11
52.71 25
52.72 34
52.73 26
52.74 20
52.75 0
52.76 0
52.77 0
52.78 6
52.79 18
52.8 30
52.81 42
52.82 28
52.83 0
52.84 0
52.85 0
52.86 0
52.87 11
52.88 22
52.89 32
52.9 26
52.91 19
52.92 0
52.93 0
52.94 0
52.95 3
52.96 15
52.97 24
52.98 33
52.99 26
53 13
53.01 0
53.02 0
53.03 0
53.04 9
53.05 19
53.06 31
53.07 39
53.08 28
53.09 3
53.1 0
53.11 0
53.12 6
53.13 19
53.14 28
53.15 38
53.16 29
53.17 0
53.18 0
53.19 0
53.2 0
53.21 2
53.22 13
53.23 22
53.24 33
53.25 39
53.26 29
53.27 2
53.28 0
53.29 9
53.3 20
53.31 29
53.32 38
53.33 27
53.34 0
53.35 0
53.36 0
53.37 9
53.38 18
53.39 29
53.4 38
53.41 27
53.42 0
53.43 0
53.44 0
53.45 2
53.46 12
53.47 21
53.48 29
53.49 38
53.5 28
53.51 0
53.52 0
53.53 0
53.54 0
53.55 0
53.56 10
53.57 20
53.58 31
53.59 39
53.6 28
53.61 17
53.62 0
53.63 0
53.64 0
53.65 0
53.66 11
53.67 22
53.68 34
53.69 29
53.7 23
53.71 0
53.72 0
53.73 0
53.74 0
53.75 8
53.76 20
53.77 30
53.78 41
53.79 29
53.8 5
53.81 0
53.82 0
53.83 0
53.84 9
53.85 17
53.86 28
53.87 36
53.88 28
53.89 10
53.9 0
53.91 0
53.92 5
53.93 14
53.94 24
53.95 34
53.96 27
53.97 21
53.98 0
53.99 0
54 0
54.01 8
54.02 16
54.03 26
54.04 33
54.05 26
54.06 19
54.07 0
54.08 0
54.09 0
54.1 0
54.11 5
54.12 14
54.13 22
54.14 30
54.15 37
54.16 27
54.17 10
54.18 0
54.19 0
54.2 9
54.21 20
54.22 30
54.23 38
54.24 25
54.25 0
54.26 0
54.27 0
54.28 0
54.29 4
54.3 14
54.31 25
54.32 35
54.33 28
54.34 18
54.35 0
54.36 0
54.37 0
54.38 2
54.39 12
54.4 23
54.41 34
54.42 28
54.43 16
54.44 0
54.45 0
54.46 0
54.47 1
54.48 14
54.49 25
54.5 34
54.51 28
54.52 20
54.53 0
54.54 0
54.55 0
54.56 6
54.57 17
54.58 28
54.59 37
54.6 27
54.61 12
54.62 0
54.63 0
54.64 0
54.65 5
54.66 14
54.67 25
54.68 36
54.69 28
54.7 12
54.71 0
54.72 0
54.73 0
54.74 4
54.75 15
54.76 26
54.77 37
54.78 28
54.79 12
54.8 0
54.81 0
54.82 0
54.83 7
54.84 19
54.85 30
54.86 40
54.87 28
54.88 3
54.89 0
54.9 0
54.91 5
54.92 15
54.93 23
54.94 35
54.95 29
54.96 15
54.97 1
54.98 7
54.99 20
55 30
55.01 38
55.02 26
55.03 0
55.04 0
55.05 0
55.06 0
55.07 4
55.08 17
55.09 28
55.1 39
55.11 27
55.12 4
55.13 0
55.14 0
55.15 0
55.16 13
55.17 24
55.18 35
55.19 29
55.2 10
55.21 0
55.22 0
55.23 2
55.24 13
55.25 22
55.26 32
55.27 28
55.28 22
55.29 0
55.3 0
55.31 0
55.32 14
55.33 27
55.34 38
55.35 27
55.36 20
55.37 0
55.38 0
55.39 1
55.4 13
55.41 25
55.42 37
55.43 27
55.44 10
55.45 0
55.46 0
55.47 8
55.48 19
55.49 28
55.5 36
55.51 26
55.52 0
55.53 0
55.54 0
55.55 6
55.56 18
55.57 29
55.58 38
55.59 28
55.6 18
55.61 0
55.62 0
55.63 4
55.64 13
55.65 23
55.66 32
55.67 27
55.68 16
55.69 0
55.7 0
55.71 0
55.72 0
55.73 10
55.74 20
55.75 26
55.76 36
55.77 27
55.78 17
55.79 0
55.8 0
55.81 0
55.82 12
55.83 24
55.84 35
55.85 28
55.86 11
55.87 0
55.88 0
55.89 2
55.9 15
55.91 27
55.92 36
55.93 26
55.94 25
55.95 0
55.96 0
55.97 3
55.98 12
55.99 21
56 32
56.01 29
56.02 25
56.03 0
56.04 0
56.05 1
56.06 11
56.07 21
56.08 30
56.09 37
56.1 28
56.11 8
56.12 0
56.13 0
56.14 2
56.15 12
56.16 22
56.17 32
56.18 33
56.19 28
56.2 0
56.21 0
56.22 0
56.23 5
56.24 17
56.25 26
56.26 38
56.27 29
56.28 0
56.29 0
56.3 0
56.31 0
56.32 0
56.33 12
56.34 21
56.35 31
56.36 40
56.37 28
56.38 18
56.39 0
56.4 0
56.41 4
56.42 14
56.43 26
56.44 36
56.45 26
56.46 15
56.47 0
56.48 0
56.49 1
56.5 13
56.51 24
56.52 35
56.53 27
56.54 14
56.55 0
56.56 0
56.57 7
56.58 16
56.59 27
56.6 36
56.61 27
56.62 12
56.63 0
56.64 0
56.65 6
56.66 18
56.67 25
56.68 35
56.69 27
56.7 2
56.71 0
56.72 0
56.73 5
56.74 15
56.75 27
56.76 37
56.77 27
56.78 10
56.79 0
56.8 0
56.81 2
56.82 15
56.83 24
56.84 33
56.85 27
56.86 17
56.87 3
56.88 2
56.89 14
56.9 26
56.91 37
56.92 27
56.93 15
56.94 0
56.95 0
56.96 0
56.97 12
56.98 24
56.99 35
57 27
57.01 18
57.02 0
57.03 0
57.04 4
57.05 16
57.06 29
57.07 39
57.08 26
57.09 0
57.1 0
57.11 0
57.12 0
57.13 10
57.14 22
57.15 32
57.16 41
57.17 28
57.18 0
57.19 0
57.2 3
57.21 16
57.22 26
57.23 36
57.24 28
57.25 22
57.26 0
57.27 0
57.28 1
57.29 13
57.3 25
57.31 34
57.32 27
57.33 6
57.34 0
57.35 0
57.36 0
57.37 2
57.38 11
57.39 21
57.4 32
57.41 43
57.42 29
57.43 0
57.44 0
57.45 0
57.46 7
57.47 17
57.48 29
57.49 41
57.5 28
57.51 1
57.52 0
57.53 0
57.54 0
57.55 0
57.56 9
57.57 19
57.58 30
57.59 40
57.6 28
57.61 0
57.62 0
57.63 0
57.64 0
57.65 3
57.66 13
57.67 21
57.68 31
57.69 38
57.7 28
57.71 0
57.72 0
57.73 0
57.74 8
57.75 19
57.76 30
57.77 38
57.78 27
57.79 20
57.8 0
57.81 5
57.82 15
57.83 24
57.84 34
57.85 26
57.86 17
57.87 0
57.88 0
57.89 10
57.9 21
57.91 32
57.92 34
57.93 26
57.94 0
57.95 0
57.96 0
57.97 0
57.98 6
57.99 17
58 28
58.01 39
58.02 28
58.03 0
58.04 0
58.05 0
58.06 0
58.07 0
58.08 0
58.09 0
58.1 0
58.11 0
58.12 0
58.13 0
58.14 0
58.15 0
58.16 0
58.17 0
58.18 0
58.19 0
58.2 0
58.21 0
58.22 0
58.23 0
58.24 0
58.25 0
58.26 0
58.27 0
58.28 0
58.29 0
58.3 0
58.31 0
58.32 0
58.33 0
58.34 0
58.35 0
58.36 0
58.37 0
58.38 0
58.39 0
58.4 0
58.41 0
58.42 0
58.43 0
58.44 0
58.45 0
58.46 0
58.47 0
58.48 0
58.49 0
58.5 0
58.51 0
58.52 0
58.53 0
58.54 0
58.55 0
58.56 0
58.57 0
58.58 0
58.59 0
58.6 0
58.61 0
58.62 0
58.63 0
58.64 0
58.65 0
58.66 0
58.67 0
58.68 0
58.69 0
58.7 0
58.71 0
58.72 0
58.73 0
58.74 0
58.75 0
58.76 0
58.77 0
58.78 0
58.79 0
58.8 0
58.81 0
58.82 0
58.83 0
58.84 0
58.85 0
58.86 0
58.87 0
58.88 0
58.89 0
58.9 0
58.91 0
58.92 0
58.93 0
58.94 0
58.95 0
58.96 0
58.97 0
58.98 0
58.99 0
59 0
59.01 0
59.02 0
59.03 0
59.04 0
59.05 0
59.06 0
59.07 0
59.08 0
59.09 0
59.1 0
59.11 0
59.12 0
59.13 0
59.14 0
59.15 0
59.16 0
59.17 0
59.18 0
59.19 0
59.2 0
59.21 0
59.22 0
59.23 0
59.24 0
59.25 0
59.26 0
59.27 0
59.28 0
59.29 0
59.3 0
59.31 0
59.32 0
59.33 0
59.34 0
59.35 0
59.36 0
59.37 0
59.38 0
59.39 0
59.4 0
59.41 0
59.42 0
59.43 0
59.44 0
59.45 0
59.46 0
59.47 0
59.48 0
59.49 0
59.5 0
59.51 0
59.52 0
59.53 0
59.54 0
59.55 0
59.56 0
59.57 0
59.58 0
59.59 0
59.6 0
59.61 0
59.62 0
59.63 0
59.64 0
59.65 0
59.66 0
59.67 0
59.68 0
59.69 0
59.7 0
59.71 0
59.72 0
59.73 0
59.74 0
59.75 0
59.76 0
59.77 0
59.78 0
59.79 0
59.8 0
59.81 0
59.82 0
59.83 0
59.84 0
59.85 0
59.86 0
59.87 0
59.88 0
59.89 0
59.9 0
59.91 0
59.92 0
59.93 0
59.94 0
59.95 0
59.96 0
59.97 0
59.98 0
59.99 0
60 0
60.01 0
60.02 0
60.03 0
60.04 0
60.05 0
60.06 0
60.07 0
60.08 0
60.09 0
60.1 0
60.11 0
60.12 0
60.13 0
60.14 0
60.15 0
60.16 0
60.17 0
60.18 0
60.19 0
60.2 0
60.21 0
60.22 0
60.23 0
60.24 0
60.25 0
60.26 0
60.27 0
60.28 0
60.29 0
60.3 0
60.31 0
60.32 0
60.33 0
60.34 0
60.35 0
60.36 0
60.37 0
60.38 0
60.39 0
60.4 0
60.41 0
60.42 0
60.43 0
60.44 0
60.45 0
60.46 0
60.47 0
60.48 0
60.49 0
60.5 0
60.51 0
60.52 0
60.53 0
60.54 0
60.55 0
60.56 0
60.57 0
60.58 0
60.59 0
60.6 0
60.61 0
60.62 0
60.63 0
60.64 0
60.65 0
60.66 0
60.67 0
60.68 0
60.69 0
60.7 0
60.71 0
60.72 0
60.73 0
60.74 0
60.75 0
60.76 0
60.77 0
60.78 0
60.79 0
60.8 0
60.81 0
60.82 0
60.83 0
60.84 0
60.85 0
60.86 0
60.87 0
60.88 0
60.89 0
60.9 0
60.91 0
60.92 0
60.93 0
60.94 0
60.95 0
60.96 0
60.97 0
60.98 0
60.99 0
61 0
61.01 0
61.02 0
61.03 0
61.04 0
61.05 0
61.06 0
61.07 0
61.08 0
61.09 0
61.1 0
61.11 0
61.12 0
61.13 0
61.14 0
61.15 0
61.16 0
61.17 0
61.18 0
61.19 0
61.2 0
61.21 0
61.22 0
61.23 0
61.24 0
61.25 0
61.26 0
61.27 0
61.28 0
61.29 0
61.3 0
61.31 0
61.32 0
61.33 0
61.34 0
61.35 0
61.36 0
61.37 0
61.38 0
61.39 0
61.4 0
61.41 0
61.42 0
61.43 0
61.44 0
61.45 0
61.46 0
61.47 0
61.48 0
61.49 0
61.5 0
61.51 0
61.52 0
61.53 0
61.54 0
61.55 0
61.56 0
61.57 0
61.58 0
61.59 0
61.6 0
61.61 0
61.62 0
61.63 0
61.64 0
61.65 0
61.66 0
61.67 0
61.68 0
61.69 0
61.7 0
61.71 0
61.72 0
61.73 0
61.74 0
61.75 0
61.76 0
61.77 0
61.78 0
61.79 0
61.8 0
61.81 0
61.82 0
61.83 0
61.84 0
61.85 0
61.86 0
61.87 0
61.88 0
61.89 0
61.9 0
61.91 0
61.92 0
61.93 0
61.94 0
61.95 0
61.96 0
61.97 0
61.98 0
61.99 0
62 0
62.01 0
62.02 0
62.03 0
62.04 0
62.05 0
62.06 0
62.07 0
62.08 0
62.09 0
62.1 0
62.11 0
62.12 0
62.13 0
62.14 0
62.15 0
62.16 0
62.17 0
62.18 0
62.19 0
62.2 0
62.21 0
62.22 0
62.23 0
62.24 0
62.25 0
62.26 0
62.27 0
62.28 0
62.29 0
62.3 0
62.31 0
62.32 0
62.33 0
62.34 0
62.35 0
62.36 0
62.37 0
62.38 0
62.39 0
62.4 0
62.41 0
62.42 0
62.43 0
62.44 0
62.45 0
62.46 0
62.47 0
62.48 0
62.49 0
62.5 0
62.51 0
62.52 0
62.53 0
62.54 0
62.55 0
62.56 0
62.57 0
62.58 0
62.59 0
62.6 0
62.61 0
62.62 0
62.63 0
62.64 0
62.65 0
62.66 0
62.67 0
62.68 0
62.69 0
62.7 0
62.71 0
62.72 0
62.73 0
62.74 0
62.75 0
62.76 0
62.77 0
62.78 0
62.79 0
62.8 0
62.81 0
62.82 0
62.83 0
62.84 0
62.85 0
62.86 0
62.87 0
62.88 0
62.89 0
62.9 0
62.91 0
62.92 0
62.93 0
62.94 0
62.95 0
62.96 0
62.97 0
62.98 0
62.99 0
