0 0
0.01 0
0.02 0
0.03 0
0.04 0
0.05 0
0.06 0
0.07 0
0.08 0
0.09 0
0.1 0
0.11 0
0.12 0
0.13 0
0.14 0
0.15 0
0.16 0
0.17 0
0.18 0
0.19 0
0.2 0
0.21 75
0.22 0
0.23 0
0.24 0
0.25 0
0.26 0
0.27 0
0.28 5
0.29 16
0.3 26
0.31 36
0.32 23
0.33 0
0.34 0
0.35 0
0.36 0
0.37 0
0.38 7
0.39 16
0.4 25
0.41 36
0.42 28
0.43 21
0.44 0
0.45 0
0.46 0
0.47 3
0.48 14
0.49 25
0.5 36
0.51 27
0.52 22
0.53 0
0.54 0
0.55 0
0.56 0
0.57 4
0.58 13
0.59 24
0.6 34
0.61 27
0.62 20
0.63 0
0.64 0
0.65 0
0.66 0
0.67 5
0.68 16
0.69 24
0.7 35
0.71 27
0.72 22
0.73 0
0.74 0
0.75 0
0.76 0
0.77 3
0.78 14
0.79 23
0.8 33
0.81 28
0.82 28
0.83 0
0.84 0
0.85 0
0.86 0
0.87 7
0.88 18
0.89 26
0.9 36
0.91 27
0.92 0
0.93 0
0.94 0
0.95 0
0.96 0
0.97 11
0.98 22
0.99 29
1 38
1.01 28
1.02 0
1.03 0
1.04 0
1.05 0
1.06 0
1.07 7
1.08 17
1.09 28
1.1 40
1.11 28
1.12 15
1.13 0
1.14 0
1.15 0
1.16 0
1.17 3
1.18 17
1.19 27
1.2 36
1.21 28
1.22 26
1.23 0
1.24 5
1.25 30
1.26 31
1.27 25
1.28 0
1.29 0
1.3 0
1.31 10
1.32 33
1.33 49
1.34 29
1.35 17
1.36 0
1.37 0
1.38 6
1.39 26
1.4 45
1.41 27
1.42 21
1.43 0
1.44 0
1.45 14
1.46 32
1.47 27
1.48 22
1.49 0
1.5 0
1.51 0
1.52 6
1.53 27
1.54 42
1.55 28
1.56 24
1.57 0
1.58 0
1.59 0
1.6 6
1.61 20
1.62 37
1.63 27
1.64 6
1.65 0
1.66 0
1.67 0
1.68 1
1.69 16
1.7 29
1.71 44
1.72 28
1.73 3
1.74 0
1.75 0
1.76 0
1.77 10
1.78 24
1.79 38
1.8 28
1.81 27
1.82 0
1.83 0
1.84 0
1.85 0
1.86 13
1.87 27
1.88 41
1.89 27
1.9 20
1.91 0
1.92 0
1.93 0
1.94 7
1.95 21
1.96 34
1.97 28
1.98 26
1.99 3
2 0
2.01 0
2.02 8
2.03 21
2.04 34
2.05 27
2.06 24
2.07 0
2.08 0
2.09 0
2.1 0
2.11 14
2.12 27
2.13 37
2.14 28
2.15 18
2.16 0
2.17 0
2.18 0
2.19 0
2.2 11
2.21 24
2.22 37
2.23 28
2.24 25
2.25 0
2.26 0
2.27 0
2.28 8
2.29 19
2.3 30
2.31 41
2.32 26
2.33 0
2.34 0
2.35 0
2.36 0
2.37 2
2.38 14
2.39 25
2.4 37
2.41 27
2.42 22
2.43 0
2.44 0
2.45 0
2.46 0
2.47 12
2.48 26
2.49 38
2.5 27
2.51 19
2.52 0
2.53 0
2.54 0
2.55 0
2.56 11
2.57 23
2.58 35
2.59 28
2.6 23
2.61 0
2.62 0
2.63 0
2.64 0
2.65 5
2.66 15
2.67 28
2.68 39
2.69 27
2.7 11
2.71 0
2.72 0
2.73 0
2.74 2
2.75 15
2.76 27
2.77 37
2.78 28
2.79 14
2.8 0
2.81 0
2.82 0
2.83 5
2.84 19
2.85 32
2.86 41
2.87 28
2.88 0
2.89 0
2.9 0
2.91 0
2.92 6
2.93 20
2.94 33
2.95 44
2.96 28
2.97 0
2.98 0
2.99 0
3 0
3.01 8
3.02 23
3.03 34
3.04 28
3.05 26
3.06 0
3.07 0
3.08 0
3.09 0
3.1 6
3.11 22
3.12 36
3.13 28
3.14 27
3.15 8
3.16 0
3.17 0
3.18 0
3.19 10
3.2 25
3.21 46
3.22 29
3.23 28
3.24 0
3.25 0
3.26 0
3.27 0
3.28 14
3.29 28
3.3 40
3.31 27
3.32 21
3.33 0
3.34 0
3.35 0
3.36 0
3.37 7
3.38 20
3.39 32
3.4 43
3.41 28
3.42 2
3.43 0
3.44 0
3.45 1
3.46 17
3.47 34
3.48 46
3.49 28
3.5 4
3.51 0
3.52 0
3.53 8
3.54 23
3.55 36
3.56 27
3.57 11
3.58 0
3.59 0
3.6 0
3.61 14
3.62 31
3.63 46
3.64 29
3.65 20
3.66 0
3.67 0
3.68 2
3.69 19
3.7 34
3.71 27
3.72 27
3.73 0
3.74 0
3.75 0
3.76 0
3.77 13
3.78 27
3.79 40
3.8 28
3.81 16
3.82 0
3.83 0
3.84 0
3.85 13
3.86 28
3.87 42
3.88 28
3.89 16
3.9 0
3.91 0
3.92 0
3.93 13
3.94 25
3.95 38
3.96 28
3.97 19
3.98 0
3.99 0
4 0
4.01 1
4.02 15
4.03 28
4.04 39
4.05 28
4.06 10
4.07 0
4.08 0
4.09 0
4.1 0
4.11 6
4.12 20
4.13 32
4.14 42
4.15 28
4.16 0
4.17 0
4.18 0
4.19 0
4.2 4
4.21 19
4.22 34
4.23 52
4.24 28
4.25 6
4.26 0
4.27 7
4.28 28
4.29 47
4.3 26
4.31 9
4.32 0
4.33 0
4.34 4
4.35 25
4.36 39
4.37 28
4.38 22
4.39 0
4.4 0
4.41 0
4.42 16
4.43 35
4.44 28
4.45 24
4.46 0
4.47 0
4.48 2
4.49 21
4.5 38
4.51 27
4.52 22
4.53 0
4.54 0
4.55 0
4.56 17
4.57 34
4.58 28
4.59 20
4.6 0
4.61 0
4.62 0
4.63 1
4.64 19
4.65 38
4.66 28
4.67 23
4.68 0
4.69 0
4.7 0
4.71 0
4.72 15
4.73 34
4.74 48
4.75 28
4.76 5
4.77 0
4.78 0
4.79 0
4.8 17
4.81 31
4.82 44
4.83 28
4.84 7
4.85 0
4.86 5
4.87 23
4.88 37
4.89 27
4.9 22
4.91 0
4.92 0
4.93 0
4.94 0
4.95 12
4.96 26
4.97 41
4.98 28
4.99 22
5 0
5.01 0
5.02 0
5.03 9
5.04 22
5.05 33
5.06 28
5.07 22
5.08 0
5.09 0
5.1 0
5.11 3
5.12 17
5.13 29
5.14 40
5.15 27
5.16 16
5.17 0
5.18 0
5.19 0
5.2 0
5.21 14
5.22 23
5.23 35
5.24 27
5.25 20
5.26 0
5.27 0
5.28 0
5.29 8
5.3 24
5.31 38
5.32 28
5.33 10
5.34 0
5.35 0
5.36 0
5.37 3
5.38 20
5.39 40
5.4 29
5.41 24
5.42 0
5.43 0
5.44 0
5.45 13
5.46 32
5.47 35
5.48 27
5.49 4
5.5 0
5.51 0
5.52 1
5.53 19
5.54 35
5.55 28
5.56 22
5.57 0
5.58 0
5.59 0
5.6 13
5.61 32
5.62 47
5.63 28
5.64 10
5.65 0
5.66 1
5.67 19
5.68 37
5.69 27
5.7 22
5.71 0
5.72 0
5.73 0
5.74 10
5.75 29
5.76 47
5.77 28
5.78 4
5.79 0
5.8 0
5.81 0
5.82 18
5.83 36
5.84 27
5.85 22
5.86 0
5.87 0
5.88 0
5.89 0
5.9 19
5.91 36
5.92 29
5.93 25
5.94 0
5.95 0
5.96 0
5.97 10
5.98 28
5.99 45
6 27
6.01 7
6.02 0
6.03 0
6.04 0
6.05 9
6.06 25
6.07 40
6.08 29
6.09 27
6.1 0
6.11 0
6.12 0
6.13 6
6.14 23
6.15 38
6.16 28
6.17 22
6.18 0
6.19 0
6.2 0
6.21 2
6.22 18
6.23 31
6.24 27
6.25 20
6.26 0
6.27 0
6.28 0
6.29 11
6.3 27
6.31 43
6.32 27
6.33 23
6.34 0
6.35 0
6.36 12
6.37 28
6.38 43
6.39 28
6.4 7
6.41 0
6.42 0
6.43 0
6.44 13
6.45 29
6.46 43
6.47 28
6.48 6
6.49 0
6.5 0
6.51 0
6.52 6
6.53 23
6.54 38
6.55 28
6.56 22
6.57 0
6.58 0
6.59 0
6.6 0
6.61 15
6.62 31
6.63 44
6.64 28
6.65 4
6.66 0
6.67 0
6.68 0
6.69 13
6.7 28
6.71 42
6.72 28
6.73 4
6.74 0
6.75 0
6.76 0
6.77 12
6.78 32
6.79 46
6.8 28
6.81 14
6.82 0
6.83 0
6.84 0
6.85 20
6.86 40
6.87 28
6.88 13
6.89 0
6.9 0
6.91 0
6.92 16
6.93 35
6.94 28
6.95 22
6.96 0
6.97 0
6.98 0
6.99 3
7 22
7.01 38
7.02 29
7.03 20
7.04 4
7.05 4
7.06 24
7.07 39
7.08 26
7.09 13
7.1 0
7.11 0
7.12 0
7.13 19
7.14 36
7.15 28
7.16 24
7.17 0
7.18 0
7.19 0
7.2 8
7.21 26
7.22 41
7.23 28
7.24 21
7.25 0
7.26 0
7.27 17
7.28 41
7.29 26
7.3 21
7.31 0
7.32 0
7.33 8
7.34 32
7.35 27
7.36 22
7.37 5
7.38 0
7.39 0
7.4 19
7.41 45
7.42 27
7.43 26
7.44 0
7.45 0
7.46 0
7.47 22
7.48 40
7.49 28
7.5 24
7.51 0
7.52 0
7.53 2
7.54 25
7.55 46
7.56 28
7.57 25
7.58 0
7.59 0
7.6 6
7.61 28
7.62 45
7.63 27
7.64 26
7.65 0
7.66 0
7.67 5
7.68 26
7.69 44
7.7 27
7.71 19
7.72 0
7.73 0
7.74 0
7.75 23
7.76 41
7.77 28
7.78 25
7.79 0
7.8 0
7.81 0
7.82 13
7.83 31
7.84 42
7.85 27
7.86 5
7.87 0
7.88 0
7.89 18
7.9 39
7.91 26
7.92 21
7.93 0
7.94 0
7.95 11
7.96 33
7.97 28
7.98 23
7.99 0
8 0
8.01 0
8.02 7
8.03 30
8.04 45
8.05 28
8.06 10
8.07 0
8.08 0
8.09 7
8.1 28
8.11 43
8.12 27
8.13 6
8.14 0
8.15 0
8.16 0
8.17 15
8.18 31
8.19 44
8.2 27
8.21 3
8.22 0
8.23 0
8.24 0
8.25 17
8.26 33
8.27 46
8.28 28
8.29 1
8.3 0
8.31 0
8.32 19
8.33 39
8.34 27
8.35 26
8.36 0
8.37 0
8.38 0
8.39 15
8.4 32
8.41 33
8.42 25
8.43 0
8.44 0
8.45 0
8.46 8
8.47 27
8.48 38
8.49 28
8.5 10
8.51 0
8.52 0
8.53 0
8.54 0
8.55 16
8.56 32
8.57 50
8.58 30
8.59 6
8.6 0
8.61 0
8.62 0
8.63 15
8.64 31
8.65 43
8.66 28
8.67 13
8.68 0
8.69 0
8.7 3
8.71 25
8.72 38
8.73 28
8.74 22
8.75 0
8.76 0
8.77 0
8.78 7
8.79 21
8.8 32
8.81 27
8.82 28
8.83 0
8.84 0
8.85 0
8.86 8
8.87 21
8.88 33
8.89 26
8.9 24
8.91 0
8.92 0
8.93 0
8.94 7
8.95 23
8.96 39
8.97 28
8.98 25
8.99 0
9 0
9.01 0
9.02 2
9.03 20
9.04 32
9.05 29
9.06 24
9.07 0
9.08 0
9.09 0
9.1 0
9.11 13
9.12 31
9.13 45
9.14 29
9.15 1
9.16 0
9.17 0
9.18 0
9.19 16
9.2 33
9.21 42
9.22 29
9.23 3
9.24 0
9.25 0
9.26 0
9.27 14
9.28 34
9.29 30
9.3 28
9.31 5
9.32 0
9.33 0
9.34 8
9.35 29
9.36 44
9.37 27
9.38 6
9.39 0
9.4 0
9.41 0
9.42 21
9.43 41
9.44 28
9.45 21
9.46 0
9.47 0
9.48 0
9.49 8
9.5 27
9.51 42
9.52 28
9.53 11
9.54 0
9.55 0
9.56 0
9.57 8
9.58 27
9.59 49
9.6 29
9.61 13
9.62 0
9.63 0
9.64 4
9.65 19
9.66 33
9.67 27
9.68 23
9.69 0
9.7 0
9.71 0
9.72 3
9.73 21
9.74 38
9.75 29
9.76 28
9.77 0
9.78 0
9.79 0
9.8 6
9.81 21
9.82 35
9.83 28
9.84 25
9.85 5
9.86 0
9.87 0
9.88 11
9.89 26
9.9 41
9.91 27
9.92 20
9.93 0
9.94 0
9.95 0
9.96 14
9.97 30
9.98 43
9.99 28
10 8
10.01 0
10.02 0
10.03 0
10.04 6
10.05 18
10.06 31
10.07 41
10.08 28
10.09 0
10.1 0
10.11 0
10.12 0
10.13 3
10.14 17
10.15 31
10.16 45
10.17 29
10.18 11
10.19 0
10.2 0
10.21 0
10.22 3
10.23 19
10.24 32
10.25 44
10.26 28
10.27 0
10.28 0
10.29 0
10.3 0
10.31 10
10.32 23
10.33 35
10.34 27
10.35 26
10.36 0
10.37 0
10.38 0
10.39 5
10.4 22
10.41 39
10.42 28
10.43 18
10.44 4
10.45 0
10.46 0
10.47 19
10.48 33
10.49 27
10.5 19
10.51 0
10.52 0
10.53 0
10.54 11
10.55 31
10.56 48
10.57 28
10.58 12
10.59 0
10.6 0
10.61 8
10.62 33
10.63 34
10.64 28
10.65 16
10.66 0
10.67 0
10.68 17
10.69 41
10.7 27
10.71 26
10.72 0
10.73 0
10.74 0
10.75 19
10.76 42
10.77 28
10.78 24
10.79 0
10.8 0
10.81 0
10.82 21
10.83 40
10.84 28
10.85 27
10.86 0
10.87 0
10.88 0
10.89 11
10.9 30
10.91 44
10.92 27
10.93 16
10.94 0
10.95 0
10.96 5
10.97 24
10.98 42
10.99 27
11 15
11.01 0
11.02 0
11.03 0
11.04 19
11.05 37
11.06 28
11.07 18
11.08 0
11.09 0
11.1 0
11.11 9
11.12 24
11.13 42
11.14 28
11.15 10
11.16 0
11.17 0
11.18 0
11.19 12
11.2 30
11.21 45
11.22 27
11.23 18
11.24 0
11.25 0
11.26 0
11.27 16
11.28 34
11.29 34
11.3 27
11.31 0
11.32 0
11.33 0
11.34 0
11.35 15
11.36 32
11.37 45
11.38 28
11.39 4
11.4 0
11.41 0
11.42 0
11.43 17
11.44 39
11.45 29
11.46 18
11.47 1
11.48 0
11.49 8
11.5 25
11.51 42
11.52 27
11.53 11
11.54 0
11.55 0
11.56 0
11.57 10
11.58 29
11.59 45
11.6 27
11.61 12
11.62 0
11.63 0
11.64 0
11.65 18
11.66 35
11.67 28
11.68 27
11.69 0
11.7 0
11.71 0
11.72 13
11.73 30
11.74 46
11.75 28
11.76 16
11.77 0
11.78 0
11.79 13
11.8 30
11.81 42
11.82 27
11.83 7
11.84 0
11.85 0
11.86 5
11.87 24
11.88 40
11.89 29
11.9 11
11.91 0
11.92 0
11.93 0
11.94 17
11.95 35
11.96 27
11.97 15
11.98 0
11.99 0
12 1
12.01 21
12.02 43
12.03 28
12.04 24
12.05 0
12.06 0
12.07 0
12.08 25
12.09 46
12.1 27
12.11 20
12.12 0
12.13 0
12.14 7
12.15 30
12.16 47
12.17 27
12.18 1
12.19 0
12.2 0
12.21 10
12.22 33
12.23 37
12.24 27
12.25 0
12.26 0
12.27 0
12.28 8
12.29 27
12.3 42
12.31 28
12.32 7
12.33 0
12.34 0
12.35 0
12.36 15
12.37 32
12.38 48
12.39 29
12.4 16
12.41 0
12.42 0
12.43 0
12.44 16
12.45 32
12.46 43
12.47 28
12.48 6
12.49 0
12.5 0
12.51 5
12.52 23
12.53 39
12.54 27
12.55 17
12.56 0
12.57 0
12.58 0
12.59 14
12.6 31
12.61 42
12.62 28
12.63 1
12.64 0
12.65 0
12.66 3
12.67 22
12.68 38
12.69 28
12.7 16
12.71 0
12.72 0
12.73 0
12.74 6
12.75 23
12.76 40
12.77 28
12.78 16
12.79 0
12.8 0
12.81 0
12.82 18
12.83 35
12.84 28
12.85 20
12.86 3
12.87 0
12.88 0
12.89 13
12.9 32
12.91 26
12.92 27
12.93 0
12.94 0
12.95 0
12.96 5
12.97 23
12.98 38
12.99 27
13 25
13.01 0
13.02 0
13.03 0
13.04 20
13.05 37
13.06 28
13.07 24
13.08 0
13.09 0
13.1 0
13.11 9
13.12 30
13.13 46
13.14 28
13.15 23
13.16 0
13.17 0
13.18 10
13.19 27
13.2 44
13.21 27
13.22 14
13.23 0
13.24 0
13.25 10
13.26 31
13.27 46
13.28 27
13.29 0
13.3 0
13.31 0
13.32 9
13.33 31
13.34 49
13.35 29
13.36 21
13.37 0
13.38 0
13.39 5
13.4 32
13.41 48
13.42 28
13.43 15
13.44 0
13.45 0
13.46 10
13.47 31
13.48 43
13.49 27
13.5 0
13.51 0
13.52 0
13.53 6
13.54 27
13.55 41
13.56 28
13.57 21
13.58 0
13.59 0
13.6 0
13.61 19
13.62 39
13.63 28
13.64 15
13.65 0
13.66 0
13.67 0
13.68 11
13.69 28
13.7 47
13.71 29
13.72 20
13.73 0
13.74 0
13.75 0
13.76 7
13.77 21
13.78 35
13.79 26
13.8 8
13.81 0
13.82 0
13.83 0
13.84 2
13.85 20
13.86 37
13.87 28
13.88 22
13.89 0
13.9 0
13.91 0
13.92 6
13.93 26
13.94 42
13.95 28
13.96 26
13.97 0
13.98 0
13.99 0
14 7
14.01 27
14.02 44
14.03 28
14.04 17
14.05 0
14.06 0
14.07 0
14.08 16
14.09 32
14.1 46
14.11 28
14.12 0
14.13 0
14.14 0
14.15 14
14.16 33
14.17 26
14.18 15
14.19 0
14.2 0
14.21 0
14.22 10
14.23 32
14.24 51
14.25 28
14.26 14
14.27 0
14.28 0
14.29 3
14.3 26
14.31 39
14.32 27
14.33 15
14.34 0
14.35 0
14.36 4
14.37 27
14.38 46
14.39 29
14.4 17
14.41 0
14.42 0
14.43 9
14.44 29
14.45 44
14.46 26
14.47 12
14.48 0
14.49 0
14.5 9
14.51 32
14.52 43
14.53 28
14.54 11
14.55 0
14.56 0
14.57 13
14.58 37
14.59 28
14.6 24
14.61 0
14.62 0
14.63 0
14.64 26
14.65 51
14.66 29
14.67 28
14.68 0
14.69 0
14.7 13
14.71 34
14.72 27
14.73 25
14.74 0
14.75 0
14.76 0
14.77 6
14.78 25
14.79 42
14.8 28
14.81 8
14.82 0
14.83 0
14.84 0
14.85 8
14.86 24
14.87 39
14.88 29
14.89 24
14.9 0
14.91 0
14.92 0
14.93 0
14.94 14
14.95 30
14.96 45
14.97 28
14.98 0
14.99 0
15 0
15.01 0
15.02 7
15.03 21
15.04 34
15.05 28
15.06 28
15.07 0
15.08 0
15.09 0
15.1 0
15.11 10
15.12 24
15.13 37
15.14 29
15.15 18
15.16 0
15.17 0
15.18 0
15.19 13
15.2 27
15.21 39
15.22 27
15.23 13
15.24 0
15.25 0
15.26 0
15.27 6
15.28 22
15.29 36
15.3 28
15.31 26
15.32 0
15.33 0
15.34 0
15.35 8
15.36 23
15.37 36
15.38 28
15.39 23
15.4 0
15.41 0
15.42 0
15.43 0
15.44 16
15.45 31
15.46 45
15.47 28
15.48 16
15.49 0
15.5 0
15.51 0
15.52 8
15.53 27
15.54 45
15.55 28
15.56 13
15.57 0
15.58 0
15.59 12
15.6 28
15.61 43
15.62 27
15.63 16
15.64 0
15.65 0
15.66 0
15.67 21
15.68 42
15.69 28
15.7 20
15.71 0
15.72 0
15.73 0
15.74 24
15.75 45
15.76 28
15.77 21
15.78 0
15.79 0
15.8 10
15.81 34
15.82 27
15.83 21
15.84 0
15.85 0
15.86 1
15.87 20
15.88 41
15.89 27
15.9 22
15.91 0
15.92 0
15.93 0
15.94 20
15.95 36
15.96 27
15.97 23
15.98 0
15.99 0
16 0
16.01 8
16.02 27
16.03 44
16.04 28
16.05 18
16.06 0
16.07 0
16.08 0
16.09 10
16.1 28
16.11 44
16.12 28
16.13 15
16.14 0
16.15 0
16.16 8
16.17 25
16.18 39
16.19 27
16.2 17
16.21 0
16.22 0
16.23 0
16.24 15
16.25 32
16.26 44
16.27 28
16.28 15
16.29 0
16.3 0
16.31 0
16.32 17
16.33 33
16.34 45
16.35 28
16.36 0
16.37 0
16.38 0
16.39 0
16.4 11
16.41 28
16.42 39
16.43 28
16.44 6
16.45 0
16.46 0
16.47 0
16.48 8
16.49 25
16.5 41
16.51 28
16.52 17
16.53 0
16.54 0
16.55 0
16.56 17
16.57 32
16.58 32
16.59 26
16.6 0
16.61 0
16.62 1
16.63 20
16.64 40
16.65 28
16.66 22
16.67 0
16.68 0
16.69 0
16.7 13
16.71 35
16.72 30
16.73 28
16.74 0
16.75 0
16.76 0
16.77 15
16.78 37
16.79 27
16.8 28
16.81 0
16.82 0
16.83 0
16.84 24
16.85 43
16.86 27
16.87 20
16.88 0
16.89 0
16.9 14
16.91 40
16.92 29
16.93 27
16.94 4
16.95 0
16.96 8
16.97 27
16.98 42
16.99 27
17 11
17.01 0
17.02 0
17.03 10
17.04 27
17.05 46
17.06 26
17.07 14
17.08 0
17.09 0
17.1 0
17.11 17
17.12 34
17.13 28
17.14 23
17.15 1
17.16 0
17.17 0
17.18 0
17.19 10
17.2 27
17.21 42
17.22 28
17.23 8
17.24 0
17.25 0
17.26 0
17.27 3
17.28 20
17.29 34
17.3 28
17.31 26
17.32 0
17.33 0
17.34 0
17.35 0
17.36 7
17.37 24
17.38 37
17.39 28
17.4 28
17.41 0
17.42 0
17.43 0
17.44 0
17.45 18
17.46 31
17.47 44
17.48 29
17.49 22
17.5 0
17.51 0
17.52 6
17.53 20
17.54 30
17.55 41
17.56 26
17.57 0
17.58 0
17.59 0
17.6 0
17.61 4
17.62 16
17.63 29
17.64 39
17.65 27
17.66 13
17.67 0
17.68 0
17.69 0
17.7 0
17.71 10
17.72 22
17.73 32
17.74 38
17.75 27
17.76 0
17.77 0
17.78 0
17.79 0
17.8 10
17.81 23
17.82 37
17.83 28
17.84 22
17.85 0
17.86 0
17.87 0
17.88 7
17.89 22
17.9 35
17.91 28
17.92 24
17.93 0
17.94 0
17.95 0
17.96 6
17.97 20
17.98 37
17.99 28
18 18
18.01 0
18.02 0
18.03 0
18.04 7
18.05 23
18.06 41
18.07 28
18.08 5
18.09 0
18.1 0
18.11 2
18.12 18
18.13 39
18.14 28
18.15 27
18.16 0
18.17 0
18.18 0
18.19 9
18.2 25
18.21 39
18.22 27
18.23 18
18.24 0
18.25 0
18.26 0
18.27 5
18.28 19
18.29 33
18.3 30
18.31 27
18.32 0
18.33 0
18.34 0
18.35 0
18.36 12
18.37 27
18.38 39
18.39 27
18.4 10
18.41 0
18.42 0
18.43 0
18.44 3
18.45 17
18.46 30
18.47 41
18.48 28
18.49 0
18.5 0
18.51 0
18.52 0
18.53 12
18.54 26
18.55 36
18.56 28
18.57 20
18.58 0
18.59 0
18.6 0
18.61 6
18.62 20
18.63 31
18.64 40
18.65 28
18.66 0
18.67 0
18.68 0
18.69 0
18.7 3
18.71 17
18.72 30
18.73 40
18.74 29
18.75 12
18.76 0
18.77 0
18.78 0
18.79 5
18.8 23
18.81 35
18.82 28
18.83 21
18.84 0
18.85 0
18.86 0
18.87 0
18.88 11
18.89 24
18.9 36
18.91 28
18.92 24
18.93 0
18.94 0
18.95 0
18.96 0
18.97 10
18.98 25
18.99 37
19 28
19.01 6
19.02 0
19.03 0
19.04 0
19.05 12
19.06 28
19.07 43
19.08 29
19.09 21
19.1 0
19.11 0
19.12 1
19.13 20
19.14 35
19.15 26
19.16 21
19.17 0
19.18 0
19.19 0
19.2 13
19.21 29
19.22 47
19.23 28
19.24 14
19.25 0
19.26 0
19.27 0
19.28 19
19.29 35
19.3 28
19.31 27
19.32 7
19.33 0
19.34 0
19.35 2
19.36 21
19.37 35
19.38 27
19.39 24
19.4 0
19.41 0
19.42 0
19.43 8
19.44 22
19.45 36
19.46 28
19.47 17
19.48 0
19.49 0
19.5 0
19.51 4
19.52 23
19.53 38
19.54 27
19.55 19
19.56 0
19.57 0
19.58 0
19.59 17
19.6 30
19.61 46
19.62 28
19.63 9
19.64 0
19.65 0
19.66 6
19.67 25
19.68 45
19.69 28
19.7 24
19.71 0
19.72 0
19.73 0
19.74 14
19.75 31
19.76 34
19.77 26
19.78 9
19.79 0
19.8 0
19.81 0
19.82 20
19.83 38
19.84 28
19.85 23
19.86 0
19.87 0
19.88 0
19.89 3
19.9 21
19.91 35
19.92 27
19.93 22
19.94 11
19.95 0
19.96 0
19.97 9
19.98 26
19.99 41
20 27
20.01 24
20.02 0
20.03 0
20.04 0
20.05 8
20.06 24
20.07 35
20.08 27
20.09 22
20.1 0
20.11 0
20.12 0
20.13 0
20.14 12
20.15 31
20.16 45
20.17 29
20.18 23
20.19 0
20.2 0
20.21 0
20.22 9
20.23 27
20.24 43
20.25 28
20.26 14
20.27 0
20.28 0
20.29 0
20.3 19
20.31 37
20.32 28
20.33 20
20.34 0
20.35 0
20.36 0
20.37 8
20.38 25
20.39 40
20.4 28
20.41 13
20.42 0
20.43 0
20.44 0
20.45 0
20.46 15
20.47 28
20.48 40
20.49 29
20.5 10
20.51 0
20.52 0
20.53 0
20.54 7
20.55 20
20.56 35
20.57 30
20.58 29
20.59 0
20.6 0
20.61 0
20.62 0
20.63 13
20.64 28
20.65 40
20.66 28
20.67 26
20.68 0
20.69 0
20.7 0
20.71 3
20.72 18
20.73 31
20.74 42
20.75 27
20.76 2
20.77 0
20.78 0
20.79 0
20.8 8
20.81 21
20.82 32
20.83 28
20.84 17
20.85 0
20.86 0
20.87 0
20.88 0
20.89 14
20.9 24
20.91 36
20.92 28
20.93 12
20.94 0
20.95 0
20.96 0
20.97 3
20.98 19
20.99 31
21 44
21.01 27
21.02 0
21.03 0
21.04 0
21.05 0
21.06 10
21.07 25
21.08 39
21.09 28
21.1 28
21.11 0
21.12 0
21.13 0
21.14 0
21.15 12
21.16 28
21.17 44
21.18 29
21.19 18
21.2 0
21.21 0
21.22 0
21.23 4
21.24 23
21.25 35
21.26 28
21.27 14
21.28 0
21.29 0
21.3 0
21.31 0
21.32 19
21.33 37
21.34 29
21.35 25
21.36 5
21.37 0
21.38 0
21.39 5
21.4 23
21.41 44
21.42 28
21.43 9
21.44 0
21.45 0
21.46 0
21.47 6
21.48 23
21.49 38
21.5 28
21.51 22
21.52 0
21.53 0
21.54 0
21.55 0
21.56 14
21.57 32
21.58 47
21.59 27
21.6 0
21.61 0
21.62 0
21.63 4
21.64 19
21.65 36
21.66 28
21.67 22
21.68 0
21.69 0
21.7 0
21.71 0
21.72 11
21.73 26
21.74 36
21.75 28
21.76 14
21.77 0
21.78 0
21.79 0
21.8 0
21.81 13
21.82 26
21.83 41
21.84 28
21.85 20
21.86 0
21.87 0
21.88 0
21.89 7
21.9 19
21.91 31
21.92 43
21.93 27
21.94 0
21.95 0
21.96 0
21.97 0
21.98 0
21.99 10
22 24
22.01 38
22.02 29
22.03 24
22.04 0
22.05 0
22.06 0
22.07 0
22.08 8
22.09 22
22.1 35
22.11 28
22.12 24
22.13 0
22.14 0
22.15 0
22.16 0
22.17 5
22.18 18
22.19 31
22.2 42
22.21 28
22.22 0
22.23 0
22.24 0
22.25 0
22.26 5
22.27 21
22.28 38
22.29 29
22.3 24
22.31 0
22.32 0
22.33 0
22.34 8
22.35 25
22.36 41
22.37 27
22.38 19
22.39 0
22.4 0
22.41 0
22.42 8
22.43 27
22.44 46
22.45 28
22.46 20
22.47 0
22.48 0
22.49 0
22.5 12
22.51 29
22.52 42
22.53 28
22.54 0
22.55 0
22.56 0
22.57 0
22.58 13
22.59 29
22.6 47
22.61 28
22.62 12
22.63 0
22.64 0
22.65 0
22.66 17
22.67 31
22.68 42
22.69 28
22.7 1
22.71 0
22.72 0
22.73 0
22.74 6
22.75 18
22.76 31
22.77 44
22.78 29
22.79 9
22.8 0
22.81 0
22.82 0
22.83 4
22.84 20
22.85 39
22.86 28
22.87 28
22.88 0
22.89 0
22.9 2
22.91 19
22.92 32
22.93 40
22.94 26
22.95 0
22.96 0
22.97 0
22.98 3
22.99 18
23 33
23.01 34
23.02 27
23.03 6
23.04 0
23.05 0
23.06 1
23.07 21
23.08 38
23.09 27
23.1 19
23.11 0
23.12 0
23.13 0
23.14 13
23.15 30
23.16 45
23.17 27
23.18 16
23.19 0
23.2 0
23.21 0
23.22 17
23.23 33
23.24 43
23.25 28
23.26 5
23.27 0
23.28 0
23.29 0
23.3 15
23.31 30
23.32 46
23.33 28
23.34 13
23.35 0
23.36 0
23.37 6
23.38 23
23.39 41
23.4 28
23.41 13
23.42 0
23.43 0
23.44 0
23.45 7
23.46 26
23.47 41
23.48 27
23.49 18
23.5 0
23.51 0
23.52 0
23.53 13
23.54 34
23.55 28
23.56 25
23.57 0
23.58 0
23.59 0
23.6 9
23.61 28
23.62 47
23.63 28
23.64 17
23.65 0
23.66 0
23.67 7
23.68 24
23.69 43
23.7 27
23.71 14
23.72 0
23.73 0
23.74 0
23.75 3
23.76 15
23.77 26
23.78 39
23.79 28
23.8 14
23.81 0
23.82 0
23.83 0
23.84 5
23.85 20
23.86 32
23.87 46
23.88 28
23.89 0
23.9 0
23.91 0
23.92 0
23.93 14
23.94 28
23.95 43
23.96 29
23.97 3
23.98 0
23.99 0
24 0
24.01 16
24.02 32
24.03 44
24.04 28
24.05 17
24.06 0
24.07 8
24.08 20
24.09 36
24.1 27
24.11 15
24.12 0
24.13 0
24.14 0
24.15 8
24.16 22
24.17 34
24.18 28
24.19 20
24.2 0
24.21 0
24.22 0
24.23 0
24.24 10
24.25 21
24.26 33
24.27 27
24.28 20
24.29 0
24.3 0
24.31 0
24.32 0
24.33 18
24.34 33
24.35 46
24.36 27
24.37 0
24.38 0
24.39 0
24.4 0
24.41 17
24.42 33
24.43 47
24.44 28
24.45 17
24.46 0
24.47 0
24.48 1
24.49 14
24.5 29
24.51 44
24.52 28
24.53 7
24.54 0
24.55 0
24.56 13
24.57 30
24.58 44
24.59 27
24.6 0
24.61 0
24.62 0
24.63 2
24.64 27
24.65 40
24.66 27
24.67 13
24.68 0
24.69 0
24.7 0
24.71 21
24.72 42
24.73 28
24.74 28
24.75 0
24.76 0
24.77 0
24.78 17
24.79 38
24.8 28
24.81 21
24.82 0
24.83 0
24.84 0
24.85 14
24.86 34
24.87 28
24.88 28
24.89 8
24.9 0
24.91 0
24.92 5
24.93 22
24.94 33
24.95 27
24.96 22
24.97 0
24.98 0
24.99 0
25 4
25.01 22
25.02 38
25.03 28
25.04 22
25.05 0
25.06 0
25.07 0
25.08 3
25.09 22
25.1 39
25.11 29
25.12 22
25.13 0
25.14 0
25.15 0
25.16 16
25.17 35
25.18 30
25.19 23
25.2 2
25.21 0
25.22 2
25.23 19
25.24 35
25.25 27
25.26 27
25.27 0
25.28 0
25.29 0
25.3 11
25.31 29
25.32 46
25.33 28
25.34 10
25.35 0
25.36 0
25.37 12
25.38 33
25.39 35
25.4 27
25.41 11
25.42 0
25.43 0
25.44 1
25.45 22
25.46 36
25.47 27
25.48 20
25.49 0
25.5 0
25.51 0
25.52 11
25.53 30
25.54 47
25.55 29
25.56 20
25.57 0
25.58 0
25.59 0
25.6 16
25.61 36
25.62 28
25.63 24
25.64 0
25.65 0
25.66 0
25.67 12
25.68 27
25.69 43
25.7 27
25.71 9
25.72 0
25.73 0
25.74 6
25.75 31
25.76 48
25.77 28
25.78 10
25.79 0
25.8 0
25.81 12
25.82 41
25.83 29
25.84 29
25.85 0
25.86 0
25.87 0
25.88 13
25.89 38
25.9 28
25.91 23
25.92 0
25.93 0
25.94 0
25.95 16
25.96 24
25.97 39
25.98 27
25.99 11
26 0
26.01 0
26.02 0
26.03 18
26.04 33
26.05 27
26.06 24
26.07 0
26.08 0
26.09 0
26.1 5
26.11 25
26.12 41
26.13 27
26.14 16
26.15 0
26.16 0
26.17 0
26.18 6
26.19 26
26.2 41
26.21 29
26.22 21
26.23 0
26.24 0
26.25 0
26.26 12
26.27 28
26.28 44
26.29 28
26.3 22
26.31 0
26.32 0
26.33 1
26.34 18
26.35 32
26.36 31
26.37 26
26.38 1
26.39 0
26.4 0
26.41 7
26.42 23
26.43 35
26.44 27
26.45 18
26.46 0
26.47 0
26.48 0
26.49 5
26.5 22
26.51 35
26.52 28
26.53 25
26.54 0
26.55 0
26.56 0
26.57 8
26.58 25
26.59 41
26.6 28
26.61 23
26.62 0
26.63 0
26.64 0
26.65 9
26.66 24
26.67 37
26.68 28
26.69 28
26.7 0
26.71 0
26.72 0
26.73 12
26.74 26
26.75 41
26.76 28
26.77 17
26.78 0
26.79 0
26.8 0
26.81 11
26.82 24
26.83 40
26.84 28
26.85 23
26.86 0
26.87 0
26.88 0
26.89 10
26.9 27
26.91 43
26.92 27
26.93 19
26.94 0
26.95 0
26.96 0
26.97 10
26.98 26
26.99 38
27 28
27.01 16
27.02 0
27.03 0
27.04 0
27.05 8
27.06 24
27.07 41
27.08 28
27.09 17
27.1 0
27.11 0
27.12 0
27.13 12
27.14 31
27.15 43
27.16 28
27.17 17
27.18 0
27.19 0
27.2 5
27.21 25
27.22 41
27.23 28
27.24 25
27.25 0
27.26 0
27.27 0
27.28 10
27.29 26
27.3 41
27.31 28
27.32 28
27.33 0
27.34 0
27.35 0
27.36 0
27.37 13
27.38 27
27.39 38
27.4 28
27.41 21
27.42 0
27.43 0
27.44 0
27.45 0
27.46 17
27.47 28
27.48 42
27.49 28
27.5 8
27.51 0
27.52 0
27.53 0
27.54 2
27.55 17
27.56 27
27.57 42
27.58 28
27.59 16
27.6 0
27.61 0
27.62 6
27.63 19
27.64 33
27.65 28
27.66 19
27.67 0
27.68 0
27.69 0
27.7 7
27.71 22
27.72 33
27.73 26
27.74 23
27.75 0
27.76 0
27.77 0
27.78 0
27.79 14
27.8 30
27.81 46
27.82 28
27.83 22
27.84 0
27.85 0
27.86 0
27.87 18
27.88 32
27.89 28
27.9 25
27.91 0
27.92 0
27.93 3
27.94 22
27.95 40
27.96 27
27.97 14
27.98 0
27.99 0
28 1
28.01 22
28.02 42
28.03 29
28.04 17
28.05 0
28.06 0
28.07 0
28.08 19
28.09 36
28.1 28
28.11 24
28.12 0
28.13 0
28.14 0
28.15 13
28.16 34
28.17 29
28.18 28
28.19 0
28.2 0
28.21 0
28.22 13
28.23 34
28.24 28
28.25 21
28.26 0
28.27 0
28.28 2
28.29 19
28.3 39
28.31 28
28.32 19
28.33 0
28.34 0
28.35 0
28.36 14
28.37 31
28.38 49
28.39 28
28.4 9
28.41 0
28.42 0
28.43 9
28.44 29
28.45 47
28.46 28
28.47 14
28.48 0
28.49 0
28.5 0
28.51 18
28.52 35
28.53 28
28.54 26
28.55 0
28.56 0
28.57 0
28.58 6
28.59 24
28.6 41
28.61 28
28.62 11
28.63 0
28.64 0
28.65 0
28.66 16
28.67 30
28.68 43
28.69 27
28.7 14
28.71 0
28.72 0
28.73 0
28.74 4
28.75 18
28.76 30
28.77 43
28.78 27
28.79 0
28.8 0
28.81 0
28.82 2
28.83 18
28.84 33
28.85 46
28.86 29
28.87 18
28.88 0
28.89 0
28.9 0
28.91 11
28.92 28
28.93 41
28.94 28
28.95 15
28.96 0
28.97 0
28.98 6
28.99 25
29 42
29.01 27
29.02 5
29.03 0
29.04 0
29.05 0
29.06 19
29.07 35
29.08 27
29.09 27
29.1 0
29.11 0
29.12 0
29.13 8
29.14 26
29.15 43
29.16 28
29.17 22
29.18 0
29.19 0
29.2 12
29.21 31
29.22 27
29.23 27
29.24 8
29.25 0
29.26 0
29.27 11
29.28 33
29.29 32
29.3 26
29.31 13
29.32 0
29.33 0
29.34 12
29.35 27
29.36 42
29.37 26
29.38 0
29.39 0
29.4 0
29.41 2
29.42 20
29.43 36
29.44 28
29.45 24
29.46 0
29.47 0
29.48 0
29.49 20
29.5 42
29.51 28
29.52 25
29.53 0
29.54 0
29.55 5
29.56 30
29.57 45
29.58 26
29.59 21
29.6 0
29.61 0
29.62 25
29.63 42
29.64 28
29.65 23
29.66 0
29.67 0
29.68 0
29.69 26
29.7 47
29.71 28
29.72 18
29.73 0
29.74 0
29.75 6
29.76 27
29.77 43
29.78 28
29.79 23
29.8 0
29.81 0
29.82 0
29.83 7
29.84 23
29.85 40
29.86 27
29.87 12
29.88 0
29.89 0
29.9 0
29.91 7
29.92 26
29.93 36
29.94 28
29.95 19
29.96 0
29.97 0
29.98 0
29.99 2
30 20
30.01 33
30.02 45
30.03 28
30.04 0
30.05 0
30.06 0
30.07 1
30.08 20
30.09 33
30.1 45
30.11 29
30.12 0
30.13 0
30.14 0
30.15 0
30.16 16
30.17 33
30.18 36
30.19 28
30.2 0
30.21 0
30.22 0
30.23 0
30.24 22
30.25 37
30.26 28
30.27 23
30.28 0
30.29 0
30.3 0
30.31 18
30.32 39
30.33 28
30.34 27
30.35 0
30.36 0
30.37 0
30.38 8
30.39 28
30.4 39
30.41 27
30.42 9
30.43 0
30.44 0
30.45 0
30.46 14
30.47 30
30.48 46
30.49 28
30.5 8
30.51 0
30.52 0
30.53 0
30.54 19
30.55 34
30.56 32
30.57 25
30.58 0
30.59 0
30.6 7
30.61 28
30.62 48
30.63 27
30.64 25
30.65 0
30.66 0
30.67 5
30.68 27
30.69 43
30.7 27
30.71 18
30.72 0
30.73 0
30.74 1
30.75 25
30.76 44
30.77 28
30.78 15
30.79 0
30.8 0
30.81 8
30.82 33
30.83 28
30.84 23
30.85 0
30.86 0
30.87 0
30.88 24
30.89 45
30.9 27
30.91 22
30.92 0
30.93 5
30.94 23
30.95 42
30.96 26
30.97 16
30.98 0
30.99 0
31 0
31.01 13
31.02 31
31.03 46
31.04 28
31.05 16
31.06 0
31.07 0
31.08 1
31.09 17
31.1 30
31.11 34
31.12 28
31.13 1
31.14 0
31.15 0
31.16 0
31.17 13
31.18 28
31.19 44
31.2 27
31.21 10
31.22 0
31.23 0
31.24 0
31.25 6
31.26 24
31.27 39
31.28 29
31.29 23
31.3 0
31.31 0
31.32 0
31.33 1
31.34 17
31.35 33
31.36 44
31.37 28
31.38 0
31.39 0
31.4 0
31.41 0
31.42 24
31.43 40
31.44 28
31.45 11
31.46 0
31.47 0
31.48 0
31.49 14
31.5 33
31.51 45
31.52 29
31.53 9
31.54 0
31.55 0
31.56 0
31.57 17
31.58 35
31.59 27
31.6 19
31.61 0
31.62 0
31.63 0
31.64 11
31.65 29
31.66 46
31.67 28
31.68 10
31.69 0
31.7 0
31.71 5
31.72 23
31.73 42
31.74 28
31.75 28
31.76 0
31.77 0
31.78 0
31.79 19
31.8 38
31.81 28
31.82 22
31.83 0
31.84 0
31.85 0
31.86 22
31.87 43
31.88 28
31.89 24
31.9 0
31.91 0
31.92 1
31.93 27
31.94 48
31.95 27
31.96 23
31.97 0
31.98 0
31.99 21
32 41
32.01 26
32.02 22
32.03 0
32.04 0
32.05 0
32.06 22
32.07 43
32.08 27
32.09 18
32.1 0
32.11 0
32.12 0
32.13 18
32.14 37
32.15 28
32.16 27
32.17 0
32.18 0
32.19 0
32.2 20
32.21 41
32.22 27
32.23 18
32.24 0
32.25 0
32.26 0
32.27 16
32.28 29
32.29 44
32.3 28
32.31 0
32.32 0
32.33 0
32.34 5
32.35 23
32.36 39
32.37 27
32.38 24
32.39 0
32.4 0
32.41 0
32.42 6
32.43 21
32.44 35
32.45 28
32.46 27
32.47 0
32.48 0
32.49 0
32.5 0
32.51 11
32.52 25
32.53 37
32.54 28
32.55 0
32.56 0
32.57 0
32.58 0
32.59 7
32.6 24
32.61 37
32.62 28
32.63 18
32.64 0
32.65 0
32.66 0
32.67 0
32.68 15
32.69 27
32.7 41
32.71 28
32.72 7
32.73 0
32.74 0
32.75 1
32.76 18
32.77 32
32.78 38
32.79 28
32.8 2
32.81 0
32.82 0
32.83 0
32.84 16
32.85 33
32.86 45
32.87 28
32.88 9
32.89 0
32.9 0
32.91 0
32.92 19
32.93 37
32.94 28
32.95 24
32.96 0
32.97 0
32.98 0
32.99 11
33 31
33.01 47
33.02 28
33.03 0
33.04 0
33.05 0
33.06 1
33.07 18
33.08 37
33.09 28
33.1 14
33.11 0
33.12 0
33.13 0
33.14 7
33.15 26
33.16 45
33.17 27
33.18 10
33.19 0
33.2 0
33.21 0
33.22 12
33.23 32
33.24 47
33.25 28
33.26 10
33.27 0
33.28 0
33.29 1
33.3 25
33.31 42
33.32 28
33.33 19
33.34 0
33.35 0
33.36 0
33.37 13
33.38 33
33.39 51
33.4 29
33.41 15
33.42 0
33.43 0
33.44 0
33.45 13
33.46 31
33.47 48
33.48 29
33.49 0
33.5 0
33.51 0
33.52 3
33.53 18
33.54 33
33.55 27
33.56 27
33.57 0
33.58 0
33.59 0
33.6 0
33.61 14
33.62 28
33.63 39
33.64 27
33.65 17
33.66 0
33.67 0
33.68 0
33.69 13
33.7 27
33.71 38
33.72 28
33.73 19
33.74 0
33.75 0
33.76 0
33.77 0
33.78 14
33.79 28
33.8 37
33.81 28
33.82 12
33.83 0
33.84 0
33.85 0
33.86 0
33.87 12
33.88 28
33.89 41
33.9 29
33.91 16
33.92 0
33.93 0
33.94 0
33.95 13
33.96 25
33.97 40
33.98 28
33.99 13
34 0
34.01 0
34.02 0
34.03 4
34.04 25
34.05 42
34.06 28
34.07 21
34.08 0
34.09 0
34.1 0
34.11 20
34.12 38
34.13 28
34.14 22
34.15 0
34.16 0
34.17 0
34.18 9
34.19 32
34.2 47
34.21 26
34.22 13
34.23 0
34.24 0
34.25 6
34.26 28
34.27 46
34.28 28
34.29 17
34.3 0
34.31 0
34.32 3
34.33 28
34.34 50
34.35 28
34.36 25
34.37 0
34.38 0
34.39 15
34.4 36
34.41 26
34.42 24
34.43 0
34.44 0
34.45 0
34.46 2
34.47 21
34.48 35
34.49 28
34.5 16
34.51 0
34.52 0
34.53 0
34.54 9
34.55 29
34.56 43
34.57 28
34.58 9
34.59 0
34.6 0
34.61 0
34.62 16
34.63 34
34.64 45
34.65 29
34.66 10
34.67 0
34.68 0
34.69 0
34.7 17
34.71 32
34.72 45
34.73 28
34.74 0
34.75 0
34.76 0
34.77 3
34.78 23
34.79 38
34.8 27
34.81 26
34.82 0
34.83 0
34.84 0
34.85 4
34.86 17
34.87 31
34.88 42
34.89 27
34.9 0
34.91 0
34.92 0
34.93 0
34.94 11
34.95 27
34.96 42
34.97 28
34.98 14
34.99 0
35 0
35.01 0
35.02 2
35.03 16
35.04 30
35.05 39
35.06 28
35.07 8
35.08 0
35.09 0
35.1 0
35.11 2
35.12 16
35.13 26
35.14 40
35.15 27
35.16 7
35.17 0
35.18 0
35.19 0
35.2 1
35.21 19
35.22 34
35.23 47
35.24 28
35.25 17
35.26 0
35.27 0
35.28 6
35.29 19
35.3 31
35.31 39
35.32 28
35.33 4
35.34 0
35.35 0
35.36 2
35.37 25
35.38 41
35.39 28
35.4 22
35.41 0
35.42 0
35.43 6
35.44 26
35.45 47
35.46 26
35.47 19
35.48 0
35.49 0
35.5 3
35.51 30
35.52 48
35.53 28
35.54 0
35.55 0
35.56 0
35.57 12
35.58 40
35.59 28
35.6 24
35.61 0
35.62 0
35.63 0
35.64 12
35.65 32
35.66 46
35.67 28
35.68 0
35.69 0
35.7 0
35.71 5
35.72 28
35.73 47
35.74 28
35.75 15
35.76 0
35.77 0
35.78 3
35.79 23
35.8 41
35.81 26
35.82 22
35.83 0
35.84 0
35.85 0
35.86 16
35.87 30
35.88 46
35.89 27
35.9 9
35.91 0
35.92 0
35.93 0
35.94 14
35.95 30
35.96 46
35.97 28
35.98 14
35.99 0
36 0
36.01 0
36.02 17
36.03 35
36.04 34
36.05 28
36.06 0
36.07 0
36.08 5
36.09 19
36.1 35
36.11 27
36.12 15
36.13 0
36.14 0
36.15 0
36.16 6
36.17 25
36.18 40
36.19 28
36.2 23
36.21 0
36.22 0
36.23 0
36.24 11
36.25 30
36.26 45
36.27 28
36.28 9
36.29 0
36.3 0
36.31 0
36.32 9
36.33 27
36.34 40
36.35 28
36.36 9
36.37 0
36.38 0
36.39 0
36.4 18
36.41 32
36.42 40
36.43 28
36.44 5
36.45 0
36.46 0
36.47 3
36.48 21
36.49 36
36.5 28
36.51 28
36.52 0
36.53 0
36.54 0
36.55 14
36.56 32
36.57 42
36.58 27
36.59 22
36.6 0
36.61 0
36.62 18
36.63 39
36.64 27
36.65 26
36.66 0
36.67 0
36.68 0
36.69 18
36.7 39
36.71 28
36.72 20
36.73 0
36.74 0
36.75 5
36.76 29
36.77 34
36.78 26
36.79 10
36.8 0
36.81 3
36.82 25
36.83 49
36.84 28
36.85 25
36.86 0
36.87 0
36.88 6
36.89 34
36.9 27
36.91 23
36.92 13
36.93 0
36.94 5
36.95 21
36.96 39
36.97 27
36.98 22
36.99 0
37 0
37.01 0
37.02 13
37.03 29
37.04 42
37.05 28
37.06 3
37.07 0
37.08 0
37.09 9
37.1 27
37.11 43
37.12 27
37.13 16
37.14 0
37.15 0
37.16 0
37.17 19
37.18 33
37.19 28
37.2 24
37.21 0
37.22 0
37.23 0
37.24 0
37.25 13
37.26 29
37.27 42
37.28 28
37.29 0
37.3 0
37.31 0
37.32 0
37.33 15
37.34 31
37.35 42
37.36 27
37.37 12
37.38 0
37.39 0
37.4 0
37.41 3
37.42 20
37.43 36
37.44 28
37.45 24
37.46 0
37.47 0
37.48 0
37.49 3
37.5 22
37.51 37
37.52 28
37.53 25
37.54 0
37.55 0
37.56 0
37.57 0
37.58 14
37.59 31
37.6 45
37.61 29
37.62 17
37.63 0
37.64 0
37.65 0
37.66 17
37.67 35
37.68 28
37.69 28
37.7 0
37.71 0
37.72 0
37.73 1
37.74 19
37.75 35
37.76 27
37.77 22
37.78 1
37.79 0
37.8 10
37.81 27
37.82 43
37.83 26
37.84 17
37.85 0
37.86 0
37.87 0
37.88 19
37.89 36
37.9 29
37.91 26
37.92 2
37.93 0
37.94 0
37.95 13
37.96 34
37.97 29
37.98 27
37.99 0
38 0
38.01 0
38.02 1
38.03 18
38.04 31
38.05 42
38.06 28
38.07 0
38.08 0
38.09 0
38.1 0
38.11 15
38.12 30
38.13 43
38.14 27
38.15 0
38.16 0
38.17 0
38.18 0
38.19 15
38.2 30
38.21 43
38.22 27
38.23 2
38.24 0
38.25 0
38.26 0
38.27 12
38.28 28
38.29 42
38.3 28
38.31 13
38.32 0
38.33 0
38.34 0
38.35 1
38.36 16
38.37 27
38.38 40
38.39 28
38.4 3
38.41 0
38.42 0
38.43 0
38.44 12
38.45 29
38.46 42
38.47 29
38.48 8
38.49 0
38.5 0
38.51 0
38.52 2
38.53 18
38.54 31
38.55 41
38.56 28
38.57 12
38.58 0
38.59 0
38.6 0
38.61 7
38.62 22
38.63 38
38.64 28
38.65 9
38.66 0
38.67 0
38.68 0
38.69 4
38.7 20
38.71 33
38.72 40
38.73 28
38.74 0
38.75 0
38.76 0
38.77 0
38.78 12
38.79 27
38.8 39
38.81 28
38.82 13
38.83 0
38.84 0
38.85 0
38.86 8
38.87 25
38.88 37
38.89 28
38.9 21
38.91 0
38.92 0
38.93 0
38.94 9
38.95 25
38.96 38
38.97 28
38.98 17
38.99 0
39 0
39.01 0
39.02 4
39.03 19
39.04 33
39.05 28
39.06 26
39.07 0
39.08 0
39.09 0
39.1 1
39.11 20
39.12 35
39.13 27
39.14 21
39.15 0
39.16 0
39.17 0
39.18 10
39.19 30
39.2 46
39.21 28
39.22 12
39.23 0
39.24 0
39.25 11
39.26 33
39.27 47
39.28 29
39.29 0
39.3 0
39.31 0
39.32 5
39.33 27
39.34 45
39.35 28
39.36 28
39.37 0
39.38 0
39.39 0
39.4 13
39.41 31
39.42 47
39.43 28
39.44 10
39.45 0
39.46 0
39.47 5
39.48 26
39.49 46
39.5 27
39.51 22
39.52 0
39.53 0
39.54 5
39.55 25
39.56 41
39.57 28
39.58 27
39.59 0
39.6 0
39.61 0
39.62 8
39.63 21
39.64 37
39.65 28
39.66 19
39.67 0
39.68 0
39.69 0
39.7 0
39.71 12
39.72 26
39.73 39
39.74 28
39.75 12
39.76 0
39.77 0
39.78 0
39.79 6
39.8 18
39.81 30
39.82 44
39.83 28
39.84 6
39.85 0
39.86 0
39.87 0
39.88 9
39.89 25
39.9 42
39.91 28
39.92 28
39.93 0
39.94 0
39.95 0
39.96 5
39.97 19
39.98 29
39.99 42
40 27
40.01 5
40.02 0
40.03 0
40.04 0
40.05 6
40.06 20
40.07 36
40.08 27
40.09 21
40.1 0
40.11 0
40.12 0
40.13 0
40.14 7
40.15 20
40.16 31
40.17 42
40.18 27
40.19 0
40.2 0
40.21 0
40.22 0
40.23 9
40.24 23
40.25 36
40.26 28
40.27 26
40.28 0
40.29 0
40.3 0
40.31 10
40.32 24
40.33 35
40.34 27
40.35 16
40.36 0
40.37 0
40.38 0
40.39 0
40.4 13
40.41 25
40.42 37
40.43 29
40.44 25
40.45 0
40.46 0
40.47 0
40.48 0
40.49 8
40.5 22
40.51 36
40.52 28
40.53 21
40.54 0
40.55 0
40.56 0
40.57 0
40.58 15
40.59 32
40.6 46
40.61 29
40.62 16
40.63 0
40.64 0
40.65 18
40.66 35
40.67 27
40.68 26
40.69 0
40.7 0
40.71 0
40.72 0
40.73 5
40.74 19
40.75 32
40.76 44
40.77 28
40.78 0
40.79 0
40.8 0
40.81 0
40.82 3
40.83 21
40.84 35
40.85 35
40.86 28
40.87 0
40.88 0
40.89 0
40.9 0
40.91 18
40.92 36
40.93 29
40.94 24
40.95 0
40.96 0
40.97 0
40.98 16
40.99 33
41 26
41.01 22
41.02 0
41.03 0
41.04 0
41.05 0
41.06 16
41.07 32
41.08 49
41.09 28
41.1 16
41.11 0
41.12 0
41.13 0
41.14 8
41.15 24
41.16 38
41.17 28
41.18 17
41.19 0
41.2 0
41.21 0
41.22 0
41.23 17
41.24 30
41.25 44
41.26 27
41.27 7
41.28 0
41.29 0
41.3 0
41.31 10
41.32 25
41.33 38
41.34 27
41.35 18
41.36 0
41.37 0
41.38 0
41.39 9
41.4 24
41.41 37
41.42 28
41.43 20
41.44 0
41.45 0
41.46 0
41.47 3
41.48 20
41.49 35
41.5 28
41.51 21
41.52 0
41.53 0
41.54 0
41.55 6
41.56 26
41.57 42
41.58 28
41.59 6
41.6 0
41.61 0
41.62 2
41.63 20
41.64 34
41.65 27
41.66 24
41.67 0
41.68 0
41.69 0
41.7 11
41.71 29
41.72 48
41.73 27
41.74 10
41.75 0
41.76 0
41.77 2
41.78 26
41.79 44
41.8 28
41.81 15
41.82 0
41.83 0
41.84 0
41.85 17
41.86 34
41.87 31
41.88 24
41.89 0
41.9 0
41.91 0
41.92 14
41.93 36
41.94 27
41.95 25
41.96 0
41.97 0
41.98 0
41.99 0
42 18
42.01 37
42.02 28
42.03 24
42.04 0
42.05 0
42.06 0
42.07 9
42.08 25
42.09 45
42.1 28
42.11 1
42.12 0
42.13 0
42.14 0
42.15 10
42.16 28
42.17 43
42.18 29
42.19 4
42.2 0
42.21 0
42.22 0
42.23 16
42.24 32
42.25 43
42.26 28
42.27 5
42.28 0
42.29 0
42.3 7
42.31 19
42.32 35
42.33 27
42.34 21
42.35 0
42.36 0
42.37 0
42.38 6
42.39 22
42.4 36
42.41 27
42.42 19
42.43 0
42.44 0
42.45 0
42.46 2
42.47 19
42.48 33
42.49 44
42.5 28
42.51 0
42.52 0
42.53 0
42.54 7
42.55 20
42.56 36
42.57 28
42.58 23
42.59 0
42.6 0
42.61 0
42.62 7
42.63 22
42.64 36
42.65 27
42.66 17
42.67 0
42.68 0
42.69 0
42.7 0
42.71 9
42.72 22
42.73 35
42.74 28
42.75 22
42.76 0
42.77 0
42.78 0
42.79 0
42.8 8
42.81 21
42.82 36
42.83 28
42.84 27
42.85 0
42.86 0
42.87 0
42.88 11
42.89 27
42.9 42
42.91 27
42.92 12
42.93 0
42.94 0
42.95 0
42.96 20
42.97 39
42.98 28
42.99 21
43 0
43.01 0
43.02 5
43.03 24
43.04 42
43.05 28
43.06 11
43.07 0
43.08 0
43.09 3
43.1 19
43.11 38
43.12 28
43.13 20
43.14 0
43.15 0
43.16 0
43.17 10
43.18 30
43.19 49
43.2 27
43.21 14
43.22 0
43.23 0
43.24 6
43.25 25
43.26 44
43.27 29
43.28 24
43.29 0
43.3 0
43.31 0
43.32 16
43.33 32
43.34 38
43.35 28
43.36 4
43.37 0
43.38 0
43.39 7
43.4 27
43.41 43
43.42 28
43.43 19
43.44 0
43.45 0
43.46 0
43.47 13
43.48 29
43.49 45
43.5 28
43.51 20
43.52 0
43.53 0
43.54 0
43.55 5
43.56 23
43.57 39
43.58 28
43.59 15
43.6 0
43.61 0
43.62 0
43.63 4
43.64 25
43.65 39
43.66 28
43.67 16
43.68 0
43.69 0
43.7 0
43.71 9
43.72 27
43.73 43
43.74 27
43.75 27
43.76 0
43.77 0
43.78 7
43.79 26
43.8 43
43.81 26
43.82 5
43.83 0
43.84 0
43.85 0
43.86 18
43.87 33
43.88 36
43.89 28
43.9 0
43.91 0
43.92 0
43.93 1
43.94 18
43.95 37
43.96 28
43.97 22
43.98 0
43.99 0
44 0
44.01 14
44.02 31
44.03 36
44.04 27
44.05 6
44.06 0
44.07 7
44.08 26
44.09 46
44.1 27
44.11 24
44.12 0
44.13 0
44.14 14
44.15 32
44.16 31
44.17 26
44.18 9
44.19 0
44.2 0
44.21 20
44.22 43
44.23 26
44.24 26
44.25 0
44.26 0
44.27 0
44.28 19
44.29 44
44.3 28
44.31 28
44.32 0
44.33 0
44.34 0
44.35 14
44.36 36
44.37 28
44.38 24
44.39 0
44.4 0
44.41 0
44.42 14
44.43 34
44.44 27
44.45 24
44.46 0
44.47 0
44.48 0
44.49 6
44.5 25
44.51 39
44.52 27
44.53 21
44.54 0
44.55 0
44.56 0
44.57 19
44.58 38
44.59 28
44.6 26
44.61 0
44.62 0
44.63 0
44.64 10
44.65 27
44.66 40
44.67 27
44.68 15
44.69 0
44.7 0
44.71 0
44.72 9
44.73 23
44.74 37
44.75 28
44.76 14
44.77 0
44.78 0
44.79 0
44.8 0
44.81 16
44.82 28
44.83 43
44.84 29
44.85 5
44.86 0
44.87 0
44.88 0
44.89 12
44.9 27
44.91 42
44.92 28
44.93 7
44.94 0
44.95 0
44.96 0
44.97 9
44.98 26
44.99 38
45 28
45.01 17
45.02 0
45.03 0
45.04 0
45.05 3
45.06 17
45.07 32
45.08 45
45.09 27
45.1 0
45.11 0
45.12 0
45.13 7
45.14 25
45.15 39
45.16 28
45.17 12
45.18 0
45.19 0
45.2 0
45.21 14
45.22 32
45.23 47
45.24 28
45.25 15
45.26 0
45.27 0
45.28 0
45.29 10
45.3 29
45.31 45
45.32 28
45.33 0
45.34 0
45.35 0
45.36 0
45.37 9
45.38 25
45.39 41
45.4 28
45.41 5
45.42 0
45.43 0
45.44 0
45.45 10
45.46 29
45.47 48
45.48 27
45.49 15
45.5 0
45.51 0
45.52 0
45.53 20
45.54 39
45.55 29
45.56 27
45.57 0
45.58 0
45.59 0
45.6 12
45.61 34
45.62 27
45.63 24
45.64 5
45.65 0
45.66 0
45.67 13
45.68 30
45.69 46
45.7 28
45.71 16
45.72 0
45.73 0
45.74 8
45.75 27
45.76 41
45.77 26
45.78 13
45.79 0
45.8 0
45.81 0
45.82 5
45.83 21
45.84 35
45.85 28
45.86 20
45.87 0
45.88 0
45.89 0
45.9 6
45.91 22
45.92 37
45.93 28
45.94 22
45.95 0
45.96 0
45.97 0
45.98 0
45.99 15
46 28
46.01 40
46.02 28
46.03 6
46.04 0
46.05 0
46.06 0
46.07 7
46.08 21
46.09 34
46.1 28
46.11 22
46.12 0
46.13 0
46.14 0
46.15 5
46.16 19
46.17 34
46.18 27
46.19 22
46.2 0
46.21 0
46.22 0
46.23 0
46.24 9
46.25 26
46.26 40
46.27 28
46.28 19
46.29 0
46.3 0
46.31 0
46.32 7
46.33 25
46.34 43
46.35 28
46.36 11
46.37 0
46.38 0
46.39 5
46.4 21
46.41 40
46.42 28
46.43 27
46.44 0
46.45 0
46.46 0
46.47 2
46.48 24
46.49 42
46.5 28
46.51 25
46.52 0
46.53 0
46.54 0
46.55 19
46.56 35
46.57 27
46.58 20
46.59 0
46.6 0
46.61 5
46.62 24
46.63 41
46.64 27
46.65 14
46.66 0
46.67 0
46.68 2
46.69 20
46.7 38
46.71 27
46.72 21
46.73 0
46.74 0
46.75 0
46.76 0
46.77 16
46.78 36
46.79 28
46.8 23
46.81 0
46.82 0
46.83 0
46.84 7
46.85 22
46.86 38
46.87 29
46.88 22
46.89 0
46.9 0
46.91 0
46.92 8
46.93 25
46.94 39
46.95 29
46.96 28
46.97 0
46.98 0
46.99 0
47 12
47.01 26
47.02 41
47.03 27
47.04 14
47.05 0
47.06 0
47.07 6
47.08 24
47.09 39
47.1 28
47.11 16
47.12 0
47.13 0
47.14 0
47.15 0
47.16 17
47.17 33
47.18 45
47.19 28
47.2 0
47.21 0
47.22 0
47.23 0
47.24 6
47.25 20
47.26 34
47.27 29
47.28 23
47.29 0
47.3 0
47.31 0
47.32 0
47.33 7
47.34 20
47.35 33
47.36 28
47.37 25
47.38 0
47.39 0
47.4 0
47.41 6
47.42 22
47.43 36
47.44 27
47.45 24
47.46 0
47.47 0
47.48 0
47.49 0
47.5 15
47.51 30
47.52 44
47.53 27
47.54 17
47.55 0
47.56 0
47.57 10
47.58 24
47.59 41
47.6 28
47.61 25
47.62 0
47.63 0
47.64 0
47.65 9
47.66 30
47.67 47
47.68 28
47.69 1
47.7 0
47.71 0
47.72 4
47.73 27
47.74 47
47.75 28
47.76 25
47.77 0
47.78 0
47.79 10
47.8 35
47.81 28
47.82 26
47.83 5
47.84 0
47.85 0
47.86 6
47.87 27
47.88 46
47.89 28
47.9 7
47.91 0
47.92 0
47.93 4
47.94 25
47.95 42
47.96 28
47.97 6
47.98 0
47.99 0
48 0
48.01 15
48.02 25
48.03 43
48.04 27
48.05 15
48.06 0
48.07 0
48.08 0
48.09 14
48.1 34
48.11 45
48.12 27
48.13 0
48.14 0
48.15 0
48.16 5
48.17 23
48.18 38
48.19 27
48.2 27
48.21 0
48.22 0
48.23 0
48.24 7
48.25 23
48.26 38
48.27 28
48.28 18
48.29 0
48.3 0
48.31 0
48.32 13
48.33 29
48.34 46
48.35 28
48.36 9
48.37 0
48.38 0
48.39 0
48.4 18
48.41 36
48.42 28
48.43 28
48.44 14
48.45 0
48.46 8
48.47 23
48.48 40
48.49 25
48.5 11
48.51 0
48.52 0
48.53 0
48.54 13
48.55 30
48.56 48
48.57 28
48.58 15
48.59 0
48.6 0
48.61 0
48.62 18
48.63 36
48.64 28
48.65 28
48.66 0
48.67 0
48.68 0
48.69 12
48.7 32
48.71 44
48.72 28
48.73 6
48.74 0
48.75 0
48.76 5
48.77 21
48.78 35
48.79 27
48.8 27
48.81 0
48.82 0
48.83 0
48.84 17
48.85 35
48.86 28
48.87 28
48.88 0
48.89 0
48.9 0
48.91 13
48.92 36
48.93 29
48.94 28
48.95 1
48.96 0
48.97 1
48.98 24
48.99 44
49 27
49.01 23
49.02 0
49.03 0
49.04 3
49.05 27
49.06 46
49.07 28
49.08 11
49.09 0
49.1 0
49.11 2
49.12 24
49.13 42
49.14 28
49.15 5
49.16 0
49.17 0
49.18 0
49.19 18
49.2 30
49.21 36
49.22 28
49.23 0
49.24 0
49.25 0
49.26 2
49.27 23
49.28 39
49.29 27
49.3 19
49.31 0
49.32 0
49.33 0
49.34 9
49.35 27
49.36 39
49.37 28
49.38 11
49.39 0
49.4 0
49.41 0
49.42 20
49.43 35
49.44 28
49.45 25
49.46 2
49.47 0
49.48 0
49.49 10
49.5 29
49.51 44
49.52 28
49.53 20
49.54 0
49.55 0
49.56 2
49.57 20
49.58 39
49.59 27
49.6 25
49.61 0
49.62 0
49.63 0
49.64 6
49.65 19
49.66 35
49.67 27
49.68 24
49.69 0
49.7 0
49.71 0
49.72 5
49.73 22
49.74 35
49.75 28
49.76 21
49.77 0
49.78 0
49.79 0
49.8 1
49.81 21
49.82 36
49.83 28
49.84 28
49.85 0
49.86 0
49.87 0
49.88 6
49.89 23
49.9 40
49.91 28
49.92 11
49.93 0
49.94 0
49.95 0
49.96 11
49.97 27
49.98 42
49.99 28
50 12
50.01 0
50.02 0
50.03 0
50.04 10
50.05 27
50.06 39
50.07 28
50.08 20
50.09 0
50.1 0
50.11 2
50.12 20
50.13 35
50.14 28
50.15 28
50.16 0
50.17 0
50.18 0
50.19 4
50.2 25
50.21 38
50.22 27
50.23 24
50.24 0
50.25 0
50.26 0
50.27 8
50.28 23
50.29 42
50.3 27
50.31 11
50.32 0
50.33 0
50.34 0
50.35 5
50.36 20
50.37 37
50.38 29
50.39 28
50.4 0
50.41 0
50.42 0
50.43 4
50.44 21
50.45 35
50.46 28
50.47 19
50.48 0
50.49 0
50.5 0
50.51 4
50.52 22
50.53 39
50.54 27
50.55 15
50.56 0
50.57 0
50.58 0
50.59 17
50.6 33
50.61 34
50.62 29
50.63 0
50.64 0
50.65 0
50.66 0
50.67 16
50.68 29
50.69 42
50.7 28
50.71 11
50.72 0
50.73 0
50.74 0
50.75 10
50.76 27
50.77 41
50.78 28
50.79 26
50.8 0
50.81 0
50.82 0
50.83 11
50.84 24
50.85 37
50.86 27
50.87 11
50.88 0
50.89 0
50.9 0
50.91 2
50.92 22
50.93 41
50.94 29
50.95 25
50.96 0
50.97 0
50.98 0
50.99 13
51 30
51.01 45
51.02 28
51.03 7
51.04 0
51.05 0
51.06 3
51.07 22
51.08 38
51.09 28
51.1 24
51.11 0
51.12 0
51.13 6
51.14 22
51.15 38
51.16 26
51.17 16
51.18 0
51.19 0
51.2 0
51.21 11
51.22 29
51.23 45
51.24 27
51.25 14
51.26 0
51.27 0
51.28 0
51.29 7
51.3 23
51.31 42
51.32 28
51.33 16
51.34 0
51.35 0
51.36 0
51.37 5
51.38 23
51.39 38
51.4 29
51.41 19
51.42 0
51.43 0
51.44 0
51.45 7
51.46 24
51.47 40
51.48 28
51.49 19
51.5 0
51.51 0
51.52 4
51.53 16
51.54 30
51.55 38
51.56 27
51.57 4
51.58 0
51.59 0
51.6 0
51.61 12
51.62 27
51.63 44
51.64 28
51.65 14
51.66 0
51.67 0
51.68 0
51.69 1
51.7 16
51.71 29
51.72 41
51.73 27
51.74 14
51.75 0
51.76 0
51.77 0
51.78 6
51.79 20
51.8 32
51.81 45
51.82 27
51.83 7
51.84 0
51.85 0
51.86 0
51.87 5
51.88 18
51.89 32
51.9 35
51.91 27
51.92 18
51.93 0
51.94 0
51.95 0
51.96 0
51.97 3
51.98 15
51.99 24
52 39
52.01 29
52.02 19
52.03 0
52.04 0
52.05 1
52.06 19
52.07 36
52.08 28
52.09 20
52.1 0
52.11 0
52.12 0
52.13 1
52.14 24
52.15 41
52.16 27
52.17 24
52.18 0
52.19 0
52.2 7
52.21 27
52.22 44
52.23 27
52.24 10
52.25 0
52.26 0
52.27 5
52.28 27
52.29 41
52.3 28
52.31 15
52.32 0
52.33 0
52.34 12
52.35 30
52.36 41
52.37 27
52.38 3
52.39 0
52.4 0
52.41 4
52.42 31
52.43 47
52.44 27
52.45 17
52.46 0
52.47 0
52.48 7
52.49 29
52.5 49
52.51 29
52.52 20
52.53 0
52.54 0
52.55 1
52.56 25
52.57 40
52.58 28
52.59 18
52.6 0
52.61 0
52.62 5
52.63 30
52.64 49
52.65 27
52.66 12
52.67 0
52.68 0
52.69 18
52.7 36
52.71 27
52.72 24
52.73 0
52.74 0
52.75 0
52.76 15
52.77 34
52.78 27
52.79 26
52.8 0
52.81 0
52.82 0
52.83 11
52.84 29
52.85 44
52.86 27
52.87 13
52.88 0
52.89 0
52.9 3
52.91 21
52.92 37
52.93 28
52.94 21
52.95 0
52.96 0
52.97 0
52.98 6
52.99 24
53 39
53.01 28
53.02 24
53.03 0
53.04 0
53.05 0
53.06 3
53.07 20
53.08 35
53.09 28
53.1 21
53.11 0
53.12 0
53.13 0
53.14 0
53.15 10
53.16 26
53.17 41
53.18 28
53.19 19
53.2 0
53.21 0
53.22 0
53.23 8
53.24 27
53.25 41
53.26 27
53.27 15
53.28 0
53.29 0
53.3 0
53.31 23
53.32 39
53.33 28
53.34 27
53.35 0
53.36 0
53.37 1
53.38 23
53.39 41
53.4 28
53.41 24
53.42 0
53.43 0
53.44 0
53.45 20
53.46 42
53.47 28
53.48 13
53.49 0
53.5 0
53.51 12
53.52 32
53.53 37
53.54 26
53.55 16
53.56 0
53.57 0
53.58 0
53.59 18
53.6 35
53.61 43
53.62 28
53.63 0
53.64 0
53.65 0
53.66 13
53.67 34
53.68 34
53.69 27
53.7 6
53.71 0
53.72 0
53.73 12
53.74 33
53.75 42
53.76 28
53.77 15
53.78 0
53.79 0
53.8 7
53.81 31
53.82 44
53.83 27
53.84 11
53.85 0
53.86 0
53.87 10
53.88 30
53.89 47
53.9 28
53.91 16
53.92 0
53.93 0
53.94 13
53.95 34
53.96 27
53.97 21
53.98 4
53.99 0
54 0
54.01 17
54.02 35
54.03 27
54.04 24
54.05 10
54.06 0
54.07 6
54.08 24
54.09 41
54.1 27
54.11 24
54.12 0
54.13 0
54.14 0
54.15 4
54.16 19
54.17 35
54.18 28
54.19 26
54.2 0
54.21 0
54.22 0
54.23 0
54.24 17
54.25 28
54.26 41
54.27 28
54.28 1
54.29 0
54.3 0
54.31 0
54.32 5
54.33 22
54.34 39
54.35 29
54.36 13
54.37 0
54.38 0
54.39 0
54.4 10
54.41 27
54.42 44
54.43 28
54.44 12
54.45 0
54.46 0
54.47 2
54.48 22
54.49 41
54.5 28
54.51 19
54.52 0
54.53 0
54.54 5
54.55 27
54.56 41
54.57 26
54.58 20
54.59 0
54.6 0
54.61 6
54.62 26
54.63 43
54.64 28
54.65 19
54.66 0
54.67 0
54.68 10
54.69 33
54.7 29
54.71 27
54.72 6
54.73 0
54.74 0
54.75 7
54.76 27
54.77 50
54.78 28
54.79 3
54.8 0
54.81 0
54.82 1
54.83 22
54.84 41
54.85 27
54.86 18
54.87 0
54.88 0
54.89 0
54.9 18
54.91 38
54.92 28
54.93 22
54.94 0
54.95 0
54.96 0
54.97 6
54.98 24
54.99 39
55 28
55.01 8
55.02 0
55.03 0
55.04 0
55.05 12
55.06 29
55.07 47
55.08 27
55.09 22
55.1 0
55.11 0
55.12 10
55.13 31
55.14 47
55.15 27
55.16 3
55.17 0
55.18 0
55.19 8
55.2 25
55.21 41
55.22 28
55.23 15
55.24 0
55.25 0
55.26 9
55.27 27
55.28 42
55.29 26
55.3 10
55.31 0
55.32 0
55.33 0
55.34 12
55.35 28
55.36 46
55.37 28
55.38 11
55.39 0
55.4 0
55.41 0
55.42 8
55.43 24
55.44 38
55.45 29
55.46 12
55.47 0
55.48 0
55.49 0
55.5 3
55.51 21
55.52 38
55.53 29
55.54 24
55.55 0
55.56 0
55.57 0
55.58 15
55.59 30
55.6 47
55.61 28
55.62 10
55.63 0
55.64 0
55.65 0
55.66 20
55.67 39
55.68 27
55.69 27
55.7 0
55.71 0
55.72 0
55.73 15
55.74 35
55.75 28
55.76 24
55.77 0
55.78 0
55.79 0
55.8 14
55.81 36
55.82 29
55.83 25
55.84 0
55.85 0
55.86 0
55.87 18
55.88 40
55.89 27
55.9 22
55.91 0
55.92 0
55.93 11
55.94 35
55.95 26
55.96 25
55.97 0
55.98 0
55.99 0
56 13
56.01 36
56.02 28
56.03 24
56.04 0
56.05 0
56.06 0
56.07 8
56.08 29
56.09 49
56.1 28
56.11 19
56.12 0
56.13 0
56.14 12
56.15 36
56.16 26
56.17 24
56.18 0
56.19 0
56.2 0
56.21 8
56.22 29
56.23 48
56.24 28
56.25 17
56.26 0
56.27 0
56.28 5
56.29 23
56.3 39
56.31 28
56.32 13
56.33 0
56.34 0
56.35 0
56.36 10
56.37 28
56.38 47
56.39 28
56.4 8
56.41 0
56.42 0
56.43 0
56.44 16
56.45 31
56.46 44
56.47 27
56.48 2
56.49 0
56.5 0
56.51 0
56.52 14
56.53 29
56.54 42
56.55 27
56.56 6
56.57 0
56.58 0
56.59 0
56.6 11
56.61 28
56.62 42
56.63 28
56.64 3
56.65 0
56.66 0
56.67 0
56.68 17
56.69 31
56.7 43
56.71 27
56.72 2
56.73 0
56.74 0
56.75 0
56.76 11
56.77 29
56.78 41
56.79 28
56.8 10
56.81 0
56.82 0
56.83 0
56.84 16
56.85 33
56.86 27
56.87 27
56.88 3
56.89 0
56.9 6
56.91 20
56.92 36
56.93 27
56.94 18
56.95 0
56.96 0
56.97 0
56.98 7
56.99 25
57 40
57.01 29
57.02 16
57.03 0
57.04 0
57.05 0
57.06 15
57.07 34
57.08 28
57.09 26
57.1 5
57.11 0
57.12 0
57.13 12
57.14 32
57.15 38
57.16 28
57.17 11
57.18 0
57.19 0
57.2 15
57.21 35
57.22 27
57.23 21
57.24 0
57.25 0
57.26 2
57.27 22
57.28 45
57.29 28
57.3 19
57.31 0
57.32 0
57.33 1
57.34 25
57.35 45
57.36 27
57.37 10
57.38 0
57.39 0
57.4 12
57.41 35
57.42 27
57.43 25
57.44 0
57.45 0
57.46 1
57.47 22
57.48 46
57.49 28
57.5 23
57.51 0
57.52 0
57.53 3
57.54 21
57.55 40
57.56 27
57.57 25
57.58 0
57.59 0
57.6 0
57.61 11
57.62 30
57.63 46
57.64 28
57.65 22
57.66 0
57.67 0
57.68 2
57.69 21
57.7 37
57.71 27
57.72 13
57.73 0
57.74 0
57.75 0
57.76 3
57.77 21
57.78 37
57.79 28
57.8 25
57.81 0
57.82 0
57.83 0
57.84 2
57.85 19
57.86 34
57.87 27
57.88 23
57.89 6
57.9 0
57.91 12
57.92 27
57.93 43
57.94 27
57.95 6
57.96 0
57.97 0
57.98 0
57.99 4
58 22
58.01 35
58.02 28
58.03 22
58.04 5
58.05 0
58.06 0
58.07 0
58.08 0
58.09 0
58.1 0
58.11 0
58.12 0
58.13 0
58.14 0
58.15 0
58.16 0
58.17 0
58.18 0
58.19 0
58.2 0
58.21 0
58.22 0
58.23 0
58.24 0
58.25 0
58.26 0
58.27 0
58.28 0
58.29 0
58.3 0
58.31 0
58.32 0
58.33 0
58.34 0
58.35 0
58.36 0
58.37 0
58.38 0
58.39 0
58.4 0
58.41 0
58.42 0
58.43 0
58.44 0
58.45 0
58.46 0
58.47 0
58.48 0
58.49 0
58.5 0
58.51 0
58.52 0
58.53 0
58.54 0
58.55 0
58.56 0
58.57 0
58.58 0
58.59 0
58.6 0
58.61 0
58.62 0
58.63 0
58.64 0
58.65 0
58.66 0
58.67 0
58.68 0
58.69 0
58.7 0
58.71 0
58.72 0
58.73 0
58.74 0
58.75 0
58.76 0
58.77 0
58.78 0
58.79 0
58.8 0
58.81 0
58.82 0
58.83 0
58.84 0
58.85 0
58.86 0
58.87 0
58.88 0
58.89 0
58.9 0
58.91 0
58.92 0
58.93 0
58.94 0
58.95 0
58.96 0
58.97 0
58.98 0
58.99 0
59 0
59.01 0
59.02 0
59.03 0
59.04 0
59.05 0
59.06 0
59.07 0
59.08 0
59.09 0
59.1 0
59.11 0
59.12 0
59.13 0
59.14 0
59.15 0
59.16 0
59.17 0
59.18 0
59.19 0
59.2 0
59.21 0
59.22 0
59.23 0
59.24 0
59.25 0
59.26 0
59.27 0
59.28 0
59.29 0
59.3 0
59.31 0
59.32 0
59.33 0
59.34 0
59.35 0
59.36 0
59.37 0
59.38 0
59.39 0
59.4 0
59.41 0
59.42 0
59.43 0
59.44 0
59.45 0
59.46 0
59.47 0
59.48 0
59.49 0
59.5 0
59.51 0
59.52 0
59.53 0
59.54 0
59.55 0
59.56 0
59.57 0
59.58 0
59.59 0
59.6 0
59.61 0
59.62 0
59.63 0
59.64 0
59.65 0
59.66 0
59.67 0
59.68 0
59.69 0
59.7 0
59.71 0
59.72 0
59.73 0
59.74 0
59.75 0
59.76 0
59.77 0
59.78 0
59.79 0
59.8 0
59.81 0
59.82 0
59.83 0
59.84 0
59.85 0
59.86 0
59.87 0
59.88 0
59.89 0
59.9 0
59.91 0
59.92 0
59.93 0
59.94 0
59.95 0
59.96 0
59.97 0
59.98 0
59.99 0
60 0
60.01 0
60.02 0
60.03 0
60.04 0
60.05 0
60.06 0
60.07 0
60.08 0
60.09 0
60.1 0
60.11 0
60.12 0
60.13 0
60.14 0
60.15 0
60.16 0
60.17 0
60.18 0
60.19 0
60.2 0
60.21 0
60.22 0
60.23 0
60.24 0
60.25 0
60.26 0
60.27 0
60.28 0
60.29 0
60.3 0
60.31 0
60.32 0
60.33 0
60.34 0
60.35 0
60.36 0
60.37 0
60.38 0
60.39 0
60.4 0
60.41 0
60.42 0
60.43 0
60.44 0
60.45 0
60.46 0
60.47 0
60.48 0
60.49 0
60.5 0
60.51 0
60.52 0
60.53 0
60.54 0
60.55 0
60.56 0
60.57 0
60.58 0
60.59 0
60.6 0
60.61 0
60.62 0
60.63 0
60.64 0
60.65 0
60.66 0
60.67 0
60.68 0
60.69 0
60.7 0
60.71 0
60.72 0
60.73 0
60.74 0
60.75 0
60.76 0
60.77 0
60.78 0
60.79 0
60.8 0
60.81 0
60.82 0
60.83 0
60.84 0
60.85 0
60.86 0
60.87 0
60.88 0
60.89 0
60.9 0
60.91 0
60.92 0
60.93 0
60.94 0
60.95 0
60.96 0
60.97 0
60.98 0
60.99 0
61 0
61.01 0
61.02 0
61.03 0
61.04 0
61.05 0
61.06 0
61.07 0
61.08 0
61.09 0
61.1 0
61.11 0
61.12 0
61.13 0
61.14 0
61.15 0
61.16 0
61.17 0
61.18 0
61.19 0
61.2 0
61.21 0
61.22 0
61.23 0
61.24 0
61.25 0
61.26 0
61.27 0
61.28 0
61.29 0
61.3 0
61.31 0
61.32 0
61.33 0
61.34 0
61.35 0
61.36 0
61.37 0
61.38 0
61.39 0
61.4 0
61.41 0
61.42 0
61.43 0
61.44 0
61.45 0
61.46 0
61.47 0
61.48 0
61.49 0
61.5 0
61.51 0
61.52 0
61.53 0
61.54 0
61.55 0
61.56 0
61.57 0
61.58 0
61.59 0
61.6 0
61.61 0
61.62 0
61.63 0
61.64 0
61.65 0
61.66 0
61.67 0
61.68 0
61.69 0
61.7 0
61.71 0
61.72 0
61.73 0
61.74 0
61.75 0
61.76 0
61.77 0
61.78 0
61.79 0
61.8 0
61.81 0
61.82 0
61.83 0
61.84 0
61.85 0
61.86 0
61.87 0
61.88 0
61.89 0
61.9 0
61.91 0
61.92 0
61.93 0
61.94 0
61.95 0
61.96 0
61.97 0
61.98 0
61.99 0
62 0
62.01 0
62.02 0
62.03 0
62.04 0
62.05 0
62.06 0
62.07 0
62.08 0
62.09 0
62.1 0
62.11 0
62.12 0
62.13 0
62.14 0
62.15 0
62.16 0
62.17 0
62.18 0
62.19 0
62.2 0
62.21 0
62.22 0
62.23 0
62.24 0
62.25 0
62.26 0
62.27 0
62.28 0
62.29 0
62.3 0
62.31 0
62.32 0
62.33 0
62.34 0
62.35 0
62.36 0
62.37 0
62.38 0
62.39 0
62.4 0
62.41 0
62.42 0
62.43 0
62.44 0
62.45 0
62.46 0
62.47 0
62.48 0
62.49 0
62.5 0
62.51 0
62.52 0
62.53 0
62.54 0
62.55 0
62.56 0
62.57 0
62.58 0
62.59 0
62.6 0
62.61 0
62.62 0
62.63 0
62.64 0
62.65 0
62.66 0
62.67 0
62.68 0
62.69 0
62.7 0
62.71 0
62.72 0
62.73 0
62.74 0
62.75 0
62.76 0
62.77 0
62.78 0
62.79 0
62.8 0
62.81 0
62.82 0
62.83 0
62.84 0
62.85 0
62.86 0
62.87 0
62.88 0
62.89 0
62.9 0
62.91 0
62.92 0
62.93 0
62.94 0
62.95 0
62.96 0
62.97 0
62.98 0
62.99 0
