0 0
0.01 0
0.02 0
0.03 0
0.04 0
0.05 0
0.06 0
0.07 0
0.08 0
0.09 0
0.1 0
0.11 0
0.12 0
0.13 0
0.14 0
0.15 0
0.16 0
0.17 0
0.18 0
0.19 0
0.2 0
0.21 36
0.22 0
0.23 0
0.24 0
0.25 0
0.26 16
0.27 37
0.28 24
0.29 1
0.3 0
0.31 0
0.32 5
0.33 29
0.34 47
0.35 29
0.36 12
0.37 0
0.38 0
0.39 11
0.4 29
0.41 46
0.42 26
0.43 23
0.44 0
0.45 0
0.46 13
0.47 31
0.48 45
0.49 28
0.5 0
0.51 0
0.52 6
0.53 20
0.54 34
0.55 29
0.56 22
0.57 0
0.58 0
0.59 10
0.6 23
0.61 37
0.62 27
0.63 20
0.64 0
0.65 3
0.66 16
0.67 27
0.68 38
0.69 27
0.7 15
0.71 0
0.72 0
0.73 0
0.74 2
0.75 14
0.76 26
0.77 36
0.78 28
0.79 18
0.8 0
0.81 0
0.82 2
0.83 13
0.84 21
0.85 31
0.86 27
0.87 24
0.88 2
0.89 0
0.9 0
0.91 11
0.92 22
0.93 33
0.94 27
0.95 27
0.96 0
0.97 0
0.98 0
0.99 1
1 11
1.01 23
1.02 33
1.03 35
1.04 29
1.05 0
1.06 0
1.07 0
1.08 2
1.09 12
1.1 22
1.11 32
1.12 41
1.13 28
1.14 0
1.15 0
1.16 0
1.17 2
1.18 11
1.19 20
1.2 29
1.21 39
1.22 29
1.23 15
1.24 0
1.25 0
1.26 2
1.27 14
1.28 27
1.29 38
1.3 28
1.31 16
1.32 0
1.33 0
1.34 6
1.35 18
1.36 29
1.37 40
1.38 26
1.39 0
1.4 0
1.41 0
1.42 13
1.43 28
1.44 44
1.45 29
1.46 13
1.47 0
1.48 0
1.49 14
1.5 31
1.51 44
1.52 27
1.53 14
1.54 0
1.55 0
1.56 13
1.57 27
1.58 43
1.59 27
1.6 12
1.61 0
1.62 8
1.63 22
1.64 37
1.65 27
1.66 16
1.67 0
1.68 0
1.69 9
1.7 25
1.71 43
1.72 28
1.73 2
1.74 0
1.75 0
1.76 12
1.77 32
1.78 45
1.79 27
1.8 0
1.81 0
1.82 0
1.83 11
1.84 27
1.85 42
1.86 27
1.87 0
1.88 0
1.89 0
1.9 11
1.91 22
1.92 33
1.93 28
1.94 28
1.95 16
1.96 0
1.97 2
1.98 15
1.99 28
2 39
2.01 27
2.02 13
2.03 0
2.04 0
2.05 3
2.06 15
2.07 26
2.08 36
2.09 28
2.1 26
2.11 0
2.12 9
2.13 18
2.14 31
2.15 40
2.16 27
2.17 0
2.18 0
2.19 0
2.2 4
2.21 17
2.22 29
2.23 40
2.24 29
2.25 5
2.26 0
2.27 0
2.28 8
2.29 19
2.3 30
2.31 42
2.32 27
2.33 0
2.34 0
2.35 0
2.36 11
2.37 23
2.38 35
2.39 28
2.4 24
2.41 0
2.42 0
2.43 0
2.44 6
2.45 17
2.46 30
2.47 47
2.48 28
2.49 0
2.5 0
2.51 2
2.52 14
2.53 26
2.54 37
2.55 27
2.56 7
2.57 0
2.58 0
2.59 13
2.6 25
2.61 39
2.62 28
2.63 21
2.64 0
2.65 0
2.66 4
2.67 20
2.68 33
2.69 42
2.7 28
2.71 0
2.72 0
2.73 10
2.74 25
2.75 39
2.76 28
2.77 17
2.78 0
2.79 0
2.8 19
2.81 36
2.82 28
2.83 16
2.84 0
2.85 0
2.86 5
2.87 24
2.88 37
2.89 28
2.9 18
2.91 1
2.92 11
2.93 24
2.94 35
2.95 26
2.96 12
2.97 0
2.98 4
2.99 18
3 32
3.01 28
3.02 25
3.03 6
3.04 0
3.05 7
3.06 22
3.07 36
3.08 28
3.09 20
3.1 0
3.11 1
3.12 15
3.13 27
3.14 39
3.15 30
3.16 24
3.17 0
3.18 0
3.19 6
3.2 19
3.21 34
3.22 26
3.23 23
3.24 0
3.25 0
3.26 3
3.27 15
3.28 25
3.29 35
3.3 19
3.31 18
3.32 17
3.33 31
3.34 22
3.35 14
3.36 0
3.37 7
3.38 23
3.39 39
3.4 27
3.41 4
3.42 0
3.43 5
3.44 19
3.45 32
3.46 27
3.47 28
3.48 0
3.49 0
3.5 0
3.51 6
3.52 18
3.53 29
3.54 43
3.55 26
3.56 14
3.57 0
3.58 6
3.59 18
3.6 31
3.61 33
3.62 27
3.63 0
3.64 0
3.65 0
3.66 3
3.67 14
3.68 25
3.69 35
3.7 28
3.71 25
3.72 0
3.73 0
3.74 6
3.75 16
3.76 27
3.77 39
3.78 28
3.79 0
3.8 0
3.81 0
3.82 3
3.83 18
3.84 31
3.85 42
3.86 28
3.87 26
3.88 0
3.89 0
3.9 11
3.91 22
3.92 36
3.93 26
3.94 4
3.95 0
3.96 0
3.97 11
3.98 23
3.99 36
4 28
4.01 15
4.02 0
4.03 0
4.04 7
4.05 20
4.06 31
4.07 27
4.08 22
4.09 8
4.1 3
4.11 16
4.12 28
4.13 40
4.14 25
4.15 0
4.16 0
4.17 2
4.18 16
4.19 29
4.2 41
4.21 30
4.22 8
4.23 0
4.24 6
4.25 22
4.26 38
4.27 29
4.28 7
4.29 0
4.3 0
4.31 2
4.32 17
4.33 29
4.34 42
4.35 27
4.36 0
4.37 0
4.38 0
4.39 1
4.4 17
4.41 32
4.42 47
4.43 28
4.44 6
4.45 0
4.46 6
4.47 20
4.48 35
4.49 26
4.5 24
4.51 0
4.52 2
4.53 20
4.54 31
4.55 27
4.56 23
4.57 2
4.58 0
4.59 17
4.6 30
4.61 42
4.62 26
4.63 0
4.64 0
4.65 6
4.66 22
4.67 37
4.68 28
4.69 14
4.7 0
4.71 0
4.72 5
4.73 21
4.74 34
4.75 27
4.76 17
4.77 0
4.78 0
4.79 10
4.8 25
4.81 34
4.82 28
4.83 14
4.84 0
4.85 0
4.86 5
4.87 19
4.88 34
4.89 28
4.9 23
4.91 0
4.92 0
4.93 8
4.94 23
4.95 36
4.96 27
4.97 16
4.98 0
4.99 0
5 13
5.01 23
5.02 37
5.03 26
5.04 11
5.05 0
5.06 0
5.07 4
5.08 16
5.09 30
5.1 40
5.11 26
5.12 7
5.13 0
5.14 0
5.15 1
5.16 12
5.17 22
5.18 33
5.19 27
5.2 27
5.21 0
5.22 0
5.23 0
5.24 8
5.25 21
5.26 34
5.27 28
5.28 22
5.29 0
5.3 0
5.31 0
5.32 1
5.33 14
5.34 26
5.35 38
5.36 28
5.37 17
5.38 0
5.39 0
5.4 7
5.41 19
5.42 29
5.43 41
5.44 29
5.45 0
5.46 0
5.47 13
5.48 24
5.49 35
5.5 27
5.51 25
5.52 0
5.53 0
5.54 0
5.55 11
5.56 22
5.57 34
5.58 28
5.59 27
5.6 0
5.61 0
5.62 0
5.63 0
5.64 14
5.65 28
5.66 39
5.67 29
5.68 22
5.69 0
5.7 0
5.71 0
5.72 15
5.73 28
5.74 38
5.75 27
5.76 10
5.77 0
5.78 0
5.79 4
5.8 18
5.81 31
5.82 41
5.83 28
5.84 0
5.85 0
5.86 5
5.87 19
5.88 30
5.89 41
5.9 26
5.91 0
5.92 0
5.93 0
5.94 13
5.95 26
5.96 36
5.97 28
5.98 15
5.99 5
6 0
6.01 9
6.02 22
6.03 32
6.04 27
6.05 20
6.06 5
6.07 0
6.08 5
6.09 16
6.1 27
6.11 40
6.12 26
6.13 14
6.14 0
6.15 0
6.16 9
6.17 23
6.18 34
6.19 28
6.2 19
6.21 0
6.22 0
6.23 0
6.24 14
6.25 28
6.26 41
6.27 28
6.28 6
6.29 0
6.3 5
6.31 21
6.32 36
6.33 29
6.34 16
6.35 0
6.36 0
6.37 13
6.38 30
6.39 42
6.4 28
6.41 0
6.42 0
6.43 0
6.44 11
6.45 27
6.46 41
6.47 29
6.48 5
6.49 0
6.5 0
6.51 6
6.52 17
6.53 30
6.54 42
6.55 28
6.56 12
6.57 0
6.58 9
6.59 21
6.6 32
6.61 26
6.62 15
6.63 0
6.64 0
6.65 7
6.66 21
6.67 34
6.68 26
6.69 26
6.7 0
6.71 0
6.72 1
6.73 16
6.74 30
6.75 42
6.76 27
6.77 0
6.78 0
6.79 1
6.8 16
6.81 31
6.82 41
6.83 28
6.84 4
6.85 0
6.86 3
6.87 16
6.88 28
6.89 40
6.9 26
6.91 7
6.92 0
6.93 2
6.94 15
6.95 30
6.96 42
6.97 28
6.98 4
6.99 5
7 21
7.01 35
7.02 25
7.03 11
7.04 0
7.05 4
7.06 15
7.07 30
7.08 43
7.09 28
7.1 16
7.11 0
7.12 0
7.13 10
7.14 23
7.15 38
7.16 28
7.17 10
7.18 0
7.19 0
7.2 6
7.21 19
7.22 32
7.23 32
7.24 27
7.25 0
7.26 0
7.27 0
7.28 13
7.29 26
7.3 38
7.31 29
7.32 12
7.33 0
7.34 0
7.35 9
7.36 23
7.37 35
7.38 26
7.39 12
7.4 0
7.41 0
7.42 0
7.43 15
7.44 30
7.45 41
7.46 29
7.47 14
7.48 0
7.49 0
7.5 13
7.51 27
7.52 38
7.53 26
7.54 2
7.55 0
7.56 0
7.57 12
7.58 29
7.59 41
7.6 27
7.61 9
7.62 0
7.63 4
7.64 17
7.65 31
7.66 38
7.67 26
7.68 4
7.69 0
7.7 0
7.71 0
7.72 12
7.73 26
7.74 39
7.75 29
7.76 25
7.77 0
7.78 0
7.79 0
7.8 10
7.81 25
7.82 38
7.83 29
7.84 25
7.85 0
7.86 0
7.87 0
7.88 5
7.89 19
7.9 30
7.91 40
7.92 27
7.93 0
7.94 0
7.95 6
7.96 21
7.97 32
7.98 44
7.99 29
8 5
8.01 0
8.02 3
8.03 16
8.04 27
8.05 35
8.06 26
8.07 12
8.08 0
8.09 0
8.1 11
8.11 20
8.12 31
8.13 30
8.14 22
8.15 0
8.16 0
8.17 8
8.18 25
8.19 32
8.2 27
8.21 29
8.22 1
8.23 0
8.24 6
8.25 14
8.26 23
8.27 32
8.28 26
8.29 16
8.3 0
8.31 0
8.32 5
8.33 17
8.34 24
8.35 32
8.36 26
8.37 24
8.38 0
8.39 0
8.4 5
8.41 14
8.42 25
8.43 33
8.44 26
8.45 16
8.46 0
8.47 0
8.48 6
8.49 15
8.5 24
8.51 32
8.52 28
8.53 21
8.54 0
8.55 0
8.56 0
8.57 2
8.58 13
8.59 22
8.6 28
8.61 39
8.62 27
8.63 8
8.64 0
8.65 1
8.66 13
8.67 24
8.68 32
8.69 26
8.7 22
8.71 0
8.72 0
8.73 0
8.74 3
8.75 15
8.76 27
8.77 35
8.78 27
8.79 24
8.8 0
8.81 0
8.82 0
8.83 11
8.84 23
8.85 37
8.86 29
8.87 11
8.88 0
8.89 0
8.9 0
8.91 14
8.92 24
8.93 34
8.94 28
8.95 18
8.96 0
8.97 0
8.98 5
8.99 15
9 27
9.01 38
9.02 27
9.03 7
9.04 0
9.05 0
9.06 0
9.07 13
9.08 24
9.09 36
9.1 29
9.11 20
9.12 0
9.13 0
9.14 6
9.15 20
9.16 35
9.17 28
9.18 23
9.19 0
9.2 0
9.21 2
9.22 20
9.23 35
9.24 27
9.25 27
9.26 0
9.27 0
9.28 4
9.29 19
9.3 35
9.31 27
9.32 20
9.33 0
9.34 0
9.35 11
9.36 24
9.37 36
9.38 26
9.39 20
9.4 9
9.41 0
9.42 6
9.43 21
9.44 36
9.45 28
9.46 11
9.47 3
9.48 0
9.49 9
9.5 25
9.51 38
9.52 28
9.53 18
9.54 5
9.55 8
9.56 21
9.57 31
9.58 25
9.59 16
9.6 0
9.61 0
9.62 11
9.63 28
9.64 44
9.65 28
9.66 18
9.67 4
9.68 4
9.69 19
9.7 34
9.71 26
9.72 2
9.73 0
9.74 0
9.75 5
9.76 21
9.77 35
9.78 27
9.79 18
9.8 8
9.81 6
9.82 21
9.83 35
9.84 25
9.85 3
9.86 0
9.87 7
9.88 19
9.89 34
9.9 28
9.91 28
9.92 0
9.93 0
9.94 0
9.95 9
9.96 22
9.97 34
9.98 26
9.99 20
10 0
10.01 0
10.02 3
10.03 15
10.04 19
10.05 31
10.06 27
10.07 22
10.08 0
10.09 0
10.1 0
10.11 8
10.12 21
10.13 34
10.14 27
10.15 27
10.16 0
10.17 0
10.18 0
10.19 0
10.2 8
10.21 22
10.22 33
10.23 43
10.24 28
10.25 0
10.26 0
10.27 0
10.28 8
10.29 21
10.3 34
10.31 28
10.32 14
10.33 0
10.34 0
10.35 4
10.36 15
10.37 29
10.38 40
10.39 27
10.4 9
10.41 0
10.42 0
10.43 3
10.44 16
10.45 29
10.46 42
10.47 29
10.48 18
10.49 4
10.5 0
10.51 7
10.52 19
10.53 31
10.54 35
10.55 28
10.56 0
10.57 0
10.58 2
10.59 15
10.6 27
10.61 36
10.62 27
10.63 20
10.64 0
10.65 0
10.66 4
10.67 15
10.68 26
10.69 38
10.7 28
10.71 18
10.72 0
10.73 0
10.74 4
10.75 15
10.76 26
10.77 36
10.78 27
10.79 19
10.8 0
10.81 0
10.82 0
10.83 0
10.84 9
10.85 19
10.86 28
10.87 36
10.88 28
10.89 14
10.9 0
10.91 0
10.92 5
10.93 12
10.94 24
10.95 34
10.96 28
10.97 18
10.98 0
10.99 0
11 0
11.01 3
11.02 14
11.03 26
11.04 35
11.05 28
11.06 19
11.07 0
11.08 0
11.09 0
11.1 9
11.11 22
11.12 32
11.13 42
11.14 28
11.15 0
11.16 0
11.17 0
11.18 0
11.19 10
11.2 21
11.21 32
11.22 37
11.23 29
11.24 11
11.25 0
11.26 0
11.27 9
11.28 19
11.29 28
11.3 37
11.31 27
11.32 0
11.33 0
11.34 6
11.35 16
11.36 28
11.37 38
11.38 26
11.39 11
11.4 0
11.41 2
11.42 15
11.43 26
11.44 36
11.45 26
11.46 12
11.47 0
11.48 0
11.49 0
11.5 9
11.51 21
11.52 33
11.53 29
11.54 25
11.55 3
11.56 0
11.57 2
11.58 15
11.59 29
11.6 41
11.61 28
11.62 16
11.63 0
11.64 12
11.65 26
11.66 36
11.67 26
11.68 0
11.69 0
11.7 0
11.71 10
11.72 22
11.73 36
11.74 29
11.75 25
11.76 0
11.77 0
11.78 0
11.79 16
11.8 30
11.81 43
11.82 28
11.83 19
11.84 0
11.85 0
11.86 3
11.87 18
11.88 33
11.89 27
11.9 24
11.91 7
11.92 0
11.93 2
11.94 14
11.95 26
11.96 38
11.97 26
11.98 10
11.99 0
12 7
12.01 18
12.02 31
12.03 37
12.04 29
12.05 0
12.06 0
12.07 0
12.08 4
12.09 18
12.1 31
12.11 42
12.12 27
12.13 11
12.14 0
12.15 0
12.16 0
12.17 8
12.18 23
12.19 33
12.2 28
12.21 25
12.22 19
12.23 0
12.24 0
12.25 7
12.26 19
12.27 33
12.28 27
12.29 21
12.3 11
12.31 0
12.32 9
12.33 20
12.34 29
12.35 25
12.36 25
12.37 0
12.38 0
12.39 2
12.4 21
12.41 31
12.42 43
12.43 29
12.44 0
12.45 0
12.46 0
12.47 12
12.48 27
12.49 40
12.5 28
12.51 18
12.52 0
12.53 0
12.54 7
12.55 21
12.56 34
12.57 28
12.58 17
12.59 4
12.6 0
12.61 0
12.62 12
12.63 25
12.64 35
12.65 26
12.66 17
12.67 0
12.68 0
12.69 14
12.7 30
12.71 43
12.72 28
12.73 14
12.74 0
12.75 0
12.76 18
12.77 35
12.78 27
12.79 27
12.8 5
12.81 0
12.82 0
12.83 7
12.84 22
12.85 34
12.86 28
12.87 7
12.88 0
12.89 0
12.9 0
12.91 18
12.92 35
12.93 27
12.94 21
12.95 0
12.96 0
12.97 0
12.98 12
12.99 27
13 41
13.01 28
13.02 0
13.03 0
13.04 0
13.05 0
13.06 16
13.07 29
13.08 42
13.09 28
13.1 17
13.11 0
13.12 0
13.13 13
13.14 30
13.15 41
13.16 27
13.17 1
13.18 0
13.19 0
13.2 10
13.21 23
13.22 35
13.23 27
13.24 18
13.25 0
13.26 0
13.27 11
13.28 22
13.29 36
13.3 27
13.31 10
13.32 0
13.33 0
13.34 5
13.35 21
13.36 35
13.37 28
13.38 20
13.39 0
13.4 0
13.41 1
13.42 13
13.43 28
13.44 42
13.45 28
13.46 10
13.47 0
13.48 0
13.49 5
13.5 19
13.51 32
13.52 31
13.53 26
13.54 0
13.55 0
13.56 0
13.57 7
13.58 18
13.59 31
13.6 41
13.61 26
13.62 0
13.63 0
13.64 0
13.65 0
13.66 10
13.67 24
13.68 34
13.69 28
13.7 26
13.71 3
13.72 0
13.73 7
13.74 18
13.75 29
13.76 40
13.77 27
13.78 11
13.79 7
13.8 17
13.81 29
13.82 23
13.83 11
13.84 0
13.85 3
13.86 18
13.87 32
13.88 27
13.89 22
13.9 0
13.91 0
13.92 0
13.93 12
13.94 27
13.95 40
13.96 28
13.97 11
13.98 0
13.99 0
14 0
14.01 7
14.02 21
14.03 31
14.04 42
14.05 28
14.06 0
14.07 0
14.08 0
14.09 9
14.1 20
14.11 32
14.12 27
14.13 17
14.14 0
14.15 0
14.16 6
14.17 18
14.18 32
14.19 26
14.2 25
14.21 0
14.22 0
14.23 0
14.24 8
14.25 21
14.26 33
14.27 29
14.28 21
14.29 0
14.3 0
14.31 1
14.32 13
14.33 26
14.34 39
14.35 27
14.36 0
14.37 0
14.38 0
14.39 0
14.4 11
14.41 7
14.42 17
14.43 26
14.44 36
14.45 28
14.46 18
14.47 0
14.48 0
14.49 13
14.5 25
14.51 36
14.52 27
14.53 11
14.54 0
14.55 0
14.56 0
14.57 10
14.58 25
14.59 35
14.6 28
14.61 21
14.62 0
14.63 0
14.64 0
14.65 14
14.66 27
14.67 40
14.68 28
14.69 14
14.7 0
14.71 0
14.72 8
14.73 21
14.74 34
14.75 27
14.76 10
14.77 0
14.78 0
14.79 5
14.8 18
14.81 29
14.82 40
14.83 27
14.84 3
14.85 0
14.86 5
14.87 14
14.88 26
14.89 40
14.9 27
14.91 16
14.92 0
14.93 0
14.94 0
14.95 9
14.96 23
14.97 34
14.98 29
14.99 22
15 0
15.01 0
15.02 0
15.03 5
15.04 18
15.05 29
15.06 38
15.07 28
15.08 24
15.09 0
15.1 0
15.11 3
15.12 15
15.13 27
15.14 36
15.15 27
15.16 10
15.17 0
15.18 0
15.19 11
15.2 23
15.21 36
15.22 26
15.23 22
15.24 0
15.25 0
15.26 0
15.27 6
15.28 18
15.29 29
15.3 36
15.31 27
15.32 6
15.33 0
15.34 0
15.35 6
15.36 21
15.37 32
15.38 28
15.39 22
15.4 6
15.41 0
15.42 8
15.43 20
15.44 33
15.45 27
15.46 20
15.47 0
15.48 0
15.49 6
15.5 18
15.51 28
15.52 40
15.53 26
15.54 8
15.55 0
15.56 8
15.57 18
15.58 27
15.59 36
15.6 25
15.61 3
15.62 0
15.63 0
15.64 14
15.65 25
15.66 34
15.67 29
15.68 11
15.69 0
15.7 0
15.71 0
15.72 6
15.73 17
15.74 28
15.75 40
15.76 30
15.77 20
15.78 0
15.79 5
15.8 16
15.81 26
15.82 34
15.83 13
15.84 12
15.85 11
15.86 19
15.87 28
15.88 22
15.89 14
15.9 0
15.91 0
15.92 0
15.93 12
15.94 24
15.95 35
15.96 27
15.97 13
15.98 0
15.99 0
16 0
16.01 7
16.02 21
16.03 31
16.04 41
16.05 28
16.06 0
16.07 0
16.08 0
16.09 2
16.1 12
16.11 22
16.12 32
16.13 30
16.14 23
16.15 0
16.16 0
16.17 0
16.18 6
16.19 16
16.2 27
16.21 35
16.22 28
16.23 19
16.24 0
16.25 0
16.26 4
16.27 15
16.28 27
16.29 39
16.3 27
16.31 16
16.32 0
16.33 0
16.34 8
16.35 20
16.36 33
16.37 26
16.38 22
16.39 0
16.4 0
16.41 10
16.42 23
16.43 33
16.44 29
16.45 23
16.46 0
16.47 0
16.48 2
16.49 19
16.5 33
16.51 29
16.52 26
16.53 0
16.54 0
16.55 0
16.56 11
16.57 23
16.58 39
16.59 29
16.6 19
16.61 0
16.62 0
16.63 6
16.64 21
16.65 31
16.66 26
16.67 21
16.68 1
16.69 0
16.7 0
16.71 7
16.72 20
16.73 33
16.74 27
16.75 26
16.76 0
16.77 0
16.78 0
16.79 11
16.8 25
16.81 40
16.82 30
16.83 18
16.84 0
16.85 0
16.86 12
16.87 27
16.88 39
16.89 27
16.9 3
16.91 0
16.92 0
16.93 10
16.94 24
16.95 38
16.96 27
16.97 5
16.98 0
16.99 0
17 0
17.01 12
17.02 23
17.03 32
17.04 27
17.05 26
17.06 11
17.07 9
17.08 9
17.09 23
17.1 35
17.11 25
17.12 13
17.13 0
17.14 0
17.15 11
17.16 26
17.17 36
17.18 26
17.19 17
17.2 0
17.21 0
17.22 0
17.23 4
17.24 18
17.25 29
17.26 40
17.27 28
17.28 4
17.29 0
17.3 0
17.31 7
17.32 18
17.33 27
17.34 37
17.35 28
17.36 7
17.37 0
17.38 0
17.39 0
17.4 9
17.41 20
17.42 30
17.43 38
17.44 27
17.45 0
17.46 0
17.47 0
17.48 0
17.49 11
17.5 21
17.51 32
17.52 42
17.53 28
17.54 0
17.55 0
17.56 0
17.57 10
17.58 24
17.59 34
17.6 28
17.61 15
17.62 0
17.63 0
17.64 0
17.65 10
17.66 21
17.67 35
17.68 27
17.69 25
17.7 3
17.71 0
17.72 6
17.73 18
17.74 28
17.75 40
17.76 27
17.77 0
17.78 0
17.79 0
17.8 2
17.81 13
17.82 27
17.83 40
17.84 28
17.85 12
17.86 0
17.87 0
17.88 7
17.89 22
17.9 34
17.91 28
17.92 24
17.93 5
17.94 15
17.95 26
17.96 22
17.97 16
17.98 0
17.99 0
18 4
18.01 19
18.02 32
18.03 45
18.04 29
18.05 3
18.06 0
18.07 0
18.08 13
18.09 27
18.1 42
18.11 28
18.12 13
18.13 0
18.14 0
18.15 16
18.16 30
18.17 27
18.18 20
18.19 4
18.2 3
18.21 19
18.22 31
18.23 28
18.24 21
18.25 0
18.26 0
18.27 16
18.28 32
18.29 26
18.3 26
18.31 7
18.32 0
18.33 11
18.34 23
18.35 39
18.36 28
18.37 4
18.38 0
18.39 1
18.4 15
18.41 27
18.42 39
18.43 28
18.44 20
18.45 0
18.46 0
18.47 13
18.48 25
18.49 39
18.5 26
18.51 3
18.52 0
18.53 0
18.54 11
18.55 26
18.56 41
18.57 28
18.58 9
18.59 0
18.6 3
18.61 16
18.62 29
18.63 40
18.64 25
18.65 0
18.66 0
18.67 0
18.68 0
18.69 11
18.7 23
18.71 35
18.72 29
18.73 19
18.74 0
18.75 0
18.76 7
18.77 18
18.78 28
18.79 38
18.8 28
18.81 8
18.82 0
18.83 6
18.84 18
18.85 31
18.86 29
18.87 20
18.88 0
18.89 0
18.9 0
18.91 12
18.92 26
18.93 36
18.94 26
18.95 17
18.96 10
18.97 18
18.98 28
18.99 23
19 15
19.01 0
19.02 0
19.03 7
19.04 19
19.05 34
19.06 27
19.07 25
19.08 0
19.09 0
19.1 0
19.11 7
19.12 23
19.13 36
19.14 28
19.15 18
19.16 0
19.17 0
19.18 0
19.19 8
19.2 24
19.21 36
19.22 26
19.23 23
19.24 2
19.25 0
19.26 0
19.27 5
19.28 16
19.29 31
19.3 43
19.31 27
19.32 14
19.33 7
19.34 12
19.35 25
19.36 23
19.37 18
19.38 12
19.39 1
19.4 13
19.41 26
19.42 39
19.43 27
19.44 0
19.45 0
19.46 0
19.47 14
19.48 28
19.49 41
19.5 29
19.51 9
19.52 0
19.53 12
19.54 22
19.55 36
19.56 26
19.57 10
19.58 0
19.59 1
19.6 13
19.61 25
19.62 36
19.63 26
19.64 18
19.65 0
19.66 0
19.67 9
19.68 22
19.69 33
19.7 25
19.71 22
19.72 10
19.73 4
19.74 14
19.75 26
19.76 36
19.77 27
19.78 12
19.79 0
19.8 0
19.81 13
19.82 26
19.83 39
19.84 27
19.85 9
19.86 0
19.87 0
19.88 0
19.89 13
19.9 24
19.91 36
19.92 29
19.93 14
19.94 0
19.95 0
19.96 11
19.97 24
19.98 37
19.99 28
20 1
20.01 0
20.02 0
20.03 3
20.04 20
20.05 33
20.06 46
20.07 28
20.08 0
20.09 0
20.1 0
20.11 10
20.12 25
20.13 39
20.14 29
20.15 23
20.16 3
20.17 0
20.18 8
20.19 20
20.2 34
20.21 26
20.22 20
20.23 0
20.24 0
20.25 9
20.26 22
20.27 33
20.28 28
20.29 23
20.3 0
20.31 0
20.32 0
20.33 10
20.34 24
20.35 36
20.36 27
20.37 20
20.38 0
20.39 0
20.4 0
20.41 6
20.42 17
20.43 30
20.44 40
20.45 27
20.46 1
20.47 0
20.48 0
20.49 5
20.5 20
20.51 33
20.52 36
20.53 28
20.54 0
20.55 0
20.56 11
20.57 28
20.58 39
20.59 25
20.6 3
20.61 0
20.62 0
20.63 12
20.64 25
20.65 38
20.66 31
20.67 13
20.68 4
20.69 0
20.7 14
20.71 27
20.72 39
20.73 27
20.74 0
20.75 0
20.76 0
20.77 3
20.78 16
20.79 28
20.8 39
20.81 28
20.82 10
20.83 0
20.84 0
20.85 2
20.86 16
20.87 27
20.88 36
20.89 27
20.9 19
20.91 0
20.92 0
20.93 0
20.94 7
20.95 19
20.96 31
20.97 41
20.98 28
20.99 6
21 0
21.01 4
21.02 16
21.03 28
21.04 39
21.05 26
21.06 11
21.07 0
21.08 0
21.09 15
21.1 26
21.11 35
21.12 28
21.13 25
21.14 0
21.15 0
21.16 7
21.17 17
21.18 27
21.19 36
21.2 26
21.21 15
21.22 0
21.23 0
21.24 9
21.25 21
21.26 30
21.27 39
21.28 26
21.29 0
21.3 0
21.31 0
21.32 7
21.33 17
21.34 28
21.35 36
21.36 26
21.37 8
21.38 0
21.39 0
21.4 0
21.41 12
21.42 24
21.43 35
21.44 28
21.45 18
21.46 2
21.47 0
21.48 0
21.49 9
21.5 20
21.51 30
21.52 41
21.53 28
21.54 0
21.55 0
21.56 0
21.57 0
21.58 11
21.59 23
21.6 37
21.61 28
21.62 26
21.63 0
21.64 0
21.65 0
21.66 10
21.67 26
21.68 41
21.69 28
21.7 2
21.71 0
21.72 0
21.73 12
21.74 27
21.75 38
21.76 26
21.77 19
21.78 0
21.79 0
21.8 5
21.81 17
21.82 31
21.83 40
21.84 26
21.85 3
21.86 0
21.87 2
21.88 17
21.89 29
21.9 42
21.91 28
21.92 10
21.93 0
21.94 0
21.95 2
21.96 16
21.97 30
21.98 43
21.99 30
22 0
22.01 0
22.02 3
22.03 17
22.04 27
22.05 39
22.06 26
22.07 21
22.08 0
22.09 0
22.1 7
22.11 20
22.12 32
22.13 26
22.14 20
22.15 0
22.16 0
22.17 2
22.18 15
22.19 28
22.2 42
22.21 27
22.22 16
22.23 0
22.24 3
22.25 15
22.26 27
22.27 37
22.28 28
22.29 4
22.3 0
22.31 0
22.32 12
22.33 21
22.34 31
22.35 31
22.36 23
22.37 0
22.38 0
22.39 0
22.4 4
22.41 11
22.42 22
22.43 31
22.44 40
22.45 28
22.46 0
22.47 0
22.48 0
22.49 0
22.5 1
22.51 11
22.52 22
22.53 32
22.54 41
22.55 29
22.56 0
22.57 0
22.58 0
22.59 10
22.6 18
22.61 27
22.62 38
22.63 27
22.64 0
22.65 0
22.66 0
22.67 0
22.68 5
22.69 20
22.7 30
22.71 44
22.72 30
22.73 0
22.74 0
22.75 0
22.76 13
22.77 24
22.78 33
22.79 27
22.8 15
22.81 1
22.82 0
22.83 0
22.84 12
22.85 22
22.86 33
22.87 27
22.88 19
22.89 0
22.9 0
22.91 0
22.92 6
22.93 21
22.94 33
22.95 33
22.96 26
22.97 5
22.98 0
22.99 0
23 4
23.01 17
23.02 29
23.03 42
23.04 28
23.05 4
23.06 0
23.07 1
23.08 14
23.09 27
23.1 38
23.11 27
23.12 20
23.13 0
23.14 0
23.15 8
23.16 23
23.17 35
23.18 28
23.19 17
23.2 0
23.21 0
23.22 8
23.23 22
23.24 39
23.25 28
23.26 17
23.27 0
23.28 4
23.29 22
23.3 40
23.31 27
23.32 27
23.33 0
23.34 0
23.35 7
23.36 22
23.37 34
23.38 26
23.39 22
23.4 0
23.41 0
23.42 5
23.43 18
23.44 31
23.45 33
23.46 24
23.47 15
23.48 0
23.49 0
23.5 13
23.51 29
23.52 40
23.53 27
23.54 0
23.55 0
23.56 0
23.57 2
23.58 16
23.59 30
23.6 42
23.61 29
23.62 0
23.63 0
23.64 0
23.65 7
23.66 19
23.67 33
23.68 31
23.69 25
23.7 0
23.71 0
23.72 0
23.73 14
23.74 28
23.75 43
23.76 28
23.77 1
23.78 0
23.79 0
23.8 0
23.81 11
23.82 23
23.83 33
23.84 30
23.85 21
23.86 8
23.87 0
23.88 0
23.89 7
23.9 17
23.91 26
23.92 37
23.93 27
23.94 2
23.95 0
23.96 0
23.97 0
23.98 7
23.99 20
24 31
24.01 40
24.02 28
24.03 5
24.04 0
24.05 0
24.06 5
24.07 19
24.08 31
24.09 42
24.1 27
24.11 18
24.12 0
24.13 2
24.14 12
24.15 22
24.16 33
24.17 26
24.18 9
24.19 0
24.2 0
24.21 0
24.22 2
24.23 14
24.24 24
24.25 35
24.26 28
24.27 11
24.28 0
24.29 0
24.3 0
24.31 10
24.32 18
24.33 29
24.34 40
24.35 27
24.36 1
24.37 0
24.38 0
24.39 3
24.4 20
24.41 34
24.42 27
24.43 29
24.44 0
24.45 0
24.46 9
24.47 23
24.48 37
24.49 30
24.5 15
24.51 0
24.52 0
24.53 5
24.54 19
24.55 32
24.56 35
24.57 28
24.58 20
24.59 0
24.6 0
24.61 0
24.62 8
24.63 20
24.64 31
24.65 43
24.66 28
24.67 0
24.68 0
24.69 4
24.7 17
24.71 31
24.72 42
24.73 29
24.74 15
24.75 0
24.76 15
24.77 32
24.78 27
24.79 28
24.8 0
24.81 0
24.82 7
24.83 22
24.84 37
24.85 29
24.86 24
24.87 0
24.88 0
24.89 13
24.9 25
24.91 38
24.92 27
24.93 13
24.94 0
24.95 4
24.96 16
24.97 29
24.98 32
24.99 23
25 0
25.01 0
25.02 5
25.03 20
25.04 30
25.05 40
25.06 26
25.07 15
25.08 0
25.09 0
25.1 2
25.11 18
25.12 31
25.13 44
25.14 28
25.15 6
25.16 0
25.17 0
25.18 8
25.19 21
25.2 35
25.21 28
25.22 21
25.23 0
25.24 6
25.25 20
25.26 31
25.27 28
25.28 25
25.29 14
25.3 0
25.31 8
25.32 21
25.33 33
25.34 28
25.35 28
25.36 3
25.37 0
25.38 0
25.39 10
25.4 23
25.41 34
25.42 28
25.43 21
25.44 0
25.45 0
25.46 4
25.47 15
25.48 29
25.49 43
25.5 28
25.51 18
25.52 0
25.53 0
25.54 7
25.55 21
25.56 32
25.57 26
25.58 26
25.59 0
25.6 0
25.61 0
25.62 13
25.63 26
25.64 41
25.65 28
25.66 0
25.67 0
25.68 2
25.69 14
25.7 27
25.71 39
25.72 29
25.73 6
25.74 0
25.75 11
25.76 24
25.77 36
25.78 26
25.79 0
25.8 0
25.81 0
25.82 4
25.83 21
25.84 33
25.85 31
25.86 23
25.87 5
25.88 0
25.89 0
25.9 7
25.91 21
25.92 37
25.93 28
25.94 22
25.95 0
25.96 0
25.97 0
25.98 4
25.99 18
26 30
26.01 42
26.02 27
26.03 0
26.04 0
26.05 1
26.06 15
26.07 26
26.08 39
26.09 28
26.1 26
26.11 0
26.12 0
26.13 0
26.14 13
26.15 25
26.16 39
26.17 28
26.18 11
26.19 0
26.2 4
26.21 17
26.22 28
26.23 39
26.24 27
26.25 0
26.26 0
26.27 0
26.28 0
26.29 12
26.3 25
26.31 36
26.32 28
26.33 20
26.34 0
26.35 0
26.36 0
26.37 7
26.38 22
26.39 34
26.4 30
26.41 27
26.42 9
26.43 0
26.44 0
26.45 1
26.46 14
26.47 26
26.48 36
26.49 28
26.5 23
26.51 0
26.52 0
26.53 0
26.54 10
26.55 25
26.56 37
26.57 28
26.58 9
26.59 0
26.6 0
26.61 0
26.62 13
26.63 25
26.64 35
26.65 26
26.66 0
26.67 0
26.68 0
26.69 0
26.7 6
26.71 19
26.72 30
26.73 41
26.74 27
26.75 9
26.76 0
26.77 0
26.78 0
26.79 10
26.8 23
26.81 37
26.82 29
26.83 27
26.84 0
26.85 0
26.86 2
26.87 17
26.88 30
26.89 42
26.9 29
26.91 0
26.92 0
26.93 0
26.94 13
26.95 26
26.96 39
26.97 28
26.98 23
26.99 0
27 0
27.01 13
27.02 28
27.03 40
27.04 25
27.05 2
27.06 0
27.07 0
27.08 4
27.09 15
27.1 28
27.11 40
27.12 27
27.13 8
27.14 0
27.15 0
27.16 0
27.17 13
27.18 27
27.19 40
27.2 28
27.21 18
27.22 0
27.23 0
27.24 0
27.25 12
27.26 25
27.27 35
27.28 27
27.29 19
27.3 0
27.31 0
27.32 0
27.33 12
27.34 21
27.35 34
27.36 28
27.37 26
27.38 0
27.39 0
27.4 0
27.41 11
27.42 19
27.43 28
27.44 39
27.45 27
27.46 0
27.47 0
27.48 0
27.49 10
27.5 17
27.51 24
27.52 35
27.53 28
27.54 23
27.55 0
27.56 0
27.57 10
27.58 21
27.59 32
27.6 27
27.61 13
27.62 0
27.63 0
27.64 11
27.65 22
27.66 32
27.67 27
27.68 13
27.69 0
27.7 0
27.71 0
27.72 0
27.73 12
27.74 23
27.75 33
27.76 28
27.77 29
27.78 0
27.79 0
27.8 0
27.81 0
27.82 9
27.83 20
27.84 28
27.85 37
27.86 27
27.87 5
27.88 0
27.89 0
27.9 9
27.91 18
27.92 28
27.93 38
27.94 27
27.95 0
27.96 0
27.97 0
27.98 14
27.99 26
28 39
28.01 27
28.02 1
28.03 0
28.04 0
28.05 5
28.06 18
28.07 32
28.08 36
28.09 27
28.1 0
28.11 0
28.12 5
28.13 22
28.14 31
28.15 26
28.16 21
28.17 0
28.18 0
28.19 9
28.2 26
28.21 39
28.22 26
28.23 4
28.24 0
28.25 0
28.26 8
28.27 22
28.28 37
28.29 27
28.3 11
28.31 0
28.32 0
28.33 13
28.34 28
28.35 41
28.36 29
28.37 20
28.38 0
28.39 0
28.4 9
28.41 23
28.42 39
28.43 28
28.44 11
28.45 0
28.46 5
28.47 22
28.48 32
28.49 26
28.5 25
28.51 9
28.52 12
28.53 25
28.54 23
28.55 25
28.56 0
28.57 0
28.58 0
28.59 12
28.6 29
28.61 47
28.62 28
28.63 3
28.64 0
28.65 9
28.66 26
28.67 38
28.68 25
28.69 5
28.7 0
28.71 9
28.72 24
28.73 38
28.74 29
28.75 24
28.76 12
28.77 8
28.78 23
28.79 27
28.8 17
28.81 0
28.82 0
28.83 9
28.84 26
28.85 36
28.86 27
28.87 12
28.88 0
28.89 0
28.9 10
28.91 24
28.92 36
28.93 27
28.94 14
28.95 0
28.96 0
28.97 6
28.98 19
28.99 32
29 28
29.01 28
29.02 3
29.03 0
29.04 0
29.05 14
29.06 26
29.07 38
29.08 27
29.09 0
29.1 0
29.11 0
29.12 6
29.13 21
29.14 33
29.15 33
29.16 26
29.17 0
29.18 0
29.19 3
29.2 18
29.21 30
29.22 39
29.23 27
29.24 8
29.25 0
29.26 0
29.27 8
29.28 19
29.29 31
29.3 39
29.31 27
29.32 15
29.33 0
29.34 0
29.35 2
29.36 17
29.37 28
29.38 39
29.39 27
29.4 11
29.41 0
29.42 0
29.43 5
29.44 20
29.45 34
29.46 33
29.47 26
29.48 7
29.49 0
29.5 0
29.51 13
29.52 25
29.53 36
29.54 27
29.55 22
29.56 0
29.57 0
29.58 0
29.59 6
29.6 18
29.61 29
29.62 43
29.63 29
29.64 2
29.65 0
29.66 0
29.67 3
29.68 19
29.69 32
29.7 43
29.71 29
29.72 2
29.73 0
29.74 0
29.75 3
29.76 17
29.77 29
29.78 42
29.79 30
29.8 0
29.81 0
29.82 0
29.83 7
29.84 19
29.85 29
29.86 40
29.87 28
29.88 0
29.89 0
29.9 3
29.91 16
29.92 29
29.93 39
29.94 26
29.95 11
29.96 0
29.97 0
29.98 12
29.99 28
30 40
30.01 27
30.02 9
30.03 0
30.04 0
30.05 6
30.06 21
30.07 35
30.08 27
30.09 16
30.1 0
30.11 0
30.12 0
30.13 9
30.14 23
30.15 36
30.16 26
30.17 26
30.18 0
30.19 0
30.2 1
30.21 13
30.22 26
30.23 39
30.24 26
30.25 23
30.26 0
30.27 0
30.28 3
30.29 13
30.3 22
30.31 34
30.32 28
30.33 21
30.34 0
30.35 0
30.36 0
30.37 7
30.38 18
30.39 26
30.4 34
30.41 26
30.42 24
30.43 0
30.44 0
30.45 0
30.46 0
30.47 7
30.48 18
30.49 27
30.5 36
30.51 29
30.52 15
30.53 0
30.54 0
30.55 6
30.56 16
30.57 24
30.58 33
30.59 28
30.6 15
30.61 0
30.62 0
30.63 0
30.64 2
30.65 13
30.66 23
30.67 33
30.68 42
30.69 29
30.7 8
30.71 4
30.72 16
30.73 26
30.74 23
30.75 14
30.76 0
30.77 0
30.78 0
30.79 11
30.8 23
30.81 34
30.82 28
30.83 24
30.84 1
30.85 0
30.86 12
30.87 24
30.88 32
30.89 26
30.9 17
30.91 0
30.92 0
30.93 5
30.94 16
30.95 27
30.96 38
30.97 27
30.98 7
30.99 0
31 0
31.01 7
31.02 20
31.03 33
31.04 27
31.05 21
31.06 1
31.07 0
31.08 0
31.09 13
31.1 25
31.11 36
31.12 28
31.13 9
31.14 0
31.15 0
31.16 11
31.17 24
31.18 37
31.19 26
31.2 24
31.21 0
31.22 0
31.23 4
31.24 19
31.25 36
31.26 28
31.27 17
31.28 0
31.29 7
31.3 19
31.31 33
31.32 26
31.33 14
31.34 1
31.35 0
31.36 0
31.37 9
31.38 22
31.39 36
31.4 28
31.41 27
31.42 4
31.43 0
31.44 3
31.45 17
31.46 30
31.47 43
31.48 26
31.49 4
31.5 0
31.51 7
31.52 19
31.53 36
31.54 26
31.55 18
31.56 0
31.57 0
31.58 13
31.59 29
31.6 44
31.61 28
31.62 0
31.63 0
31.64 0
31.65 14
31.66 29
31.67 41
31.68 27
31.69 12
31.7 0
31.71 3
31.72 16
31.73 28
31.74 38
31.75 27
31.76 0
31.77 0
31.78 0
31.79 11
31.8 24
31.81 37
31.82 29
31.83 25
31.84 7
31.85 0
31.86 12
31.87 24
31.88 35
31.89 27
31.9 3
31.91 0
31.92 0
31.93 7
31.94 20
31.95 32
31.96 27
31.97 26
31.98 0
31.99 0
32 0
32.01 6
32.02 19
32.03 30
32.04 41
32.05 27
32.06 0
32.07 0
32.08 0
32.09 8
32.1 20
32.11 30
32.12 39
32.13 27
32.14 4
32.15 0
32.16 0
32.17 4
32.18 14
32.19 26
32.2 36
32.21 28
32.22 23
32.23 0
32.24 0
32.25 2
32.26 14
32.27 24
32.28 35
32.29 28
32.3 20
32.31 0
32.32 0
32.33 4
32.34 19
32.35 29
32.36 39
32.37 26
32.38 6
32.39 0
32.4 1
32.41 14
32.42 26
32.43 38
32.44 27
32.45 7
32.46 0
32.47 0
32.48 12
32.49 26
32.5 38
32.51 29
32.52 17
32.53 0
32.54 0
32.55 12
32.56 25
32.57 38
32.58 28
32.59 20
32.6 0
32.61 0
32.62 13
32.63 25
32.64 39
32.65 27
32.66 19
32.67 0
32.68 0
32.69 12
32.7 27
32.71 40
32.72 27
32.73 14
32.74 0
32.75 0
32.76 12
32.77 27
32.78 39
32.79 28
32.8 9
32.81 0
32.82 0
32.83 14
32.84 26
32.85 40
32.86 27
32.87 15
32.88 0
32.89 5
32.9 15
32.91 30
32.92 33
32.93 24
32.94 0
32.95 0
32.96 5
32.97 20
32.98 36
32.99 28
33 22
33.01 0
33.02 0
33.03 7
33.04 21
33.05 34
33.06 28
33.07 22
33.08 7
33.09 0
33.1 0
33.11 14
33.12 28
33.13 38
33.14 26
33.15 20
33.16 0
33.17 0
33.18 0
33.19 14
33.2 28
33.21 40
33.22 28
33.23 19
33.24 0
33.25 7
33.26 17
33.27 29
33.28 40
33.29 26
33.3 16
33.31 0
33.32 9
33.33 20
33.34 28
33.35 39
33.36 27
33.37 0
33.38 0
33.39 8
33.4 21
33.41 34
33.42 26
33.43 22
33.44 0
33.45 0
33.46 15
33.47 29
33.48 41
33.49 26
33.5 8
33.51 0
33.52 0
33.53 15
33.54 29
33.55 39
33.56 26
33.57 19
33.58 0
33.59 2
33.6 15
33.61 29
33.62 37
33.63 26
33.64 5
33.65 0
33.66 3
33.67 18
33.68 33
33.69 35
33.7 26
33.71 3
33.72 0
33.73 7
33.74 21
33.75 36
33.76 26
33.77 9
33.78 0
33.79 0
33.8 0
33.81 15
33.82 28
33.83 38
33.84 28
33.85 14
33.86 0
33.87 0
33.88 6
33.89 21
33.9 32
33.91 27
33.92 23
33.93 4
33.94 4
33.95 18
33.96 32
33.97 26
33.98 14
33.99 0
34 0
34.01 5
34.02 19
34.03 33
34.04 27
34.05 27
34.06 1
34.07 0
34.08 1
34.09 15
34.1 26
34.11 38
34.12 28
34.13 13
34.14 0
34.15 0
34.16 11
34.17 24
34.18 36
34.19 26
34.2 17
34.21 0
34.22 0
34.23 8
34.24 22
34.25 36
34.26 27
34.27 22
34.28 0
34.29 0
34.3 13
34.31 26
34.32 37
34.33 27
34.34 8
34.35 0
34.36 0
34.37 14
34.38 28
34.39 40
34.4 28
34.41 10
34.42 0
34.43 10
34.44 23
34.45 32
34.46 26
34.47 24
34.48 0
34.49 0
34.5 7
34.51 17
34.52 32
34.53 43
34.54 29
34.55 12
34.56 0
34.57 7
34.58 22
34.59 33
34.6 29
34.61 27
34.62 9
34.63 0
34.64 5
34.65 17
34.66 29
34.67 41
34.68 26
34.69 6
34.7 0
34.71 0
34.72 13
34.73 23
34.74 33
34.75 27
34.76 26
34.77 0
34.78 0
34.79 0
34.8 6
34.81 22
34.82 38
34.83 30
34.84 22
34.85 0
34.86 0
34.87 6
34.88 21
34.89 35
34.9 26
34.91 20
34.92 4
34.93 0
34.94 13
34.95 27
34.96 43
34.97 27
34.98 3
34.99 0
35 4
35.01 20
35.02 34
35.03 28
35.04 25
35.05 15
35.06 16
35.07 27
35.08 20
35.09 5
35.1 0
35.11 0
35.12 18
35.13 35
35.14 28
35.15 16
35.16 0
35.17 0
35.18 5
35.19 22
35.2 37
35.21 27
35.22 23
35.23 5
35.24 0
35.25 0
35.26 16
35.27 32
35.28 43
35.29 29
35.3 0
35.31 0
35.32 0
35.33 8
35.34 21
35.35 34
35.36 27
35.37 23
35.38 8
35.39 0
35.4 3
35.41 18
35.42 31
35.43 35
35.44 26
35.45 0
35.46 0
35.47 0
35.48 2
35.49 15
35.5 27
35.51 39
35.52 28
35.53 18
35.54 0
35.55 0
35.56 10
35.57 21
35.58 30
35.59 26
35.6 21
35.61 0
35.62 0
35.63 0
35.64 7
35.65 18
35.66 25
35.67 35
35.68 28
35.69 24
35.7 8
35.71 0
35.72 1
35.73 7
35.74 19
35.75 28
35.76 38
35.77 27
35.78 0
35.79 0
35.8 0
35.81 0
35.82 3
35.83 13
35.84 22
35.85 29
35.86 36
35.87 27
35.88 4
35.89 0
35.9 3
35.91 8
35.92 18
35.93 29
35.94 40
35.95 27
35.96 5
35.97 0
35.98 0
35.99 9
36 18
36.01 28
36.02 38
36.03 27
36.04 8
36.05 0
36.06 6
36.07 18
36.08 30
36.09 37
36.1 27
36.11 0
36.12 0
36.13 0
36.14 5
36.15 17
36.16 28
36.17 39
36.18 29
36.19 15
36.2 0
36.21 0
36.22 7
36.23 20
36.24 34
36.25 27
36.26 19
36.27 4
36.28 0
36.29 1
36.3 19
36.31 31
36.32 43
36.33 28
36.34 1
36.35 0
36.36 11
36.37 25
36.38 41
36.39 27
36.4 0
36.41 0
36.42 0
36.43 9
36.44 25
36.45 42
36.46 29
36.47 19
36.48 0
36.49 0
36.5 4
36.51 21
36.52 32
36.53 28
36.54 29
36.55 0
36.56 0
36.57 0
36.58 0
36.59 13
36.6 25
36.61 40
36.62 30
36.63 19
36.64 0
36.65 0
36.66 9
36.67 21
36.68 33
36.69 26
36.7 14
36.71 0
36.72 0
36.73 0
36.74 9
36.75 25
36.76 36
36.77 28
36.78 16
36.79 0
36.8 0
36.81 0
36.82 12
36.83 26
36.84 38
36.85 27
36.86 11
36.87 0
36.88 0
36.89 0
36.9 11
36.91 24
36.92 37
36.93 28
36.94 13
36.95 0
36.96 0
36.97 5
36.98 18
36.99 29
37 39
37.01 28
37.02 0
37.03 0
37.04 0
37.05 0
37.06 9
37.07 21
37.08 32
37.09 43
37.1 27
37.11 9
37.12 0
37.13 0
37.14 6
37.15 20
37.16 32
37.17 43
37.18 27
37.19 10
37.2 0
37.21 1
37.22 13
37.23 25
37.24 37
37.25 28
37.26 27
37.27 14
37.28 0
37.29 0
37.3 4
37.31 18
37.32 29
37.33 40
37.34 28
37.35 0
37.36 0
37.37 5
37.38 16
37.39 29
37.4 43
37.41 28
37.42 4
37.43 0
37.44 0
37.45 9
37.46 22
37.47 36
37.48 28
37.49 26
37.5 0
37.51 0
37.52 0
37.53 13
37.54 29
37.55 41
37.56 29
37.57 15
37.58 0
37.59 8
37.6 25
37.61 37
37.62 27
37.63 21
37.64 0
37.65 0
37.66 0
37.67 13
37.68 28
37.69 41
37.7 27
37.71 5
37.72 0
37.73 0
37.74 5
37.75 16
37.76 30
37.77 41
37.78 26
37.79 7
37.8 0
37.81 0
37.82 11
37.83 27
37.84 40
37.85 29
37.86 19
37.87 0
37.88 0
37.89 16
37.9 28
37.91 41
37.92 27
37.93 10
37.94 0
37.95 3
37.96 13
37.97 27
37.98 39
37.99 29
38 18
38.01 0
38.02 0
38.03 0
38.04 12
38.05 25
38.06 37
38.07 28
38.08 9
38.09 7
38.1 2
38.11 11
38.12 23
38.13 35
38.14 28
38.15 12
38.16 0
38.17 0
38.18 14
38.19 27
38.2 39
38.21 26
38.22 0
38.23 0
38.24 0
38.25 2
38.26 14
38.27 25
38.28 37
38.29 29
38.3 18
38.31 0
38.32 0
38.33 5
38.34 18
38.35 28
38.36 39
38.37 28
38.38 14
38.39 0
38.4 5
38.41 17
38.42 27
38.43 40
38.44 28
38.45 11
38.46 0
38.47 0
38.48 0
38.49 13
38.5 26
38.51 37
38.52 26
38.53 14
38.54 0
38.55 0
38.56 0
38.57 13
38.58 28
38.59 40
38.6 28
38.61 18
38.62 0
38.63 0
38.64 3
38.65 17
38.66 31
38.67 42
38.68 27
38.69 6
38.7 0
38.71 0
38.72 3
38.73 20
38.74 35
38.75 28
38.76 27
38.77 9
38.78 3
38.79 9
38.8 20
38.81 33
38.82 29
38.83 14
38.84 0
38.85 0
38.86 0
38.87 9
38.88 23
38.89 38
38.9 27
38.91 27
38.92 0
38.93 0
38.94 3
38.95 15
38.96 29
38.97 39
38.98 27
38.99 0
39 0
39.01 0
39.02 11
39.03 28
39.04 39
39.05 27
39.06 11
39.07 0
39.08 0
39.09 3
39.1 16
39.11 29
39.12 40
39.13 27
39.14 0
39.15 0
39.16 0
39.17 3
39.18 14
39.19 25
39.2 34
39.21 27
39.22 24
39.23 0
39.24 0
39.25 0
39.26 11
39.27 24
39.28 35
39.29 28
39.3 18
39.31 0
39.32 0
39.33 10
39.34 23
39.35 32
39.36 27
39.37 20
39.38 5
39.39 0
39.4 12
39.41 22
39.42 33
39.43 26
39.44 24
39.45 0
39.46 0
39.47 0
39.48 12
39.49 23
39.5 35
39.51 28
39.52 21
39.53 0
39.54 0
39.55 0
39.56 9
39.57 21
39.58 34
39.59 37
39.6 29
39.61 3
39.62 0
39.63 0
39.64 6
39.65 20
39.66 32
39.67 27
39.68 19
39.69 0
39.7 0
39.71 3
39.72 15
39.73 28
39.74 41
39.75 28
39.76 0
39.77 0
39.78 0
39.79 12
39.8 24
39.81 33
39.82 26
39.83 23
39.84 0
39.85 0
39.86 0
39.87 13
39.88 26
39.89 39
39.9 29
39.91 11
39.92 0
39.93 4
39.94 21
39.95 37
39.96 28
39.97 11
39.98 0
39.99 0
40 10
40.01 27
40.02 42
40.03 28
40.04 0
40.05 0
40.06 0
40.07 0
40.08 20
40.09 33
40.1 36
40.11 28
40.12 0
40.13 0
40.14 4
40.15 22
40.16 37
40.17 28
40.18 16
40.19 5
40.2 3
40.21 18
40.22 32
40.23 29
40.24 19
40.25 0
40.26 0
40.27 0
40.28 16
40.29 32
40.3 40
40.31 27
40.32 15
40.33 0
40.34 2
40.35 16
40.36 31
40.37 43
40.38 27
40.39 4
40.4 0
40.41 1
40.42 17
40.43 32
40.44 44
40.45 29
40.46 19
40.47 0
40.48 0
40.49 13
40.5 25
40.51 37
40.52 26
40.53 10
40.54 0
40.55 0
40.56 0
40.57 9
40.58 22
40.59 31
40.6 41
40.61 28
40.62 19
40.63 0
40.64 0
40.65 2
40.66 14
40.67 27
40.68 36
40.69 28
40.7 12
40.71 0
40.72 0
40.73 0
40.74 6
40.75 17
40.76 29
40.77 42
40.78 29
40.79 0
40.8 0
40.81 0
40.82 1
40.83 14
40.84 26
40.85 36
40.86 28
40.87 27
40.88 0
40.89 4
40.9 14
40.91 24
40.92 34
40.93 26
40.94 17
40.95 0
40.96 0
40.97 10
40.98 22
40.99 34
41 25
41.01 16
41.02 0
41.03 0
41.04 10
41.05 21
41.06 34
41.07 28
41.08 16
41.09 0
41.1 0
41.11 0
41.12 10
41.13 26
41.14 41
41.15 29
41.16 20
41.17 0
41.18 0
41.19 5
41.2 20
41.21 33
41.22 29
41.23 19
41.24 0
41.25 0
41.26 8
41.27 20
41.28 35
41.29 26
41.3 12
41.31 0
41.32 0
41.33 12
41.34 29
41.35 43
41.36 27
41.37 15
41.38 0
41.39 14
41.4 30
41.41 45
41.42 28
41.43 3
41.44 0
41.45 0
41.46 12
41.47 24
41.48 35
41.49 26
41.5 10
41.51 0
41.52 0
41.53 0
41.54 16
41.55 32
41.56 45
41.57 27
41.58 8
41.59 0
41.6 0
41.61 5
41.62 21
41.63 34
41.64 27
41.65 24
41.66 3
41.67 0
41.68 12
41.69 25
41.7 38
41.71 29
41.72 21
41.73 0
41.74 1
41.75 13
41.76 25
41.77 37
41.78 28
41.79 1
41.8 0
41.81 2
41.82 16
41.83 28
41.84 37
41.85 27
41.86 22
41.87 0
41.88 0
41.89 5
41.9 19
41.91 32
41.92 38
41.93 28
41.94 0
41.95 0
41.96 9
41.97 21
41.98 32
41.99 25
42 15
42.01 0
42.02 0
42.03 7
42.04 20
42.05 30
42.06 43
42.07 27
42.08 11
42.09 0
42.1 2
42.11 13
42.12 26
42.13 37
42.14 28
42.15 4
42.16 0
42.17 0
42.18 0
42.19 8
42.2 20
42.21 31
42.22 42
42.23 30
42.24 8
42.25 0
42.26 0
42.27 0
42.28 12
42.29 26
42.3 37
42.31 28
42.32 9
42.33 0
42.34 0
42.35 9
42.36 23
42.37 38
42.38 29
42.39 10
42.4 0
42.41 2
42.42 18
42.43 31
42.44 42
42.45 30
42.46 5
42.47 0
42.48 4
42.49 18
42.5 30
42.51 44
42.52 27
42.53 0
42.54 0
42.55 8
42.56 22
42.57 34
42.58 29
42.59 26
42.6 0
42.61 0
42.62 2
42.63 15
42.64 32
42.65 29
42.66 21
42.67 10
42.68 5
42.69 11
42.7 26
42.71 36
42.72 29
42.73 12
42.74 0
42.75 0
42.76 11
42.77 24
42.78 39
42.79 28
42.8 13
42.81 0
42.82 0
42.83 12
42.84 26
42.85 39
42.86 27
42.87 2
42.88 0
42.89 0
42.9 12
42.91 28
42.92 41
42.93 29
42.94 9
42.95 0
42.96 7
42.97 21
42.98 35
42.99 27
43 25
43.01 2
43.02 9
43.03 20
43.04 31
43.05 24
43.06 18
43.07 0
43.08 0
43.09 7
43.1 21
43.11 34
43.12 27
43.13 17
43.14 0
43.15 0
43.16 0
43.17 10
43.18 23
43.19 33
43.2 28
43.21 28
43.22 0
43.23 0
43.24 10
43.25 21
43.26 32
43.27 27
43.28 27
43.29 10
43.3 0
43.31 2
43.32 13
43.33 23
43.34 32
43.35 25
43.36 13
43.37 0
43.38 0
43.39 5
43.4 22
43.41 32
43.42 42
43.43 26
43.44 0
43.45 0
43.46 0
43.47 14
43.48 27
43.49 36
43.5 28
43.51 18
43.52 8
43.53 0
43.54 1
43.55 9
43.56 20
43.57 32
43.58 38
43.59 28
43.6 0
43.61 0
43.62 0
43.63 5
43.64 16
43.65 28
43.66 40
43.67 27
43.68 9
43.69 0
43.7 0
43.71 4
43.72 17
43.73 29
43.74 40
43.75 29
43.76 7
43.77 0
43.78 12
43.79 25
43.8 38
43.81 28
43.82 11
43.83 0
43.84 0
43.85 5
43.86 17
43.87 31
43.88 43
43.89 27
43.9 5
43.91 0
43.92 6
43.93 19
43.94 33
43.95 27
43.96 20
43.97 0
43.98 0
43.99 8
44 22
44.01 35
44.02 27
44.03 16
44.04 6
44.05 6
44.06 23
44.07 40
44.08 28
44.09 19
44.1 0
44.11 4
44.12 23
44.13 38
44.14 26
44.15 12
44.16 0
44.17 0
44.18 5
44.19 21
44.2 36
44.21 26
44.22 22
44.23 2
44.24 0
44.25 7
44.26 21
44.27 34
44.28 27
44.29 16
44.3 0
44.31 0
44.32 2
44.33 15
44.34 29
44.35 42
44.36 27
44.37 11
44.38 3
44.39 14
44.4 24
44.41 33
44.42 23
44.43 0
44.44 0
44.45 2
44.46 16
44.47 28
44.48 39
44.49 27
44.5 21
44.51 0
44.52 0
44.53 4
44.54 14
44.55 27
44.56 38
44.57 27
44.58 1
44.59 0
44.6 0
44.61 15
44.62 29
44.63 41
44.64 28
44.65 7
44.66 0
44.67 0
44.68 8
44.69 21
44.7 30
44.71 40
44.72 27
44.73 0
44.74 0
44.75 0
44.76 0
44.77 11
44.78 25
44.79 34
44.8 27
44.81 18
44.82 0
44.83 0
44.84 0
44.85 8
44.86 21
44.87 33
44.88 35
44.89 26
44.9 3
44.91 0
44.92 2
44.93 14
44.94 24
44.95 36
44.96 27
44.97 20
44.98 5
44.99 2
45 13
45.01 24
45.02 34
45.03 26
45.04 16
45.05 0
45.06 0
45.07 0
45.08 13
45.09 26
45.1 39
45.11 28
45.12 7
45.13 0
45.14 0
45.15 8
45.16 22
45.17 36
45.18 27
45.19 15
45.2 0
45.21 0
45.22 0
45.23 6
45.24 21
45.25 36
45.26 29
45.27 28
45.28 0
45.29 0
45.3 11
45.31 26
45.32 40
45.33 27
45.34 6
45.35 0
45.36 0
45.37 15
45.38 29
45.39 41
45.4 27
45.41 0
45.42 0
45.43 0
45.44 5
45.45 23
45.46 39
45.47 27
45.48 23
45.49 0
45.5 0
45.51 7
45.52 20
45.53 35
45.54 28
45.55 20
45.56 0
45.57 0
45.58 9
45.59 22
45.6 36
45.61 26
45.62 13
45.63 0
45.64 0
45.65 13
45.66 27
45.67 40
45.68 28
45.69 24
45.7 9
45.71 15
45.72 21
45.73 26
45.74 23
45.75 0
45.76 0
45.77 0
45.78 7
45.79 22
45.8 37
45.81 27
45.82 18
45.83 3
45.84 0
45.85 15
45.86 29
45.87 38
45.88 26
45.89 13
45.9 0
45.91 8
45.92 22
45.93 35
45.94 27
45.95 20
45.96 0
45.97 0
45.98 9
45.99 21
46 32
46.01 26
46.02 10
46.03 0
46.04 0
46.05 8
46.06 18
46.07 32
46.08 27
46.09 19
46.1 0
46.11 0
46.12 11
46.13 25
46.14 38
46.15 27
46.16 23
46.17 0
46.18 0
46.19 2
46.2 17
46.21 28
46.22 40
46.23 28
46.24 0
46.25 0
46.26 0
46.27 0
46.28 13
46.29 24
46.3 33
46.31 28
46.32 28
46.33 0
46.34 0
46.35 0
46.36 8
46.37 25
46.38 38
46.39 28
46.4 22
46.41 0
46.42 0
46.43 4
46.44 18
46.45 30
46.46 43
46.47 28
46.48 0
46.49 0
46.5 8
46.51 19
46.52 33
46.53 27
46.54 27
46.55 0
46.56 0
46.57 0
46.58 15
46.59 27
46.6 40
46.61 28
46.62 10
46.63 0
46.64 5
46.65 18
46.66 29
46.67 41
46.68 28
46.69 0
46.7 0
46.71 0
46.72 16
46.73 31
46.74 40
46.75 28
46.76 9
46.77 0
46.78 0
46.79 13
46.8 27
46.81 40
46.82 30
46.83 14
46.84 0
46.85 5
46.86 20
46.87 30
46.88 26
46.89 24
46.9 0
46.91 0
46.92 6
46.93 20
46.94 36
46.95 27
46.96 22
46.97 6
46.98 12
46.99 25
47 24
47.01 20
47.02 0
47.03 0
47.04 1
47.05 14
47.06 28
47.07 37
47.08 28
47.09 16
47.1 0
47.11 0
47.12 0
47.13 3
47.14 17
47.15 31
47.16 42
47.17 28
47.18 3
47.19 0
47.2 1
47.21 14
47.22 23
47.23 34
47.24 26
47.25 23
47.26 0
47.27 0
47.28 0
47.29 5
47.3 16
47.31 27
47.32 35
47.33 26
47.34 27
47.35 0
47.36 4
47.37 16
47.38 26
47.39 38
47.4 26
47.41 4
47.42 0
47.43 6
47.44 16
47.45 28
47.46 39
47.47 29
47.48 0
47.49 0
47.5 0
47.51 2
47.52 12
47.53 25
47.54 38
47.55 28
47.56 25
47.57 0
47.58 0
47.59 0
47.6 11
47.61 24
47.62 36
47.63 27
47.64 11
47.65 0
47.66 0
47.67 10
47.68 24
47.69 35
47.7 27
47.71 21
47.72 0
47.73 0
47.74 0
47.75 0
47.76 13
47.77 25
47.78 36
47.79 28
47.8 17
47.81 0
47.82 0
47.83 3
47.84 16
47.85 28
47.86 37
47.87 27
47.88 14
47.89 4
47.9 15
47.91 22
47.92 31
47.93 26
47.94 18
47.95 0
47.96 0
47.97 0
47.98 12
47.99 29
48 41
48.01 29
48.02 15
48.03 0
48.04 1
48.05 18
48.06 31
48.07 26
48.08 26
48.09 2
48.1 0
48.11 6
48.12 22
48.13 36
48.14 29
48.15 14
48.16 0
48.17 0
48.18 7
48.19 20
48.2 31
48.21 26
48.22 21
48.23 0
48.24 0
48.25 3
48.26 14
48.27 30
48.28 44
48.29 27
48.3 22
48.31 0
48.32 0
48.33 4
48.34 19
48.35 30
48.36 42
48.37 28
48.38 0
48.39 0
48.4 0
48.41 13
48.42 27
48.43 39
48.44 27
48.45 19
48.46 0
48.47 0
48.48 12
48.49 25
48.5 39
48.51 27
48.52 15
48.53 0
48.54 0
48.55 2
48.56 18
48.57 32
48.58 42
48.59 27
48.6 4
48.61 0
48.62 15
48.63 28
48.64 41
48.65 28
48.66 3
48.67 0
48.68 8
48.69 20
48.7 37
48.71 30
48.72 28
48.73 4
48.74 0
48.75 11
48.76 24
48.77 35
48.78 27
48.79 11
48.8 0
48.81 0
48.82 10
48.83 22
48.84 36
48.85 28
48.86 16
48.87 0
48.88 0
48.89 6
48.9 17
48.91 29
48.92 40
48.93 28
48.94 18
48.95 0
48.96 0
48.97 3
48.98 16
48.99 29
49 41
49.01 29
49.02 6
49.03 0
49.04 0
49.05 0
49.06 8
49.07 21
49.08 34
49.09 28
49.1 28
49.11 0
49.12 0
49.13 7
49.14 18
49.15 32
49.16 26
49.17 26
49.18 10
49.19 0
49.2 9
49.21 23
49.22 36
49.23 26
49.24 23
49.25 0
49.26 11
49.27 21
49.28 34
49.29 28
49.3 22
49.31 8
49.32 5
49.33 19
49.34 31
49.35 24
49.36 9
49.37 0
49.38 0
49.39 9
49.4 22
49.41 34
49.42 27
49.43 15
49.44 0
49.45 0
49.46 0
49.47 11
49.48 24
49.49 36
49.5 27
49.51 11
49.52 0
49.53 5
49.54 17
49.55 28
49.56 40
49.57 26
49.58 0
49.59 0
49.6 0
49.61 7
49.62 17
49.63 28
49.64 39
49.65 27
49.66 14
49.67 0
49.68 0
49.69 5
49.7 20
49.71 32
49.72 42
49.73 27
49.74 0
49.75 0
49.76 6
49.77 21
49.78 33
49.79 31
49.8 26
49.81 5
49.82 0
49.83 10
49.84 22
49.85 34
49.86 25
49.87 13
49.88 0
49.89 0
49.9 8
49.91 23
49.92 37
49.93 29
49.94 8
49.95 0
49.96 0
49.97 11
49.98 23
49.99 35
50 27
50.01 14
50.02 0
50.03 0
50.04 6
50.05 19
50.06 31
50.07 39
50.08 27
50.09 0
50.1 0
50.11 0
50.12 13
50.13 25
50.14 37
50.15 26
50.16 13
50.17 0
50.18 2
50.19 11
50.2 23
50.21 33
50.22 28
50.23 22
50.24 11
50.25 4
50.26 5
50.27 18
50.28 24
50.29 32
50.3 27
50.31 9
50.32 0
50.33 0
50.34 7
50.35 22
50.36 37
50.37 27
50.38 16
50.39 0
50.4 0
50.41 1
50.42 18
50.43 29
50.44 40
50.45 27
50.46 5
50.47 0
50.48 0
50.49 1
50.5 15
50.51 28
50.52 40
50.53 30
50.54 0
50.55 0
50.56 0
50.57 0
50.58 9
50.59 22
50.6 34
50.61 28
50.62 22
50.63 0
50.64 0
50.65 0
50.66 3
50.67 17
50.68 29
50.69 39
50.7 28
50.71 17
50.72 0
50.73 0
50.74 0
50.75 2
50.76 14
50.77 28
50.78 38
50.79 28
50.8 20
50.81 0
50.82 0
50.83 0
50.84 0
50.85 13
50.86 26
50.87 35
50.88 28
50.89 11
50.9 0
50.91 1
50.92 12
50.93 22
50.94 32
50.95 26
50.96 21
50.97 0
50.98 0
50.99 3
51 16
51.01 30
51.02 43
51.03 28
51.04 10
51.05 0
51.06 0
51.07 0
51.08 12
51.09 24
51.1 34
51.11 28
51.12 27
51.13 0
51.14 0
51.15 0
51.16 12
51.17 24
51.18 35
51.19 27
51.2 13
51.21 0
51.22 0
51.23 0
51.24 13
51.25 25
51.26 38
51.27 30
51.28 11
51.29 0
51.3 0
51.31 4
51.32 18
51.33 30
51.34 42
51.35 27
51.36 6
51.37 0
51.38 13
51.39 26
51.4 33
51.41 25
51.42 13
51.43 0
51.44 0
51.45 17
51.46 29
51.47 44
51.48 27
51.49 13
51.5 0
51.51 6
51.52 20
51.53 33
51.54 27
51.55 19
51.56 0
51.57 5
51.58 18
51.59 30
51.6 25
51.61 8
51.62 0
51.63 0
51.64 0
51.65 8
51.66 21
51.67 33
51.68 43
51.69 30
51.7 0
51.71 0
51.72 2
51.73 17
51.74 29
51.75 42
51.76 27
51.77 7
51.78 0
51.79 0
51.8 10
51.81 22
51.82 33
51.83 27
51.84 19
51.85 1
51.86 0
51.87 4
51.88 15
51.89 28
51.9 38
51.91 29
51.92 8
51.93 0
51.94 0
51.95 0
51.96 5
51.97 17
51.98 28
51.99 39
52 29
52.01 0
52.02 0
52.03 0
52.04 0
52.05 14
52.06 26
52.07 39
52.08 29
52.09 18
52.1 0
52.11 0
52.12 7
52.13 19
52.14 30
52.15 33
52.16 25
52.17 0
52.18 0
52.19 0
52.2 14
52.21 26
52.22 37
52.23 26
52.24 0
52.25 0
52.26 0
52.27 3
52.28 15
52.29 26
52.3 38
52.31 27
52.32 1
52.33 0
52.34 0
52.35 0
52.36 9
52.37 18
52.38 30
52.39 41
52.4 29
52.41 6
52.42 0
52.43 0
52.44 2
52.45 15
52.46 26
52.47 38
52.48 28
52.49 23
52.5 8
52.51 0
52.52 9
52.53 19
52.54 32
52.55 33
52.56 29
52.57 4
52.58 0
52.59 0
52.6 0
52.61 14
52.62 28
52.63 39
52.64 29
52.65 18
52.66 0
52.67 0
52.68 10
52.69 23
52.7 37
52.71 27
52.72 16
52.73 0
52.74 1
52.75 15
52.76 30
52.77 42
52.78 27
52.79 0
52.8 0
52.81 0
52.82 1
52.83 16
52.84 30
52.85 42
52.86 28
52.87 0
52.88 0
52.89 0
52.9 4
52.91 18
52.92 30
52.93 42
52.94 26
52.95 0
52.96 0
52.97 6
52.98 20
52.99 33
53 27
53.01 21
53.02 0
53.03 0
53.04 0
53.05 11
53.06 24
53.07 34
53.08 28
53.09 20
53.1 0
53.11 0
53.12 2
53.13 18
53.14 29
53.15 41
53.16 27
53.17 0
53.18 0
53.19 0
53.2 8
53.21 22
53.22 35
53.23 28
53.24 24
53.25 10
53.26 0
53.27 6
53.28 21
53.29 34
53.3 27
53.31 21
53.32 0
53.33 0
53.34 0
53.35 3
53.36 16
53.37 27
53.38 39
53.39 29
53.4 9
53.41 0
53.42 0
53.43 0
53.44 5
53.45 18
53.46 27
53.47 39
53.48 29
53.49 29
53.5 0
53.51 0
53.52 0
53.53 10
53.54 21
53.55 31
53.56 40
53.57 28
53.58 0
53.59 0
53.6 0
53.61 6
53.62 19
53.63 33
53.64 29
53.65 27
53.66 0
53.67 0
53.68 0
53.69 12
53.7 23
53.71 35
53.72 28
53.73 18
53.74 0
53.75 0
53.76 0
53.77 14
53.78 27
53.79 40
53.8 29
53.81 17
53.82 0
53.83 0
53.84 0
53.85 8
53.86 21
53.87 28
53.88 40
53.89 27
53.9 0
53.91 0
53.92 0
53.93 6
53.94 18
53.95 32
53.96 43
53.97 29
53.98 0
53.99 0
54 0
54.01 0
54.02 9
54.03 21
54.04 31
54.05 32
54.06 25
54.07 0
54.08 0
54.09 0
54.1 2
54.11 15
54.12 27
54.13 36
54.14 27
54.15 22
54.16 8
54.17 0
54.18 11
54.19 19
54.2 29
54.21 38
54.22 25
54.23 20
54.24 0
54.25 0
54.26 11
54.27 23
54.28 33
54.29 27
54.3 17
54.31 0
54.32 0
54.33 0
54.34 3
54.35 17
54.36 28
54.37 39
54.38 28
54.39 16
54.4 0
54.41 0
54.42 3
54.43 14
54.44 28
54.45 36
54.46 27
54.47 19
54.48 7
54.49 17
54.5 29
54.51 22
54.52 0
54.53 0
54.54 0
54.55 12
54.56 22
54.57 36
54.58 28
54.59 12
54.6 0
54.61 0
54.62 0
54.63 4
54.64 17
54.65 29
54.66 38
54.67 29
54.68 24
54.69 0
54.7 0
54.71 0
54.72 14
54.73 27
54.74 36
54.75 27
54.76 8
54.77 0
54.78 0
54.79 0
54.8 15
54.81 30
54.82 43
54.83 29
54.84 13
54.85 7
54.86 9
54.87 23
54.88 33
54.89 24
54.9 11
54.91 0
54.92 0
54.93 11
54.94 21
54.95 34
54.96 26
54.97 9
54.98 10
54.99 10
55 21
55.01 32
55.02 24
55.03 0
55.04 0
55.05 0
55.06 3
55.07 15
55.08 27
55.09 39
55.1 28
55.11 9
55.12 0
55.13 0
55.14 6
55.15 17
55.16 30
55.17 43
55.18 27
55.19 0
55.2 0
55.21 0
55.22 11
55.23 22
55.24 32
55.25 29
55.26 28
55.27 0
55.28 0
55.29 0
55.3 3
55.31 16
55.32 27
55.33 35
55.34 26
55.35 17
55.36 0
55.37 0
55.38 0
55.39 10
55.4 22
55.41 33
55.42 31
55.43 23
55.44 0
55.45 0
55.46 6
55.47 20
55.48 31
55.49 42
55.5 28
55.51 0
55.52 0
55.53 0
55.54 8
55.55 19
55.56 31
55.57 42
55.58 28
55.59 22
55.6 0
55.61 0
55.62 0
55.63 10
55.64 24
55.65 38
55.66 28
55.67 19
55.68 0
55.69 0
55.7 0
55.71 13
55.72 25
55.73 37
55.74 26
55.75 16
55.76 1
55.77 2
55.78 14
55.79 24
55.8 32
55.81 27
55.82 21
55.83 0
55.84 0
55.85 0
55.86 13
55.87 26
55.88 39
55.89 28
55.9 25
55.91 0
55.92 0
55.93 2
55.94 18
55.95 31
55.96 28
55.97 28
55.98 0
55.99 0
56 0
56.01 7
56.02 22
56.03 34
56.04 27
56.05 18
56.06 0
56.07 0
56.08 6
56.09 20
56.1 36
56.11 26
56.12 18
56.13 0
56.14 0
56.15 7
56.16 23
56.17 34
56.18 26
56.19 6
56.2 0
56.21 0
56.22 0
56.23 4
56.24 19
56.25 30
56.26 42
56.27 29
56.28 0
56.29 0
56.3 0
56.31 8
56.32 19
56.33 30
56.34 41
56.35 29
56.36 25
56.37 0
56.38 0
56.39 12
56.4 23
56.41 36
56.42 27
56.43 3
56.44 0
56.45 0
56.46 6
56.47 16
56.48 28
56.49 39
56.5 28
56.51 7
56.52 0
56.53 2
56.54 13
56.55 24
56.56 36
56.57 29
56.58 23
56.59 0
56.6 0
56.61 6
56.62 16
56.63 29
56.64 41
56.65 27
56.66 6
56.67 0
56.68 0
56.69 10
56.7 22
56.71 32
56.72 32
56.73 25
56.74 0
56.75 0
56.76 0
56.77 9
56.78 20
56.79 31
56.8 30
56.81 22
56.82 14
56.83 0
56.84 0
56.85 0
56.86 9
56.87 23
56.88 34
56.89 27
56.9 22
56.91 0
56.92 0
56.93 0
56.94 5
56.95 16
56.96 28
56.97 38
56.98 29
56.99 11
57 1
57.01 3
57.02 14
57.03 26
57.04 36
57.05 28
57.06 8
57.07 0
57.08 0
57.09 0
57.1 12
57.11 28
57.12 41
57.13 28
57.14 0
57.15 0
57.16 0
57.17 9
57.18 22
57.19 34
57.2 29
57.21 19
57.22 0
57.23 0
57.24 11
57.25 25
57.26 38
57.27 28
57.28 18
57.29 2
57.3 3
57.31 16
57.32 31
57.33 42
57.34 27
57.35 7
57.36 0
57.37 9
57.38 19
57.39 31
57.4 27
57.41 25
57.42 0
57.43 3
57.44 14
57.45 26
57.46 39
57.47 26
57.48 5
57.49 0
57.5 0
57.51 12
57.52 21
57.53 32
57.54 27
57.55 22
57.56 0
57.57 0
57.58 5
57.59 21
57.6 31
57.61 29
57.62 19
57.63 0
57.64 0
57.65 0
57.66 15
57.67 28
57.68 42
57.69 28
57.7 23
57.71 0
57.72 0
57.73 8
57.74 22
57.75 34
57.76 28
57.77 17
57.78 0
57.79 0
57.8 8
57.81 19
57.82 32
57.83 26
57.84 12
57.85 0
57.86 0
57.87 11
57.88 23
57.89 35
57.9 27
57.91 27
57.92 11
57.93 2
57.94 11
57.95 23
57.96 36
57.97 28
57.98 13
57.99 0
58 7
58.01 19
58.02 31
58.03 26
58.04 25
58.05 15
58.06 0
58.07 0
58.08 0
58.09 0
58.1 0
58.11 0
58.12 0
58.13 0
58.14 0
58.15 0
58.16 0
58.17 0
58.18 0
58.19 0
58.2 0
58.21 0
58.22 0
58.23 0
58.24 0
58.25 0
58.26 0
58.27 0
58.28 0
58.29 0
58.3 0
58.31 0
58.32 0
58.33 0
58.34 0
58.35 0
58.36 0
58.37 0
58.38 0
58.39 0
58.4 0
58.41 0
58.42 0
58.43 0
58.44 0
58.45 0
58.46 0
58.47 0
58.48 0
58.49 0
58.5 0
58.51 0
58.52 0
58.53 0
58.54 0
58.55 0
58.56 0
58.57 0
58.58 0
58.59 0
58.6 0
58.61 0
58.62 0
58.63 0
58.64 0
58.65 0
58.66 0
58.67 0
58.68 0
58.69 0
58.7 0
58.71 0
58.72 0
58.73 0
58.74 0
58.75 0
58.76 0
58.77 0
58.78 0
58.79 0
58.8 0
58.81 0
58.82 0
58.83 0
58.84 0
58.85 0
58.86 0
58.87 0
58.88 0
58.89 0
58.9 0
58.91 0
58.92 0
58.93 0
58.94 0
58.95 0
58.96 0
58.97 0
58.98 0
58.99 0
59 0
59.01 0
59.02 0
59.03 0
59.04 0
59.05 0
59.06 0
59.07 0
59.08 0
59.09 0
59.1 0
59.11 0
59.12 0
59.13 0
59.14 0
59.15 0
59.16 0
59.17 0
59.18 0
59.19 0
59.2 0
59.21 0
59.22 0
59.23 0
59.24 0
59.25 0
59.26 0
59.27 0
59.28 0
59.29 0
59.3 0
59.31 0
59.32 0
59.33 0
59.34 0
59.35 0
59.36 0
59.37 0
59.38 0
59.39 0
59.4 0
59.41 0
59.42 0
59.43 0
59.44 0
59.45 0
59.46 0
59.47 0
59.48 0
59.49 0
59.5 0
59.51 0
59.52 0
59.53 0
59.54 0
59.55 0
59.56 0
59.57 0
59.58 0
59.59 0
59.6 0
59.61 0
59.62 0
59.63 0
59.64 0
59.65 0
59.66 0
59.67 0
59.68 0
59.69 0
59.7 0
59.71 0
59.72 0
59.73 0
59.74 0
59.75 0
59.76 0
59.77 0
59.78 0
59.79 0
59.8 0
59.81 0
59.82 0
59.83 0
59.84 0
59.85 0
59.86 0
59.87 0
59.88 0
59.89 0
59.9 0
59.91 0
59.92 0
59.93 0
59.94 0
59.95 0
59.96 0
59.97 0
59.98 0
59.99 0
60 0
60.01 0
60.02 0
60.03 0
60.04 0
60.05 0
60.06 0
60.07 0
60.08 0
60.09 0
60.1 0
60.11 0
60.12 0
60.13 0
60.14 0
60.15 0
60.16 0
60.17 0
60.18 0
60.19 0
60.2 0
60.21 0
60.22 0
60.23 0
60.24 0
60.25 0
60.26 0
60.27 0
60.28 0
60.29 0
60.3 0
60.31 0
60.32 0
60.33 0
60.34 0
60.35 0
60.36 0
60.37 0
60.38 0
60.39 0
60.4 0
60.41 0
60.42 0
60.43 0
60.44 0
60.45 0
60.46 0
60.47 0
60.48 0
60.49 0
60.5 0
60.51 0
60.52 0
60.53 0
60.54 0
60.55 0
60.56 0
60.57 0
60.58 0
60.59 0
60.6 0
60.61 0
60.62 0
60.63 0
60.64 0
60.65 0
60.66 0
60.67 0
60.68 0
60.69 0
60.7 0
60.71 0
60.72 0
60.73 0
60.74 0
60.75 0
60.76 0
60.77 0
60.78 0
60.79 0
60.8 0
60.81 0
60.82 0
60.83 0
60.84 0
60.85 0
60.86 0
60.87 0
60.88 0
60.89 0
60.9 0
60.91 0
60.92 0
60.93 0
60.94 0
60.95 0
60.96 0
60.97 0
60.98 0
60.99 0
61 0
61.01 0
61.02 0
61.03 0
61.04 0
61.05 0
61.06 0
61.07 0
61.08 0
61.09 0
61.1 0
61.11 0
61.12 0
61.13 0
61.14 0
61.15 0
61.16 0
61.17 0
61.18 0
61.19 0
61.2 0
61.21 0
61.22 0
61.23 0
61.24 0
61.25 0
61.26 0
61.27 0
61.28 0
61.29 0
61.3 0
61.31 0
61.32 0
61.33 0
61.34 0
61.35 0
61.36 0
61.37 0
61.38 0
61.39 0
61.4 0
61.41 0
61.42 0
61.43 0
61.44 0
61.45 0
61.46 0
61.47 0
61.48 0
61.49 0
61.5 0
61.51 0
61.52 0
61.53 0
61.54 0
61.55 0
61.56 0
61.57 0
61.58 0
61.59 0
61.6 0
61.61 0
61.62 0
61.63 0
61.64 0
61.65 0
61.66 0
61.67 0
61.68 0
61.69 0
61.7 0
61.71 0
61.72 0
61.73 0
61.74 0
61.75 0
61.76 0
61.77 0
61.78 0
61.79 0
61.8 0
61.81 0
61.82 0
61.83 0
61.84 0
61.85 0
61.86 0
61.87 0
61.88 0
61.89 0
61.9 0
61.91 0
61.92 0
61.93 0
61.94 0
61.95 0
61.96 0
61.97 0
61.98 0
61.99 0
62 0
62.01 0
62.02 0
62.03 0
62.04 0
62.05 0
62.06 0
62.07 0
62.08 0
62.09 0
62.1 0
62.11 0
62.12 0
62.13 0
62.14 0
62.15 0
62.16 0
62.17 0
62.18 0
62.19 0
62.2 0
62.21 0
62.22 0
62.23 0
62.24 0
62.25 0
62.26 0
62.27 0
62.28 0
62.29 0
62.3 0
62.31 0
62.32 0
62.33 0
62.34 0
62.35 0
62.36 0
62.37 0
62.38 0
62.39 0
62.4 0
62.41 0
62.42 0
62.43 0
62.44 0
62.45 0
62.46 0
62.47 0
62.48 0
62.49 0
62.5 0
62.51 0
62.52 0
62.53 0
62.54 0
62.55 0
62.56 0
62.57 0
62.58 0
62.59 0
62.6 0
62.61 0
62.62 0
62.63 0
62.64 0
62.65 0
62.66 0
62.67 0
62.68 0
62.69 0
62.7 0
62.71 0
62.72 0
62.73 0
62.74 0
62.75 0
62.76 0
62.77 0
62.78 0
62.79 0
62.8 0
62.81 0
62.82 0
62.83 0
62.84 0
62.85 0
62.86 0
62.87 0
62.88 0
62.89 0
62.9 0
62.91 0
62.92 0
62.93 0
62.94 0
62.95 0
62.96 0
62.97 0
62.98 0
62.99 0
