0 0
0.01 0
0.02 0
0.03 0
0.04 0
0.05 0
0.06 0
0.07 0
0.08 0
0.09 0
0.1 0
0.11 0
0.12 0
0.13 0
0.14 0
0.15 0
0.16 0
0.17 0
0.18 0
0.19 0
0.2 0
0.21 75
0.22 0
0.23 0
0.24 0
0.25 0
0.26 0
0.27 0
0.28 9
0.29 21
0.3 33
0.31 20
0.32 0
0.33 0
0.34 0
0.35 0
0.36 13
0.37 24
0.38 35
0.39 28
0.4 23
0.41 0
0.42 0
0.43 0
0.44 0
0.45 8
0.46 21
0.47 31
0.48 38
0.49 28
0.5 0
0.51 0
0.52 0
0.53 0
0.54 0
0.55 10
0.56 23
0.57 33
0.58 35
0.59 28
0.6 0
0.61 0
0.62 0
0.63 0
0.64 1
0.65 13
0.66 22
0.67 34
0.68 28
0.69 26
0.7 0
0.71 0
0.72 0
0.73 0
0.74 1
0.75 13
0.76 24
0.77 36
0.78 28
0.79 19
0.8 0
0.81 0
0.82 0
0.83 0
0.84 2
0.85 15
0.86 25
0.87 36
0.88 28
0.89 16
0.9 0
0.91 0
0.92 0
0.93 0
0.94 1
0.95 12
0.96 23
0.97 32
0.98 33
0.99 26
1 0
1.01 0
1.02 0
1.03 0
1.04 3
1.05 15
1.06 27
1.07 37
1.08 28
1.09 18
1.1 0
1.11 0
1.12 0
1.13 0
1.14 5
1.15 19
1.16 30
1.17 40
1.18 28
1.19 12
1.2 0
1.21 11
1.22 40
1.23 28
1.24 0
1.25 0
1.26 0
1.27 0
1.28 2
1.29 13
1.3 27
1.31 38
1.32 28
1.33 20
1.34 0
1.35 0
1.36 0
1.37 3
1.38 14
1.39 25
1.4 35
1.41 27
1.42 5
1.43 0
1.44 0
1.45 0
1.46 0
1.47 11
1.48 22
1.49 36
1.5 28
1.51 26
1.52 0
1.53 0
1.54 0
1.55 0
1.56 0
1.57 11
1.58 22
1.59 32
1.6 32
1.61 27
1.62 0
1.63 0
1.64 0
1.65 0
1.66 0
1.67 11
1.68 20
1.69 31
1.7 40
1.71 28
1.72 1
1.73 0
1.74 0
1.75 0
1.76 0
1.77 4
1.78 16
1.79 28
1.8 38
1.81 28
1.82 9
1.83 0
1.84 0
1.85 0
1.86 0
1.87 8
1.88 20
1.89 32
1.9 42
1.91 28
1.92 7
1.93 0
1.94 0
1.95 0
1.96 0
1.97 6
1.98 18
1.99 28
2 38
2.01 28
2.02 4
2.03 0
2.04 0
2.05 0
2.06 0
2.07 4
2.08 14
2.09 27
2.1 34
2.11 28
2.12 15
2.13 0
2.14 0
2.15 0
2.16 0
2.17 0
2.18 11
2.19 21
2.2 31
2.21 42
2.22 28
2.23 12
2.24 34
2.25 25
2.26 16
2.27 8
2.28 30
2.29 20
2.3 18
2.31 0
2.32 0
2.33 21
2.34 43
2.35 29
2.36 25
2.37 0
2.38 0
2.39 0
2.4 29
2.41 41
2.42 27
2.43 19
2.44 0
2.45 0
2.46 16
2.47 41
2.48 27
2.49 27
2.5 0
2.51 0
2.52 0
2.53 11
2.54 34
2.55 28
2.56 28
2.57 0
2.58 0
2.59 0
2.6 9
2.61 26
2.62 40
2.63 27
2.64 6
2.65 0
2.66 0
2.67 0
2.68 11
2.69 30
2.7 48
2.71 29
2.72 27
2.73 0
2.74 0
2.75 0
2.76 10
2.77 25
2.78 40
2.79 26
2.8 10
2.81 0
2.82 0
2.83 0
2.84 7
2.85 23
2.86 36
2.87 27
2.88 17
2.89 0
2.9 0
2.91 0
2.92 5
2.93 21
2.94 34
2.95 35
2.96 27
2.97 1
2.98 0
2.99 0
3 0
3.01 12
3.02 24
3.03 37
3.04 28
3.05 24
3.06 0
3.07 0
3.08 0
3.09 0
3.1 16
3.11 30
3.12 44
3.13 28
3.14 14
3.15 0
3.16 0
3.17 0
3.18 11
3.19 26
3.2 36
3.21 28
3.22 9
3.23 0
3.24 0
3.25 0
3.26 33
3.27 29
3.28 25
3.29 14
3.3 0
3.31 0
3.32 23
3.33 43
3.34 26
3.35 25
3.36 0
3.37 0
3.38 6
3.39 29
3.4 47
3.41 28
3.42 19
3.43 0
3.44 0
3.45 7
3.46 32
3.47 46
3.48 29
3.49 23
3.5 0
3.51 0
3.52 1
3.53 23
3.54 41
3.55 26
3.56 15
3.57 0
3.58 0
3.59 6
3.6 24
3.61 39
3.62 27
3.63 4
3.64 0
3.65 0
3.66 0
3.67 14
3.68 28
3.69 43
3.7 28
3.71 18
3.72 0
3.73 0
3.74 0
3.75 17
3.76 34
3.77 30
3.78 27
3.79 18
3.8 0
3.81 0
3.82 6
3.83 23
3.84 38
3.85 28
3.86 17
3.87 0
3.88 0
3.89 0
3.9 8
3.91 23
3.92 38
3.93 27
3.94 15
3.95 0
3.96 0
3.97 0
3.98 0
3.99 17
4 32
4.01 47
4.02 27
4.03 13
4.04 0
4.05 0
4.06 0
4.07 15
4.08 28
4.09 41
4.1 28
4.11 6
4.12 0
4.13 0
4.14 0
4.15 8
4.16 25
4.17 37
4.18 28
4.19 13
4.2 0
4.21 0
4.22 0
4.23 9
4.24 31
4.25 48
4.26 29
4.27 25
4.28 0
4.29 2
4.3 33
4.31 27
4.32 24
4.33 4
4.34 0
4.35 9
4.36 26
4.37 46
4.38 28
4.39 8
4.4 0
4.41 0
4.42 21
4.43 47
4.44 28
4.45 28
4.46 0
4.47 0
4.48 7
4.49 35
4.5 28
4.51 23
4.52 0
4.53 0
4.54 0
4.55 21
4.56 46
4.57 29
4.58 18
4.59 0
4.6 0
4.61 6
4.62 30
4.63 36
4.64 27
4.65 4
4.66 0
4.67 0
4.68 2
4.69 21
4.7 37
4.71 27
4.72 23
4.73 0
4.74 0
4.75 0
4.76 7
4.77 23
4.78 40
4.79 28
4.8 24
4.81 0
4.82 0
4.83 0
4.84 4
4.85 20
4.86 38
4.87 28
4.88 23
4.89 0
4.9 0
4.91 0
4.92 0
4.93 14
4.94 28
4.95 40
4.96 28
4.97 9
4.98 0
4.99 0
5 0
5.01 8
5.02 27
5.03 45
5.04 28
5.05 8
5.06 0
5.07 0
5.08 0
5.09 12
5.1 28
5.11 40
5.12 27
5.13 14
5.14 0
5.15 0
5.16 8
5.17 24
5.18 37
5.19 27
5.2 16
5.21 0
5.22 0
5.23 0
5.24 3
5.25 19
5.26 32
5.27 46
5.28 28
5.29 16
5.3 0
5.31 0
5.32 7
5.33 23
5.34 41
5.35 28
5.36 18
5.37 0
5.38 6
5.39 28
5.4 43
5.41 26
5.42 6
5.43 0
5.44 1
5.45 26
5.46 48
5.47 27
5.48 16
5.49 0
5.5 0
5.51 15
5.52 45
5.53 28
5.54 27
5.55 0
5.56 0
5.57 9
5.58 47
5.59 27
5.6 27
5.61 0
5.62 0
5.63 2
5.64 35
5.65 29
5.66 23
5.67 16
5.68 0
5.69 11
5.7 39
5.71 27
5.72 27
5.73 0
5.74 0
5.75 0
5.76 14
5.77 40
5.78 29
5.79 28
5.8 0
5.81 0
5.82 2
5.83 25
5.84 47
5.85 27
5.86 22
5.87 0
5.88 0
5.89 1
5.9 25
5.91 44
5.92 28
5.93 24
5.94 0
5.95 0
5.96 2
5.97 23
5.98 41
5.99 26
6 17
6.01 0
6.02 0
6.03 0
6.04 17
6.05 30
6.06 36
6.07 26
6.08 0
6.09 0
6.1 0
6.11 0
6.12 17
6.13 33
6.14 34
6.15 27
6.16 0
6.17 0
6.18 0
6.19 1
6.2 19
6.21 38
6.22 28
6.23 15
6.24 0
6.25 0
6.26 0
6.27 12
6.28 29
6.29 45
6.3 28
6.31 3
6.32 0
6.33 0
6.34 0
6.35 10
6.36 22
6.37 37
6.38 27
6.39 15
6.4 0
6.41 0
6.42 0
6.43 11
6.44 29
6.45 43
6.46 28
6.47 15
6.48 0
6.49 0
6.5 8
6.51 23
6.52 38
6.53 28
6.54 22
6.55 0
6.56 0
6.57 0
6.58 0
6.59 16
6.6 33
6.61 28
6.62 27
6.63 0
6.64 0
6.65 0
6.66 16
6.67 33
6.68 27
6.69 26
6.7 0
6.71 0
6.72 13
6.73 36
6.74 25
6.75 23
6.76 0
6.77 0
6.78 5
6.79 30
6.8 34
6.81 28
6.82 18
6.83 0
6.84 0
6.85 14
6.86 43
6.87 27
6.88 23
6.89 0
6.9 0
6.91 20
6.92 38
6.93 27
6.94 27
6.95 0
6.96 0
6.97 0
6.98 12
6.99 30
7 47
7.01 28
7.02 0
7.03 0
7.04 0
7.05 3
7.06 25
7.07 43
7.08 28
7.09 20
7.1 0
7.11 0
7.12 0
7.13 19
7.14 37
7.15 29
7.16 24
7.17 0
7.18 0
7.19 0
7.2 0
7.21 16
7.22 32
7.23 45
7.24 27
7.25 3
7.26 0
7.27 0
7.28 0
7.29 9
7.3 24
7.31 40
7.32 28
7.33 20
7.34 0
7.35 0
7.36 4
7.37 18
7.38 30
7.39 37
7.4 26
7.41 0
7.42 0
7.43 0
7.44 0
7.45 12
7.46 29
7.47 42
7.48 28
7.49 18
7.5 0
7.51 0
7.52 4
7.53 22
7.54 34
7.55 27
7.56 24
7.57 0
7.58 0
7.59 0
7.6 5
7.61 23
7.62 36
7.63 28
7.64 20
7.65 0
7.66 0
7.67 0
7.68 0
7.69 18
7.7 33
7.71 42
7.72 27
7.73 3
7.74 0
7.75 0
7.76 6
7.77 25
7.78 39
7.79 29
7.8 26
7.81 0
7.82 0
7.83 0
7.84 20
7.85 42
7.86 28
7.87 24
7.88 0
7.89 0
7.9 0
7.91 16
7.92 35
7.93 27
7.94 28
7.95 8
7.96 0
7.97 0
7.98 16
7.99 38
8 28
8.01 24
8.02 0
8.03 0
8.04 0
8.05 11
8.06 28
8.07 42
8.08 29
8.09 14
8.1 0
8.11 0
8.12 0
8.13 19
8.14 39
8.15 28
8.16 28
8.17 0
8.18 0
8.19 0
8.2 6
8.21 25
8.22 41
8.23 28
8.24 13
8.25 0
8.26 0
8.27 0
8.28 18
8.29 37
8.3 27
8.31 23
8.32 0
8.33 0
8.34 4
8.35 23
8.36 42
8.37 28
8.38 21
8.39 0
8.4 0
8.41 0
8.42 15
8.43 33
8.44 31
8.45 25
8.46 0
8.47 0
8.48 0
8.49 14
8.5 31
8.51 45
8.52 27
8.53 9
8.54 0
8.55 0
8.56 16
8.57 38
8.58 27
8.59 23
8.6 0
8.61 0
8.62 3
8.63 19
8.64 40
8.65 28
8.66 15
8.67 0
8.68 0
8.69 0
8.7 17
8.71 33
8.72 28
8.73 25
8.74 0
8.75 0
8.76 0
8.77 6
8.78 23
8.79 39
8.8 27
8.81 21
8.82 0
8.83 0
8.84 0
8.85 4
8.86 23
8.87 39
8.88 28
8.89 17
8.9 0
8.91 0
8.92 0
8.93 18
8.94 35
8.95 28
8.96 23
8.97 0
8.98 0
8.99 0
9 11
9.01 28
9.02 48
9.03 29
9.04 21
9.05 0
9.06 4
9.07 23
9.08 39
9.09 27
9.1 20
9.11 0
9.12 0
9.13 0
9.14 15
9.15 31
9.16 31
9.17 25
9.18 10
9.19 0
9.2 0
9.21 3
9.22 24
9.23 37
9.24 27
9.25 18
9.26 0
9.27 0
9.28 0
9.29 10
9.3 29
9.31 45
9.32 28
9.33 14
9.34 0
9.35 0
9.36 0
9.37 18
9.38 35
9.39 28
9.4 28
9.41 0
9.42 0
9.43 0
9.44 9
9.45 28
9.46 46
9.47 28
9.48 18
9.49 0
9.5 0
9.51 0
9.52 8
9.53 26
9.54 41
9.55 27
9.56 15
9.57 0
9.58 0
9.59 14
9.6 32
9.61 33
9.62 27
9.63 0
9.64 0
9.65 0
9.66 13
9.67 36
9.68 28
9.69 26
9.7 2
9.71 0
9.72 3
9.73 28
9.74 40
9.75 26
9.76 18
9.77 0
9.78 0
9.79 11
9.8 29
9.81 48
9.82 27
9.83 18
9.84 0
9.85 0
9.86 1
9.87 22
9.88 43
9.89 28
9.9 12
9.91 0
9.92 0
9.93 5
9.94 19
9.95 36
9.96 26
9.97 26
9.98 0
9.99 0
10 0
10.01 7
10.02 15
10.03 34
10.04 28
10.05 24
10.06 0
10.07 0
10.08 1
10.09 23
10.1 39
10.11 26
10.12 18
10.13 0
10.14 0
10.15 0
10.16 23
10.17 38
10.18 28
10.19 25
10.2 0
10.21 0
10.22 0
10.23 14
10.24 36
10.25 28
10.26 25
10.27 0
10.28 0
10.29 0
10.3 12
10.31 30
10.32 43
10.33 28
10.34 15
10.35 0
10.36 0
10.37 0
10.38 16
10.39 33
10.4 47
10.41 27
10.42 22
10.43 0
10.44 0
10.45 0
10.46 10
10.47 25
10.48 41
10.49 28
10.5 0
10.51 0
10.52 0
10.53 3
10.54 19
10.55 33
10.56 28
10.57 22
10.58 0
10.59 0
10.6 0
10.61 5
10.62 22
10.63 42
10.64 28
10.65 17
10.66 0
10.67 0
10.68 0
10.69 12
10.7 31
10.71 45
10.72 28
10.73 20
10.74 0
10.75 0
10.76 0
10.77 22
10.78 42
10.79 27
10.8 15
10.81 0
10.82 0
10.83 9
10.84 28
10.85 49
10.86 28
10.87 20
10.88 0
10.89 0
10.9 4
10.91 32
10.92 45
10.93 28
10.94 21
10.95 0
10.96 0
10.97 10
10.98 36
10.99 27
11 22
11.01 0
11.02 0
11.03 0
11.04 14
11.05 34
11.06 27
11.07 22
11.08 0
11.09 0
11.1 0
11.11 16
11.12 35
11.13 28
11.14 23
11.15 0
11.16 0
11.17 0
11.18 17
11.19 42
11.2 28
11.21 25
11.22 0
11.23 0
11.24 0
11.25 17
11.26 34
11.27 27
11.28 22
11.29 0
11.3 0
11.31 0
11.32 13
11.33 31
11.34 49
11.35 28
11.36 5
11.37 0
11.38 0
11.39 4
11.4 23
11.41 41
11.42 28
11.43 16
11.44 0
11.45 0
11.46 0
11.47 8
11.48 25
11.49 38
11.5 28
11.51 12
11.52 0
11.53 0
11.54 0
11.55 9
11.56 25
11.57 40
11.58 28
11.59 19
11.6 0
11.61 0
11.62 0
11.63 16
11.64 32
11.65 46
11.66 27
11.67 6
11.68 0
11.69 18
11.7 31
11.71 27
11.72 19
11.73 0
11.74 0
11.75 0
11.76 0
11.77 15
11.78 30
11.79 44
11.8 28
11.81 4
11.82 0
11.83 0
11.84 0
11.85 6
11.86 26
11.87 44
11.88 29
11.89 18
11.9 0
11.91 0
11.92 5
11.93 29
11.94 42
11.95 27
11.96 20
11.97 0
11.98 0
11.99 5
12 30
12.01 50
12.02 28
12.03 16
12.04 0
12.05 0
12.06 6
12.07 29
12.08 49
12.09 27
12.1 6
12.11 0
12.12 0
12.13 4
12.14 24
12.15 43
12.16 27
12.17 25
12.18 0
12.19 0
12.2 4
12.21 25
12.22 48
12.23 26
12.24 17
12.25 0
12.26 0
12.27 4
12.28 27
12.29 52
12.3 28
12.31 13
12.32 0
12.33 0
12.34 8
12.35 30
12.36 42
12.37 27
12.38 0
12.39 0
12.4 0
12.41 13
12.42 33
12.43 42
12.44 27
12.45 0
12.46 0
12.47 0
12.48 13
12.49 34
12.5 44
12.51 28
12.52 0
12.53 0
12.54 0
12.55 10
12.56 25
12.57 37
12.58 28
12.59 18
12.6 0
12.61 0
12.62 0
12.63 2
12.64 18
12.65 36
12.66 28
12.67 24
12.68 0
12.69 0
12.7 0
12.71 0
12.72 17
12.73 33
12.74 35
12.75 27
12.76 0
12.77 0
12.78 0
12.79 4
12.8 19
12.81 32
12.82 45
12.83 28
12.84 0
12.85 0
12.86 0
12.87 9
12.88 25
12.89 41
12.9 28
12.91 12
12.92 0
12.93 0
12.94 0
12.95 4
12.96 26
12.97 41
12.98 29
12.99 19
13 0
13.01 0
13.02 0
13.03 7
13.04 27
13.05 41
13.06 28
13.07 7
13.08 0
13.09 0
13.1 15
13.11 32
13.12 32
13.13 25
13.14 8
13.15 0
13.16 0
13.17 13
13.18 32
13.19 38
13.2 29
13.21 0
13.22 0
13.23 0
13.24 16
13.25 39
13.26 28
13.27 27
13.28 3
13.29 0
13.3 3
13.31 30
13.32 39
13.33 26
13.34 10
13.35 0
13.36 0
13.37 19
13.38 50
13.39 28
13.4 28
13.41 0
13.42 0
13.43 3
13.44 32
13.45 27
13.46 23
13.47 7
13.48 0
13.49 0
13.5 16
13.51 45
13.52 27
13.53 24
13.54 0
13.55 0
13.56 1
13.57 24
13.58 42
13.59 28
13.6 8
13.61 0
13.62 0
13.63 3
13.64 28
13.65 46
13.66 28
13.67 18
13.68 0
13.69 0
13.7 0
13.71 19
13.72 32
13.73 26
13.74 25
13.75 0
13.76 0
13.77 0
13.78 7
13.79 25
13.8 40
13.81 27
13.82 15
13.83 0
13.84 0
13.85 0
13.86 9
13.87 28
13.88 42
13.89 28
13.9 22
13.91 0
13.92 0
13.93 14
13.94 29
13.95 45
13.96 27
13.97 6
13.98 0
13.99 0
14 0
14.01 23
14.02 40
14.03 28
14.04 26
14.05 0
14.06 0
14.07 0
14.08 6
14.09 25
14.1 44
14.11 28
14.12 24
14.13 0
14.14 0
14.15 0
14.16 18
14.17 34
14.18 26
14.19 26
14.2 0
14.21 0
14.22 0
14.23 9
14.24 27
14.25 44
14.26 29
14.27 21
14.28 0
14.29 0
14.3 0
14.31 9
14.32 25
14.33 40
14.34 28
14.35 10
14.36 0
14.37 0
14.38 0
14.39 11
14.4 34
14.41 28
14.42 28
14.43 0
14.44 0
14.45 1
14.46 17
14.47 36
14.48 27
14.49 16
14.5 0
14.51 0
14.52 0
14.53 26
14.54 51
14.55 28
14.56 18
14.57 0
14.58 0
14.59 11
14.6 41
14.61 28
14.62 21
14.63 0
14.64 0
14.65 4
14.66 28
14.67 47
14.68 27
14.69 12
14.7 0
14.71 2
14.72 22
14.73 48
14.74 28
14.75 25
14.76 0
14.77 0
14.78 1
14.79 28
14.8 47
14.81 28
14.82 13
14.83 0
14.84 4
14.85 22
14.86 40
14.87 25
14.88 19
14.89 0
14.9 0
14.91 0
14.92 19
14.93 39
14.94 27
14.95 15
14.96 0
14.97 0
14.98 0
14.99 22
15 43
15.01 27
15.02 19
15.03 0
15.04 0
15.05 9
15.06 28
15.07 47
15.08 27
15.09 22
15.1 0
15.11 0
15.12 6
15.13 24
15.14 41
15.15 27
15.16 21
15.17 0
15.18 0
15.19 0
15.2 20
15.21 37
15.22 28
15.23 28
15.24 0
15.25 0
15.26 0
15.27 9
15.28 27
15.29 43
15.3 28
15.31 22
15.32 0
15.33 0
15.34 0
15.35 15
15.36 36
15.37 28
15.38 26
15.39 0
15.4 0
15.41 0
15.42 8
15.43 27
15.44 43
15.45 27
15.46 8
15.47 0
15.48 0
15.49 12
15.5 32
15.51 47
15.52 28
15.53 9
15.54 0
15.55 0
15.56 18
15.57 38
15.58 28
15.59 27
15.6 0
15.61 0
15.62 0
15.63 24
15.64 44
15.65 26
15.66 20
15.67 0
15.68 0
15.69 18
15.7 44
15.71 27
15.72 18
15.73 0
15.74 0
15.75 33
15.76 26
15.77 23
15.78 0
15.79 0
15.8 8
15.81 30
15.82 27
15.83 21
15.84 5
15.85 0
15.86 0
15.87 7
15.88 37
15.89 28
15.9 23
15.91 15
15.92 0
15.93 0
15.94 21
15.95 43
15.96 26
15.97 23
15.98 0
15.99 0
16 6
16.01 24
16.02 42
16.03 26
16.04 25
16.05 0
16.06 0
16.07 0
16.08 19
16.09 36
16.1 28
16.11 27
16.12 0
16.13 0
16.14 0
16.15 9
16.16 28
16.17 45
16.18 28
16.19 18
16.2 0
16.21 0
16.22 17
16.23 37
16.24 25
16.25 17
16.26 0
16.27 0
16.28 2
16.29 27
16.3 49
16.31 28
16.32 24
16.33 0
16.34 0
16.35 1
16.36 26
16.37 43
16.38 27
16.39 15
16.4 0
16.41 0
16.42 2
16.43 26
16.44 44
16.45 28
16.46 20
16.47 0
16.48 0
16.49 0
16.5 21
16.51 33
16.52 26
16.53 27
16.54 0
16.55 0
16.56 0
16.57 11
16.58 29
16.59 45
16.6 28
16.61 15
16.62 0
16.63 0
16.64 0
16.65 17
16.66 36
16.67 30
16.68 27
16.69 12
16.7 0
16.71 0
16.72 12
16.73 30
16.74 42
16.75 27
16.76 16
16.77 0
16.78 3
16.79 25
16.8 46
16.81 26
16.82 17
16.83 0
16.84 0
16.85 11
16.86 34
16.87 27
16.88 27
16.89 9
16.9 0
16.91 0
16.92 18
16.93 45
16.94 28
16.95 28
16.96 0
16.97 0
16.98 17
16.99 42
17 28
17.01 23
17.02 0
17.03 0
17.04 1
17.05 27
17.06 52
17.07 27
17.08 18
17.09 0
17.1 0
17.11 22
17.12 45
17.13 28
17.14 17
17.15 0
17.16 0
17.17 3
17.18 26
17.19 44
17.2 28
17.21 1
17.22 0
17.23 0
17.24 7
17.25 29
17.26 48
17.27 28
17.28 15
17.29 0
17.3 0
17.31 3
17.32 32
17.33 47
17.34 28
17.35 4
17.36 0
17.37 0
17.38 17
17.39 40
17.4 28
17.41 27
17.42 0
17.43 0
17.44 1
17.45 23
17.46 44
17.47 26
17.48 19
17.49 0
17.5 0
17.51 0
17.52 19
17.53 39
17.54 28
17.55 24
17.56 0
17.57 0
17.58 0
17.59 16
17.6 36
17.61 28
17.62 24
17.63 4
17.64 0
17.65 0
17.66 11
17.67 34
17.68 46
17.69 28
17.7 9
17.71 0
17.72 0
17.73 8
17.74 27
17.75 44
17.76 27
17.77 7
17.78 0
17.79 0
17.8 2
17.81 26
17.82 43
17.83 28
17.84 12
17.85 0
17.86 0
17.87 0
17.88 18
17.89 36
17.9 28
17.91 24
17.92 0
17.93 0
17.94 0
17.95 19
17.96 38
17.97 28
17.98 22
17.99 0
18 0
18.01 14
18.02 30
18.03 29
18.04 21
18.05 3
18.06 0
18.07 0
18.08 24
18.09 44
18.1 27
18.11 23
18.12 0
18.13 0
18.14 7
18.15 28
18.16 50
18.17 28
18.18 10
18.19 0
18.2 0
18.21 19
18.22 38
18.23 29
18.24 26
18.25 9
18.26 0
18.27 0
18.28 25
18.29 45
18.3 28
18.31 24
18.32 0
18.33 0
18.34 4
18.35 29
18.36 41
18.37 27
18.38 16
18.39 0
18.4 0
18.41 9
18.42 34
18.43 27
18.44 24
18.45 10
18.46 0
18.47 12
18.48 39
18.49 27
18.5 25
18.51 0
18.52 0
18.53 0
18.54 17
18.55 45
18.56 28
18.57 19
18.58 0
18.59 0
18.6 5
18.61 32
18.62 37
18.63 27
18.64 11
18.65 0
18.66 0
18.67 10
18.68 32
18.69 34
18.7 27
18.71 14
18.72 0
18.73 0
18.74 2
18.75 26
18.76 47
18.77 29
18.78 22
18.79 0
18.8 0
18.81 0
18.82 14
18.83 32
18.84 38
18.85 28
18.86 0
18.87 0
18.88 0
18.89 6
18.9 26
18.91 43
18.92 28
18.93 18
18.94 0
18.95 0
18.96 0
18.97 14
18.98 33
18.99 32
19 28
19.01 14
19.02 0
19.03 0
19.04 4
19.05 27
19.06 45
19.07 28
19.08 19
19.09 0
19.1 0
19.11 0
19.12 20
19.13 40
19.14 28
19.15 25
19.16 0
19.17 0
19.18 0
19.19 18
19.2 40
19.21 27
19.22 26
19.23 0
19.24 0
19.25 6
19.26 31
19.27 32
19.28 24
19.29 10
19.3 0
19.31 0
19.32 19
19.33 42
19.34 29
19.35 27
19.36 0
19.37 0
19.38 0
19.39 11
19.4 31
19.41 45
19.42 27
19.43 0
19.44 0
19.45 0
19.46 9
19.47 31
19.48 49
19.49 28
19.5 12
19.51 0
19.52 0
19.53 8
19.54 28
19.55 42
19.56 28
19.57 12
19.58 0
19.59 0
19.6 4
19.61 25
19.62 42
19.63 28
19.64 16
19.65 0
19.66 0
19.67 8
19.68 27
19.69 46
19.7 27
19.71 6
19.72 0
19.73 0
19.74 2
19.75 23
19.76 36
19.77 28
19.78 18
19.79 0
19.8 0
19.81 0
19.82 5
19.83 22
19.84 40
19.85 29
19.86 16
19.87 3
19.88 0
19.89 0
19.9 6
19.91 21
19.92 38
19.93 28
19.94 17
19.95 0
19.96 0
19.97 0
19.98 2
19.99 20
20 35
20.01 32
20.02 26
20.03 0
20.04 0
20.05 0
20.06 0
20.07 18
20.08 38
20.09 28
20.1 28
20.11 0
20.12 0
20.13 0
20.14 5
20.15 25
20.16 45
20.17 28
20.18 25
20.19 0
20.2 0
20.21 19
20.22 37
20.23 27
20.24 13
20.25 0
20.26 0
20.27 0
20.28 14
20.29 34
20.3 39
20.31 29
20.32 2
20.33 0
20.34 0
20.35 9
20.36 31
20.37 37
20.38 26
20.39 0
20.4 0
20.41 0
20.42 16
20.43 39
20.44 28
20.45 25
20.46 1
20.47 0
20.48 0
20.49 21
20.5 38
20.51 27
20.52 24
20.53 0
20.54 0
20.55 0
20.56 10
20.57 27
20.58 41
20.59 26
20.6 17
20.61 0
20.62 0
20.63 0
20.64 13
20.65 35
20.66 38
20.67 29
20.68 15
20.69 0
20.7 0
20.71 22
20.72 47
20.73 27
20.74 21
20.75 0
20.76 0
20.77 9
20.78 32
20.79 27
20.8 25
20.81 2
20.82 0
20.83 0
20.84 17
20.85 41
20.86 26
20.87 22
20.88 0
20.89 0
20.9 16
20.91 35
20.92 26
20.93 25
20.94 0
20.95 0
20.96 0
20.97 14
20.98 34
20.99 27
21 27
21.01 0
21.02 0
21.03 0
21.04 24
21.05 44
21.06 28
21.07 22
21.08 0
21.09 0
21.1 3
21.11 25
21.12 45
21.13 27
21.14 26
21.15 0
21.16 0
21.17 0
21.18 13
21.19 32
21.2 44
21.21 28
21.22 8
21.23 0
21.24 0
21.25 0
21.26 19
21.27 39
21.28 28
21.29 18
21.3 0
21.31 0
21.32 7
21.33 25
21.34 46
21.35 28
21.36 22
21.37 0
21.38 0
21.39 5
21.4 25
21.41 40
21.42 26
21.43 10
21.44 0
21.45 0
21.46 9
21.47 30
21.48 48
21.49 29
21.5 16
21.51 0
21.52 0
21.53 7
21.54 33
21.55 38
21.56 28
21.57 12
21.58 0
21.59 0
21.6 13
21.61 35
21.62 26
21.63 26
21.64 0
21.65 0
21.66 0
21.67 13
21.68 36
21.69 28
21.7 24
21.71 0
21.72 0
21.73 0
21.74 12
21.75 31
21.76 47
21.77 28
21.78 0
21.79 0
21.8 0
21.81 17
21.82 45
21.83 30
21.84 23
21.85 0
21.86 0
21.87 21
21.88 40
21.89 26
21.9 18
21.91 0
21.92 0
21.93 11
21.94 32
21.95 29
21.96 26
21.97 16
21.98 0
21.99 0
22 22
22.01 48
22.02 28
22.03 27
22.04 0
22.05 0
22.06 9
22.07 35
22.08 27
22.09 28
22.1 11
22.11 0
22.12 0
22.13 9
22.14 38
22.15 28
22.16 22
22.17 5
22.18 0
22.19 14
22.2 31
22.21 27
22.22 26
22.23 6
22.24 0
22.25 0
22.26 8
22.27 31
22.28 52
22.29 29
22.3 19
22.31 0
22.32 0
22.33 2
22.34 25
22.35 39
22.36 27
22.37 22
22.38 0
22.39 0
22.4 11
22.41 29
22.42 49
22.43 27
22.44 16
22.45 0
22.46 0
22.47 3
22.48 23
22.49 41
22.5 28
22.51 26
22.52 0
22.53 0
22.54 0
22.55 4
22.56 22
22.57 40
22.58 29
22.59 29
22.6 0
22.61 0
22.62 0
22.63 0
22.64 16
22.65 29
22.66 43
22.67 27
22.68 14
22.69 0
22.7 9
22.71 27
22.72 39
22.73 25
22.74 0
22.75 0
22.76 0
22.77 0
22.78 16
22.79 28
22.8 42
22.81 28
22.82 10
22.83 0
22.84 0
22.85 0
22.86 17
22.87 36
22.88 28
22.89 23
22.9 0
22.91 0
22.92 0
22.93 5
22.94 24
22.95 40
22.96 29
22.97 22
22.98 0
22.99 0
23 0
23.01 15
23.02 34
23.03 26
23.04 19
23.05 0
23.06 0
23.07 0
23.08 0
23.09 12
23.1 26
23.11 38
23.12 29
23.13 25
23.14 10
23.15 0
23.16 7
23.17 22
23.18 35
23.19 27
23.2 23
23.21 0
23.22 0
23.23 4
23.24 23
23.25 41
23.26 27
23.27 18
23.28 0
23.29 0
23.3 9
23.31 32
23.32 37
23.33 27
23.34 18
23.35 0
23.36 0
23.37 13
23.38 37
23.39 27
23.4 20
23.41 0
23.42 0
23.43 0
23.44 22
23.45 50
23.46 28
23.47 18
23.48 0
23.49 0
23.5 11
23.51 34
23.52 28
23.53 26
23.54 0
23.55 0
23.56 3
23.57 28
23.58 52
23.59 27
23.6 23
23.61 0
23.62 0
23.63 8
23.64 32
23.65 38
23.66 28
23.67 14
23.68 0
23.69 0
23.7 14
23.71 35
23.72 27
23.73 27
23.74 0
23.75 0
23.76 0
23.77 0
23.78 21
23.79 35
23.8 28
23.81 23
23.82 0
23.83 0
23.84 0
23.85 0
23.86 15
23.87 26
23.88 40
23.89 27
23.9 9
23.91 0
23.92 0
23.93 0
23.94 9
23.95 23
23.96 37
23.97 28
23.98 11
23.99 0
24 0
24.01 0
24.02 11
24.03 27
24.04 43
24.05 28
24.06 6
24.07 0
24.08 0
24.09 3
24.1 21
24.11 36
24.12 28
24.13 24
24.14 0
24.15 0
24.16 0
24.17 4
24.18 20
24.19 33
24.2 28
24.21 23
24.22 0
24.23 0
24.24 0
24.25 0
24.26 14
24.27 28
24.28 41
24.29 27
24.3 7
24.31 0
24.32 0
24.33 0
24.34 10
24.35 24
24.36 38
24.37 27
24.38 18
24.39 0
24.4 0
24.41 0
24.42 12
24.43 30
24.44 44
24.45 28
24.46 18
24.47 0
24.48 0
24.49 1
24.5 20
24.51 37
24.52 28
24.53 23
24.54 0
24.55 0
24.56 0
24.57 6
24.58 24
24.59 40
24.6 27
24.61 19
24.62 0
24.63 0
24.64 0
24.65 3
24.66 26
24.67 45
24.68 28
24.69 22
24.7 0
24.71 0
24.72 0
24.73 20
24.74 42
24.75 28
24.76 14
24.77 0
24.78 0
24.79 0
24.8 20
24.81 41
24.82 29
24.83 26
24.84 0
24.85 0
24.86 3
24.87 20
24.88 39
24.89 28
24.9 29
24.91 0
24.92 0
24.93 0
24.94 11
24.95 29
24.96 44
24.97 26
24.98 0
24.99 0
25 0
25.01 6
25.02 27
25.03 43
25.04 28
25.05 14
25.06 0
25.07 0
25.08 1
25.09 27
25.1 45
25.11 29
25.12 15
25.13 0
25.14 0
25.15 1
25.16 23
25.17 39
25.18 27
25.19 13
25.2 0
25.21 0
25.22 16
25.23 36
25.24 27
25.25 24
25.26 0
25.27 0
25.28 0
25.29 14
25.3 37
25.31 28
25.32 25
25.33 5
25.34 0
25.35 1
25.36 19
25.37 37
25.38 26
25.39 25
25.4 0
25.41 0
25.42 0
25.43 5
25.44 22
25.45 37
25.46 27
25.47 13
25.48 0
25.49 0
25.5 0
25.51 6
25.52 25
25.53 42
25.54 28
25.55 20
25.56 0
25.57 0
25.58 0
25.59 20
25.6 42
25.61 29
25.62 27
25.63 0
25.64 0
25.65 0
25.66 17
25.67 36
25.68 27
25.69 17
25.7 0
25.71 0
25.72 0
25.73 17
25.74 35
25.75 27
25.76 22
25.77 0
25.78 0
25.79 0
25.8 7
25.81 24
25.82 40
25.83 28
25.84 7
25.85 0
25.86 0
25.87 0
25.88 10
25.89 29
25.9 44
25.91 29
25.92 16
25.93 0
25.94 0
25.95 0
25.96 8
25.97 32
25.98 50
25.99 28
26 12
26.01 0
26.02 0
26.03 1
26.04 20
26.05 40
26.06 28
26.07 21
26.08 0
26.09 0
26.1 0
26.11 9
26.12 29
26.13 42
26.14 27
26.15 18
26.16 0
26.17 0
26.18 0
26.19 15
26.2 30
26.21 43
26.22 28
26.23 8
26.24 0
26.25 0
26.26 0
26.27 20
26.28 37
26.29 29
26.3 24
26.31 0
26.32 0
26.33 0
26.34 13
26.35 34
26.36 27
26.37 27
26.38 0
26.39 0
26.4 0
26.41 9
26.42 27
26.43 46
26.44 28
26.45 24
26.46 0
26.47 0
26.48 1
26.49 23
26.5 43
26.51 29
26.52 28
26.53 0
26.54 0
26.55 11
26.56 36
26.57 27
26.58 27
26.59 4
26.6 0
26.61 0
26.62 14
26.63 44
26.64 27
26.65 22
26.66 0
26.67 0
26.68 3
26.69 29
26.7 40
26.71 28
26.72 17
26.73 0
26.74 0
26.75 17
26.76 36
26.77 26
26.78 15
26.79 0
26.8 0
26.81 0
26.82 9
26.83 32
26.84 51
26.85 29
26.86 21
26.87 0
26.88 0
26.89 0
26.9 20
26.91 39
26.92 28
26.93 23
26.94 0
26.95 0
26.96 0
26.97 17
26.98 35
26.99 27
27 24
27.01 0
27.02 0
27.03 0
27.04 10
27.05 28
27.06 45
27.07 27
27.08 6
27.09 0
27.1 0
27.11 8
27.12 29
27.13 47
27.14 28
27.15 5
27.16 0
27.17 0
27.18 6
27.19 27
27.2 41
27.21 28
27.22 19
27.23 0
27.24 0
27.25 0
27.26 18
27.27 34
27.28 28
27.29 18
27.3 0
27.31 0
27.32 0
27.33 15
27.34 33
27.35 38
27.36 27
27.37 0
27.38 0
27.39 0
27.4 6
27.41 26
27.42 42
27.43 28
27.44 23
27.45 0
27.46 0
27.47 0
27.48 8
27.49 27
27.5 40
27.51 28
27.52 16
27.53 0
27.54 0
27.55 0
27.56 8
27.57 27
27.58 43
27.59 28
27.6 11
27.61 0
27.62 0
27.63 0
27.64 19
27.65 39
27.66 27
27.67 13
27.68 0
27.69 0
27.7 3
27.71 26
27.72 46
27.73 28
27.74 18
27.75 0
27.76 0
27.77 16
27.78 40
27.79 28
27.8 18
27.81 0
27.82 0
27.83 0
27.84 23
27.85 47
27.86 28
27.87 19
27.88 0
27.89 2
27.9 23
27.91 40
27.92 27
27.93 13
27.94 0
27.95 0
27.96 4
27.97 27
27.98 46
27.99 27
28 22
28.01 0
28.02 0
28.03 2
28.04 24
28.05 42
28.06 28
28.07 24
28.08 0
28.09 0
28.1 0
28.11 19
28.12 37
28.13 27
28.14 22
28.15 1
28.16 0
28.17 14
28.18 31
28.19 28
28.2 25
28.21 3
28.22 0
28.23 0
28.24 8
28.25 30
28.26 48
28.27 29
28.28 22
28.29 0
28.3 0
28.31 13
28.32 35
28.33 27
28.34 25
28.35 0
28.36 0
28.37 0
28.38 19
28.39 40
28.4 28
28.41 26
28.42 0
28.43 0
28.44 1
28.45 22
28.46 42
28.47 27
28.48 21
28.49 0
28.5 0
28.51 8
28.52 26
28.53 43
28.54 28
28.55 15
28.56 0
28.57 0
28.58 2
28.59 24
28.6 47
28.61 27
28.62 26
28.63 0
28.64 0
28.65 5
28.66 29
28.67 47
28.68 27
28.69 19
28.7 0
28.71 0
28.72 8
28.73 31
28.74 27
28.75 24
28.76 9
28.77 0
28.78 0
28.79 19
28.8 42
28.81 26
28.82 18
28.83 0
28.84 0
28.85 0
28.86 20
28.87 42
28.88 28
28.89 11
28.9 0
28.91 0
28.92 6
28.93 34
28.94 49
28.95 28
28.96 21
28.97 0
28.98 0
28.99 11
29 34
29.01 26
29.02 20
29.03 10
29.04 0
29.05 15
29.06 32
29.07 27
29.08 25
29.09 0
29.1 0
29.11 0
29.12 0
29.13 21
29.14 39
29.15 28
29.16 18
29.17 0
29.18 0
29.19 4
29.2 18
29.21 33
29.22 26
29.23 21
29.24 2
29.25 0
29.26 0
29.27 9
29.28 30
29.29 42
29.3 28
29.31 16
29.32 0
29.33 0
29.34 9
29.35 30
29.36 30
29.37 27
29.38 0
29.39 0
29.4 0
29.41 9
29.42 29
29.43 43
29.44 27
29.45 14
29.46 0
29.47 0
29.48 2
29.49 23
29.5 38
29.51 27
29.52 15
29.53 0
29.54 0
29.55 0
29.56 14
29.57 30
29.58 47
29.59 28
29.6 5
29.61 0
29.62 0
29.63 2
29.64 22
29.65 41
29.66 28
29.67 22
29.68 0
29.69 0
29.7 0
29.71 21
29.72 40
29.73 27
29.74 26
29.75 0
29.76 0
29.77 14
29.78 36
29.79 26
29.8 20
29.81 0
29.82 0
29.83 2
29.84 22
29.85 47
29.86 27
29.87 22
29.88 0
29.89 0
29.9 28
29.91 40
29.92 27
29.93 18
29.94 0
29.95 1
29.96 25
29.97 51
29.98 29
29.99 14
30 0
30.01 0
30.02 15
30.03 44
30.04 28
30.05 27
30.06 7
30.07 0
30.08 15
30.09 44
30.1 25
30.11 22
30.12 0
30.13 0
30.14 2
30.15 27
30.16 54
30.17 28
30.18 15
30.19 0
30.2 0
30.21 8
30.22 33
30.23 49
30.24 28
30.25 0
30.26 0
30.27 0
30.28 5
30.29 26
30.3 44
30.31 29
30.32 13
30.33 0
30.34 0
30.35 2
30.36 23
30.37 39
30.38 27
30.39 14
30.4 0
30.41 0
30.42 0
30.43 12
30.44 28
30.45 46
30.46 29
30.47 9
30.48 0
30.49 0
30.5 0
30.51 10
30.52 28
30.53 45
30.54 29
30.55 24
30.56 0
30.57 0
30.58 0
30.59 14
30.6 34
30.61 33
30.62 27
30.63 1
30.64 0
30.65 3
30.66 22
30.67 39
30.68 27
30.69 19
30.7 0
30.71 0
30.72 0
30.73 10
30.74 27
30.75 46
30.76 28
30.77 24
30.78 0
30.79 0
30.8 0
30.81 14
30.82 31
30.83 47
30.84 28
30.85 9
30.86 0
30.87 0
30.88 10
30.89 33
30.9 39
30.91 28
30.92 12
30.93 0
30.94 0
30.95 9
30.96 33
30.97 38
30.98 28
30.99 10
31 0
31.01 6
31.02 24
31.03 46
31.04 27
31.05 17
31.06 0
31.07 0
31.08 0
31.09 22
31.1 47
31.11 29
31.12 26
31.13 0
31.14 0
31.15 0
31.16 16
31.17 39
31.18 28
31.19 15
31.2 0
31.21 0
31.22 0
31.23 15
31.24 35
31.25 27
31.26 25
31.27 0
31.28 0
31.29 0
31.3 0
31.31 15
31.32 34
31.33 35
31.34 27
31.35 1
31.36 0
31.37 0
31.38 3
31.39 23
31.4 43
31.41 28
31.42 20
31.43 0
31.44 0
31.45 1
31.46 17
31.47 37
31.48 28
31.49 23
31.5 0
31.51 0
31.52 0
31.53 4
31.54 24
31.55 39
31.56 28
31.57 25
31.58 0
31.59 0
31.6 0
31.61 2
31.62 21
31.63 38
31.64 29
31.65 28
31.66 5
31.67 0
31.68 0
31.69 13
31.7 32
31.71 27
31.72 26
31.73 4
31.74 0
31.75 0
31.76 3
31.77 23
31.78 36
31.79 28
31.8 18
31.81 2
31.82 0
31.83 0
31.84 0
31.85 14
31.86 28
31.87 42
31.88 27
31.89 5
31.9 0
31.91 0
31.92 0
31.93 12
31.94 30
31.95 43
31.96 28
31.97 13
31.98 0
31.99 0
32 12
32.01 29
32.02 43
32.03 27
32.04 6
32.05 0
32.06 0
32.07 0
32.08 14
32.09 28
32.1 42
32.11 28
32.12 8
32.13 0
32.14 0
32.15 0
32.16 15
32.17 31
32.18 38
32.19 28
32.2 1
32.21 0
32.22 0
32.23 13
32.24 31
32.25 50
32.26 28
32.27 21
32.28 0
32.29 0
32.3 3
32.31 27
32.32 41
32.33 27
32.34 7
32.35 0
32.36 0
32.37 6
32.38 31
32.39 52
32.4 29
32.41 23
32.42 0
32.43 0
32.44 10
32.45 32
32.46 26
32.47 22
32.48 10
32.49 0
32.5 6
32.51 26
32.52 45
32.53 28
32.54 26
32.55 0
32.56 0
32.57 5
32.58 31
32.59 49
32.6 29
32.61 20
32.62 0
32.63 0
32.64 7
32.65 31
32.66 35
32.67 28
32.68 4
32.69 0
32.7 0
32.71 13
32.72 36
32.73 28
32.74 26
32.75 0
32.76 0
32.77 3
32.78 23
32.79 45
32.8 27
32.81 27
32.82 0
32.83 0
32.84 0
32.85 17
32.86 35
32.87 28
32.88 26
32.89 0
32.9 0
32.91 0
32.92 8
32.93 26
32.94 45
32.95 27
32.96 19
32.97 0
32.98 0
32.99 1
33 27
33.01 47
33.02 28
33.03 20
33.04 0
33.05 0
33.06 7
33.07 30
33.08 43
33.09 28
33.1 18
33.11 0
33.12 0
33.13 10
33.14 37
33.15 28
33.16 28
33.17 0
33.18 0
33.19 0
33.2 24
33.21 51
33.22 28
33.23 19
33.24 0
33.25 0
33.26 10
33.27 43
33.28 29
33.29 29
33.3 0
33.31 0
33.32 0
33.33 14
33.34 39
33.35 28
33.36 28
33.37 1
33.38 0
33.39 5
33.4 32
33.41 29
33.42 22
33.43 9
33.44 0
33.45 0
33.46 20
33.47 39
33.48 29
33.49 23
33.5 0
33.51 0
33.52 0
33.53 16
33.54 43
33.55 27
33.56 27
33.57 0
33.58 0
33.59 0
33.6 25
33.61 48
33.62 27
33.63 26
33.64 0
33.65 0
33.66 7
33.67 27
33.68 46
33.69 28
33.7 11
33.71 0
33.72 0
33.73 0
33.74 21
33.75 40
33.76 28
33.77 10
33.78 0
33.79 0
33.8 1
33.81 29
33.82 48
33.83 28
33.84 18
33.85 0
33.86 0
33.87 0
33.88 23
33.89 40
33.9 27
33.91 8
33.92 0
33.93 0
33.94 0
33.95 18
33.96 37
33.97 28
33.98 24
33.99 0
34 0
34.01 0
34.02 5
34.03 31
34.04 49
34.05 29
34.06 19
34.07 0
34.08 0
34.09 4
34.1 26
34.11 49
34.12 27
34.13 21
34.14 0
34.15 7
34.16 32
34.17 26
34.18 17
34.19 0
34.2 0
34.21 0
34.22 17
34.23 44
34.24 28
34.25 25
34.26 7
34.27 0
34.28 10
34.29 37
34.3 26
34.31 25
34.32 0
34.33 0
34.34 0
34.35 19
34.36 46
34.37 27
34.38 19
34.39 0
34.4 0
34.41 3
34.42 30
34.43 53
34.44 28
34.45 21
34.46 0
34.47 0
34.48 11
34.49 36
34.5 27
34.51 27
34.52 5
34.53 0
34.54 8
34.55 27
34.56 42
34.57 26
34.58 5
34.59 0
34.6 0
34.61 10
34.62 33
34.63 48
34.64 29
34.65 11
34.66 0
34.67 0
34.68 7
34.69 31
34.7 28
34.71 28
34.72 2
34.73 0
34.74 0
34.75 4
34.76 26
34.77 44
34.78 27
34.79 12
34.8 0
34.81 0
34.82 0
34.83 20
34.84 41
34.85 29
34.86 29
34.87 0
34.88 0
34.89 0
34.9 3
34.91 22
34.92 38
34.93 27
34.94 24
34.95 0
34.96 0
34.97 0
34.98 8
34.99 29
35 45
35.01 28
35.02 26
35.03 0
35.04 12
35.05 28
35.06 37
35.07 26
35.08 0
35.09 0
35.1 0
35.11 0
35.12 16
35.13 38
35.14 29
35.15 24
35.16 0
35.17 0
35.18 0
35.19 14
35.2 33
35.21 27
35.22 27
35.23 0
35.24 0
35.25 0
35.26 11
35.27 31
35.28 47
35.29 27
35.3 8
35.31 0
35.32 0
35.33 16
35.34 33
35.35 36
35.36 27
35.37 11
35.38 0
35.39 13
35.4 35
35.41 26
35.42 12
35.43 0
35.44 0
35.45 5
35.46 29
35.47 43
35.48 26
35.49 10
35.5 0
35.51 0
35.52 24
35.53 48
35.54 27
35.55 21
35.56 0
35.57 0
35.58 25
35.59 46
35.6 27
35.61 26
35.62 0
35.63 0
35.64 1
35.65 31
35.66 55
35.67 28
35.68 24
35.69 0
35.7 8
35.71 33
35.72 27
35.73 25
35.74 0
35.75 0
35.76 0
35.77 21
35.78 47
35.79 27
35.8 16
35.81 0
35.82 0
35.83 0
35.84 27
35.85 48
35.86 28
35.87 9
35.88 0
35.89 0
35.9 2
35.91 26
35.92 43
35.93 28
35.94 27
35.95 0
35.96 0
35.97 0
35.98 21
35.99 42
36 28
36.01 27
36.02 0
36.03 0
36.04 0
36.05 9
36.06 25
36.07 46
36.08 28
36.09 7
36.1 0
36.11 0
36.12 11
36.13 28
36.14 47
36.15 27
36.16 18
36.17 0
36.18 0
36.19 7
36.2 23
36.21 37
36.22 27
36.23 17
36.24 0
36.25 0
36.26 0
36.27 1
36.28 19
36.29 36
36.3 28
36.31 25
36.32 0
36.33 0
36.34 0
36.35 2
36.36 16
36.37 27
36.38 42
36.39 28
36.4 0
36.41 0
36.42 0
36.43 3
36.44 20
36.45 36
36.46 27
36.47 25
36.48 0
36.49 0
36.5 0
36.51 9
36.52 28
36.53 43
36.54 28
36.55 10
36.56 0
36.57 0
36.58 0
36.59 21
36.6 37
36.61 28
36.62 26
36.63 0
36.64 0
36.65 0
36.66 3
36.67 23
36.68 40
36.69 28
36.7 10
36.71 0
36.72 0
36.73 0
36.74 16
36.75 37
36.76 27
36.77 25
36.78 0
36.79 0
36.8 3
36.81 25
36.82 47
36.83 27
36.84 24
36.85 0
36.86 0
36.87 10
36.88 34
36.89 27
36.9 26
36.91 0
36.92 0
36.93 0
36.94 24
36.95 51
36.96 26
36.97 18
36.98 0
36.99 0
37 20
37.01 39
37.02 27
37.03 17
37.04 0
37.05 0
37.06 0
37.07 16
37.08 38
37.09 28
37.1 22
37.11 0
37.12 0
37.13 0
37.14 4
37.15 22
37.16 41
37.17 29
37.18 27
37.19 0
37.2 0
37.21 0
37.22 17
37.23 35
37.24 26
37.25 24
37.26 0
37.27 0
37.28 0
37.29 5
37.3 25
37.31 44
37.32 28
37.33 19
37.34 0
37.35 0
37.36 0
37.37 16
37.38 34
37.39 38
37.4 28
37.41 3
37.42 0
37.43 0
37.44 0
37.45 16
37.46 32
37.47 45
37.48 28
37.49 0
37.5 0
37.51 0
37.52 0
37.53 12
37.54 29
37.55 42
37.56 28
37.57 1
37.58 0
37.59 0
37.6 3
37.61 19
37.62 33
37.63 27
37.64 22
37.65 0
37.66 0
37.67 0
37.68 9
37.69 28
37.7 46
37.71 28
37.72 16
37.73 0
37.74 0
37.75 0
37.76 13
37.77 32
37.78 47
37.79 28
37.8 9
37.81 0
37.82 0
37.83 13
37.84 35
37.85 29
37.86 27
37.87 0
37.88 0
37.89 0
37.9 10
37.91 35
37.92 26
37.93 23
37.94 9
37.95 0
37.96 7
37.97 31
37.98 50
37.99 29
38 13
38.01 0
38.02 5
38.03 32
38.04 28
38.05 24
38.06 12
38.07 0
38.08 2
38.09 22
38.1 45
38.11 27
38.12 13
38.13 0
38.14 0
38.15 3
38.16 29
38.17 46
38.18 27
38.19 8
38.2 0
38.21 0
38.22 5
38.23 27
38.24 48
38.25 28
38.26 23
38.27 0
38.28 0
38.29 0
38.3 19
38.31 33
38.32 27
38.33 24
38.34 0
38.35 0
38.36 0
38.37 6
38.38 22
38.39 39
38.4 27
38.41 7
38.42 0
38.43 0
38.44 0
38.45 5
38.46 22
38.47 34
38.48 28
38.49 22
38.5 0
38.51 0
38.52 0
38.53 4
38.54 17
38.55 32
38.56 44
38.57 28
38.58 0
38.59 0
38.6 0
38.61 1
38.62 17
38.63 34
38.64 45
38.65 28
38.66 0
38.67 0
38.68 0
38.69 0
38.7 11
38.71 28
38.72 45
38.73 29
38.74 16
38.75 0
38.76 0
38.77 0
38.78 13
38.79 27
38.8 41
38.81 28
38.82 6
38.83 0
38.84 0
38.85 0
38.86 5
38.87 24
38.88 38
38.89 27
38.9 27
38.91 0
38.92 0
38.93 0
38.94 9
38.95 25
38.96 38
38.97 26
38.98 1
38.99 0
39 0
39.01 5
39.02 22
39.03 35
39.04 27
39.05 22
39.06 0
39.07 0
39.08 0
39.09 4
39.1 23
39.11 41
39.12 29
39.13 17
39.14 0
39.15 0
39.16 0
39.17 15
39.18 31
39.19 36
39.2 29
39.21 7
39.22 0
39.23 0
39.24 6
39.25 27
39.26 46
39.27 27
39.28 22
39.29 0
39.3 0
39.31 0
39.32 23
39.33 39
39.34 28
39.35 24
39.36 0
39.37 0
39.38 4
39.39 25
39.4 45
39.41 28
39.42 21
39.43 0
39.44 0
39.45 8
39.46 25
39.47 42
39.48 26
39.49 13
39.5 0
39.51 0
39.52 1
39.53 22
39.54 35
39.55 29
39.56 26
39.57 0
39.58 0
39.59 0
39.6 4
39.61 24
39.62 39
39.63 28
39.64 19
39.65 0
39.66 0
39.67 0
39.68 17
39.69 37
39.7 28
39.71 23
39.72 0
39.73 0
39.74 0
39.75 11
39.76 32
39.77 32
39.78 25
39.79 2
39.8 0
39.81 0
39.82 12
39.83 35
39.84 34
39.85 27
39.86 1
39.87 0
39.88 0
39.89 16
39.9 36
39.91 28
39.92 26
39.93 0
39.94 0
39.95 0
39.96 14
39.97 34
39.98 27
39.99 27
40 0
40.01 0
40.02 0
40.03 2
40.04 16
40.05 32
40.06 30
40.07 29
40.08 3
40.09 0
40.1 0
40.11 14
40.12 32
40.13 33
40.14 27
40.15 0
40.16 0
40.17 0
40.18 3
40.19 21
40.2 39
40.21 29
40.22 24
40.23 0
40.24 0
40.25 0
40.26 19
40.27 37
40.28 28
40.29 21
40.3 0
40.31 0
40.32 0
40.33 11
40.34 31
40.35 41
40.36 28
40.37 6
40.38 0
40.39 0
40.4 3
40.41 22
40.42 40
40.43 27
40.44 20
40.45 0
40.46 0
40.47 0
40.48 17
40.49 37
40.5 28
40.51 24
40.52 0
40.53 0
40.54 0
40.55 10
40.56 33
40.57 49
40.58 29
40.59 19
40.6 0
40.61 7
40.62 24
40.63 43
40.64 27
40.65 24
40.66 0
40.67 0
40.68 0
40.69 20
40.7 36
40.71 28
40.72 24
40.73 0
40.74 0
40.75 0
40.76 19
40.77 39
40.78 27
40.79 23
40.8 0
40.81 0
40.82 0
40.83 11
40.84 30
40.85 47
40.86 29
40.87 12
40.88 0
40.89 0
40.9 0
40.91 16
40.92 33
40.93 39
40.94 28
40.95 17
40.96 0
40.97 0
40.98 7
40.99 23
41 40
41.01 27
41.02 11
41.03 0
41.04 0
41.05 11
41.06 29
41.07 47
41.08 28
41.09 21
41.1 0
41.11 0
41.12 5
41.13 28
41.14 43
41.15 27
41.16 5
41.17 0
41.18 0
41.19 4
41.2 23
41.21 37
41.22 27
41.23 17
41.24 0
41.25 0
41.26 0
41.27 8
41.28 25
41.29 44
41.3 29
41.31 18
41.32 0
41.33 0
41.34 0
41.35 13
41.36 32
41.37 49
41.38 28
41.39 9
41.4 0
41.41 3
41.42 21
41.43 40
41.44 28
41.45 17
41.46 0
41.47 0
41.48 0
41.49 9
41.5 27
41.51 42
41.52 27
41.53 22
41.54 0
41.55 0
41.56 16
41.57 31
41.58 35
41.59 27
41.6 2
41.61 0
41.62 0
41.63 0
41.64 12
41.65 27
41.66 41
41.67 28
41.68 17
41.69 0
41.7 0
41.71 0
41.72 17
41.73 30
41.74 42
41.75 27
41.76 0
41.77 0
41.78 0
41.79 6
41.8 26
41.81 44
41.82 29
41.83 25
41.84 0
41.85 0
41.86 2
41.87 23
41.88 46
41.89 27
41.9 10
41.91 0
41.92 0
41.93 7
41.94 27
41.95 48
41.96 28
41.97 20
41.98 0
41.99 0
42 1
42.01 20
42.02 39
42.03 27
42.04 12
42.05 0
42.06 0
42.07 0
42.08 23
42.09 39
42.1 28
42.11 20
42.12 0
42.13 0
42.14 0
42.15 26
42.16 47
42.17 26
42.18 17
42.19 0
42.2 0
42.21 6
42.22 33
42.23 43
42.24 29
42.25 18
42.26 0
42.27 0
42.28 9
42.29 31
42.3 40
42.31 28
42.32 5
42.33 0
42.34 0
42.35 15
42.36 36
42.37 26
42.38 23
42.39 0
42.4 0
42.41 0
42.42 21
42.43 43
42.44 28
42.45 21
42.46 0
42.47 0
42.48 0
42.49 25
42.5 42
42.51 28
42.52 8
42.53 0
42.54 0
42.55 4
42.56 24
42.57 34
42.58 26
42.59 14
42.6 0
42.61 0
42.62 0
42.63 15
42.64 31
42.65 49
42.66 27
42.67 0
42.68 0
42.69 0
42.7 1
42.71 24
42.72 40
42.73 28
42.74 18
42.75 0
42.76 0
42.77 0
42.78 17
42.79 35
42.8 28
42.81 28
42.82 0
42.83 0
42.84 7
42.85 26
42.86 47
42.87 26
42.88 13
42.89 0
42.9 0
42.91 0
42.92 20
42.93 35
42.94 29
42.95 25
42.96 6
42.97 0
42.98 5
42.99 22
43 39
43.01 28
43.02 22
43.03 0
43.04 0
43.05 0
43.06 13
43.07 35
43.08 29
43.09 24
43.1 0
43.11 0
43.12 0
43.13 17
43.14 36
43.15 27
43.16 26
43.17 0
43.18 0
43.19 6
43.2 27
43.21 49
43.22 27
43.23 18
43.24 0
43.25 0
43.26 24
43.27 50
43.28 28
43.29 19
43.3 0
43.31 0
43.32 21
43.33 43
43.34 26
43.35 18
43.36 0
43.37 0
43.38 0
43.39 32
43.4 49
43.41 27
43.42 17
43.43 0
43.44 0
43.45 22
43.46 46
43.47 28
43.48 28
43.49 0
43.5 0
43.51 13
43.52 38
43.53 27
43.54 19
43.55 0
43.56 0
43.57 3
43.58 32
43.59 38
43.6 27
43.61 8
43.62 0
43.63 0
43.64 10
43.65 34
43.66 27
43.67 27
43.68 10
43.69 0
43.7 0
43.71 15
43.72 37
43.73 27
43.74 20
43.75 3
43.76 0
43.77 0
43.78 11
43.79 32
43.8 45
43.81 28
43.82 6
43.83 0
43.84 0
43.85 0
43.86 13
43.87 31
43.88 45
43.89 28
43.9 0
43.91 0
43.92 0
43.93 0
43.94 14
43.95 30
43.96 46
43.97 28
43.98 2
43.99 0
44 0
44.01 0
44.02 14
44.03 31
44.04 46
44.05 28
44.06 4
44.07 0
44.08 0
44.09 6
44.1 23
44.11 40
44.12 26
44.13 17
44.14 0
44.15 0
44.16 0
44.17 25
44.18 44
44.19 28
44.2 27
44.21 0
44.22 0
44.23 6
44.24 28
44.25 49
44.26 27
44.27 23
44.28 0
44.29 0
44.3 14
44.31 41
44.32 28
44.33 22
44.34 0
44.35 0
44.36 16
44.37 43
44.38 26
44.39 22
44.4 0
44.41 0
44.42 0
44.43 24
44.44 52
44.45 29
44.46 23
44.47 0
44.48 0
44.49 22
44.5 45
44.51 25
44.52 22
44.53 0
44.54 6
44.55 28
44.56 48
44.57 27
44.58 11
44.59 0
44.6 0
44.61 13
44.62 44
44.63 29
44.64 20
44.65 0
44.66 0
44.67 8
44.68 37
44.69 28
44.7 25
44.71 0
44.72 0
44.73 0
44.74 23
44.75 53
44.76 27
44.77 19
44.78 0
44.79 8
44.8 31
44.81 27
44.82 27
44.83 2
44.84 0
44.85 0
44.86 8
44.87 32
44.88 48
44.89 26
44.9 10
44.91 0
44.92 0
44.93 3
44.94 25
44.95 42
44.96 28
44.97 27
44.98 0
44.99 0
45 0
45.01 13
45.02 30
45.03 45
45.04 27
45.05 0
45.06 0
45.07 0
45.08 5
45.09 24
45.1 40
45.11 29
45.12 21
45.13 0
45.14 0
45.15 5
45.16 23
45.17 42
45.18 27
45.19 25
45.2 0
45.21 0
45.22 0
45.23 14
45.24 29
45.25 46
45.26 27
45.27 8
45.28 0
45.29 0
45.3 6
45.31 24
45.32 44
45.33 28
45.34 19
45.35 0
45.36 0
45.37 0
45.38 12
45.39 31
45.4 48
45.41 28
45.42 0
45.43 0
45.44 0
45.45 15
45.46 43
45.47 27
45.48 27
45.49 0
45.5 0
45.51 0
45.52 23
45.53 43
45.54 28
45.55 20
45.56 0
45.57 0
45.58 14
45.59 34
45.6 27
45.61 26
45.62 0
45.63 0
45.64 16
45.65 33
45.66 27
45.67 27
45.68 0
45.69 0
45.7 0
45.71 24
45.72 49
45.73 27
45.74 27
45.75 0
45.76 0
45.77 13
45.78 40
45.79 27
45.8 22
45.81 0
45.82 0
45.83 15
45.84 40
45.85 27
45.86 20
45.87 0
45.88 0
45.89 0
45.9 30
45.91 55
45.92 29
45.93 28
45.94 0
45.95 0
45.96 13
45.97 36
45.98 27
45.99 27
46 0
46.01 0
46.02 0
46.03 0
46.04 25
46.05 43
46.06 27
46.07 6
46.08 0
46.09 0
46.1 0
46.11 20
46.12 31
46.13 30
46.14 24
46.15 0
46.16 0
46.17 0
46.18 7
46.19 26
46.2 43
46.21 28
46.22 23
46.23 0
46.24 0
46.25 0
46.26 10
46.27 28
46.28 42
46.29 28
46.3 0
46.31 0
46.32 0
46.33 0
46.34 16
46.35 33
46.36 41
46.37 28
46.38 19
46.39 0
46.4 20
46.41 38
46.42 26
46.43 14
46.44 0
46.45 0
46.46 0
46.47 13
46.48 37
46.49 29
46.5 26
46.51 0
46.52 0
46.53 0
46.54 12
46.55 29
46.56 48
46.57 27
46.58 12
46.59 0
46.6 0
46.61 10
46.62 32
46.63 48
46.64 27
46.65 3
46.66 0
46.67 0
46.68 10
46.69 37
46.7 29
46.71 23
46.72 4
46.73 0
46.74 4
46.75 25
46.76 47
46.77 26
46.78 9
46.79 0
46.8 3
46.81 23
46.82 46
46.83 27
46.84 13
46.85 0
46.86 0
46.87 10
46.88 37
46.89 29
46.9 28
46.91 4
46.92 0
46.93 15
46.94 36
46.95 28
46.96 25
46.97 0
46.98 0
46.99 0
47 26
47.01 50
47.02 27
47.03 21
47.04 0
47.05 5
47.06 28
47.07 27
47.08 27
47.09 8
47.1 0
47.11 0
47.12 5
47.13 32
47.14 47
47.15 28
47.16 0
47.17 0
47.18 0
47.19 10
47.2 36
47.21 28
47.22 23
47.23 0
47.24 0
47.25 0
47.26 8
47.27 23
47.28 35
47.29 27
47.3 9
47.31 0
47.32 0
47.33 0
47.34 13
47.35 30
47.36 46
47.37 29
47.38 10
47.39 0
47.4 0
47.41 0
47.42 17
47.43 33
47.44 42
47.45 28
47.46 0
47.47 0
47.48 0
47.49 6
47.5 22
47.51 47
47.52 29
47.53 29
47.54 0
47.55 0
47.56 0
47.57 14
47.58 33
47.59 40
47.6 28
47.61 10
47.62 0
47.63 0
47.64 4
47.65 24
47.66 41
47.67 28
47.68 20
47.69 0
47.7 0
47.71 0
47.72 21
47.73 42
47.74 27
47.75 26
47.76 0
47.77 0
47.78 1
47.79 26
47.8 47
47.81 28
47.82 26
47.83 0
47.84 0
47.85 7
47.86 29
47.87 49
47.88 28
47.89 24
47.9 0
47.91 0
47.92 12
47.93 37
47.94 27
47.95 27
47.96 0
47.97 0
47.98 0
47.99 13
48 37
48.01 28
48.02 25
48.03 0
48.04 0
48.05 0
48.06 14
48.07 37
48.08 27
48.09 26
48.1 0
48.11 0
48.12 0
48.13 16
48.14 32
48.15 33
48.16 25
48.17 0
48.18 0
48.19 0
48.2 8
48.21 27
48.22 49
48.23 29
48.24 4
48.25 0
48.26 0
48.27 0
48.28 20
48.29 36
48.3 28
48.31 24
48.32 0
48.33 0
48.34 0
48.35 6
48.36 25
48.37 38
48.38 27
48.39 3
48.4 0
48.41 0
48.42 2
48.43 20
48.44 36
48.45 27
48.46 17
48.47 0
48.48 0
48.49 0
48.5 3
48.51 18
48.52 35
48.53 33
48.54 26
48.55 0
48.56 0
48.57 0
48.58 12
48.59 23
48.6 39
48.61 27
48.62 7
48.63 0
48.64 0
48.65 0
48.66 9
48.67 24
48.68 39
48.69 29
48.7 29
48.71 0
48.72 0
48.73 0
48.74 11
48.75 24
48.76 37
48.77 27
48.78 12
48.79 0
48.8 0
48.81 0
48.82 6
48.83 19
48.84 34
48.85 28
48.86 22
48.87 0
48.88 0
48.89 0
48.9 3
48.91 20
48.92 32
48.93 35
48.94 27
48.95 0
48.96 0
48.97 0
48.98 11
48.99 25
49 37
49.01 27
49.02 16
49.03 0
49.04 0
49.05 0
49.06 7
49.07 22
49.08 39
49.09 28
49.1 22
49.11 0
49.12 0
49.13 0
49.14 0
49.15 13
49.16 31
49.17 48
49.18 28
49.19 0
49.2 0
49.21 0
49.22 5
49.23 23
49.24 41
49.25 28
49.26 11
49.27 0
49.28 0
49.29 0
49.3 11
49.31 29
49.32 47
49.33 29
49.34 7
49.35 0
49.36 0
49.37 6
49.38 25
49.39 45
49.4 29
49.41 12
49.42 0
49.43 0
49.44 0
49.45 20
49.46 38
49.47 28
49.48 18
49.49 5
49.5 0
49.51 10
49.52 24
49.53 40
49.54 26
49.55 23
49.56 0
49.57 0
49.58 0
49.59 7
49.6 22
49.61 35
49.62 28
49.63 27
49.64 0
49.65 0
49.66 0
49.67 0
49.68 5
49.69 20
49.7 35
49.71 29
49.72 26
49.73 0
49.74 0
49.75 0
49.76 0
49.77 15
49.78 30
49.79 45
49.8 29
49.81 17
49.82 0
49.83 0
49.84 0
49.85 0
49.86 13
49.87 25
49.88 37
49.89 28
49.9 8
49.91 0
49.92 0
49.93 0
49.94 4
49.95 20
49.96 34
49.97 32
49.98 28
49.99 0
50 0
50.01 0
50.02 0
50.03 13
50.04 31
50.05 46
50.06 27
50.07 3
50.08 0
50.09 2
50.1 22
50.11 42
50.12 27
50.13 17
50.14 0
50.15 0
50.16 0
50.17 20
50.18 42
50.19 29
50.2 20
50.21 0
50.22 0
50.23 0
50.24 16
50.25 38
50.26 27
50.27 28
50.28 0
50.29 0
50.3 0
50.31 18
50.32 38
50.33 28
50.34 21
50.35 0
50.36 0
50.37 0
50.38 16
50.39 35
50.4 27
50.41 27
50.42 0
50.43 0
50.44 0
50.45 5
50.46 22
50.47 39
50.48 28
50.49 12
50.5 0
50.51 0
50.52 0
50.53 15
50.54 38
50.55 29
50.56 27
50.57 6
50.58 0
50.59 2
50.6 22
50.61 43
50.62 27
50.63 21
50.64 0
50.65 0
50.66 0
50.67 18
50.68 34
50.69 28
50.7 26
50.71 0
50.72 0
50.73 0
50.74 21
50.75 40
50.76 27
50.77 26
50.78 0
50.79 0
50.8 0
50.81 16
50.82 33
50.83 42
50.84 28
50.85 0
50.86 0
50.87 0
50.88 9
50.89 29
50.9 48
50.91 28
50.92 18
50.93 0
50.94 0
50.95 1
50.96 23
50.97 41
50.98 27
50.99 21
51 0
51.01 0
51.02 6
51.03 29
51.04 50
51.05 28
51.06 21
51.07 0
51.08 0
51.09 17
51.1 40
51.11 27
51.12 20
51.13 0
51.14 0
51.15 7
51.16 26
51.17 47
51.18 27
51.19 19
51.2 0
51.21 1
51.22 23
51.23 46
51.24 28
51.25 23
51.26 0
51.27 0
51.28 16
51.29 40
51.3 27
51.31 17
51.32 0
51.33 0
51.34 2
51.35 26
51.36 52
51.37 27
51.38 26
51.39 0
51.4 0
51.41 19
51.42 47
51.43 26
51.44 22
51.45 0
51.46 0
51.47 7
51.48 30
51.49 53
51.5 28
51.51 18
51.52 0
51.53 0
51.54 13
51.55 37
51.56 27
51.57 23
51.58 0
51.59 0
51.6 3
51.61 22
51.62 44
51.63 27
51.64 20
51.65 0
51.66 0
51.67 0
51.68 17
51.69 34
51.7 28
51.71 27
51.72 2
51.73 0
51.74 0
51.75 16
51.76 35
51.77 27
51.78 27
51.79 0
51.8 0
51.81 0
51.82 6
51.83 24
51.84 40
51.85 27
51.86 12
51.87 0
51.88 0
51.89 0
51.9 18
51.91 33
51.92 32
51.93 25
51.94 0
51.95 0
51.96 0
51.97 8
51.98 28
51.99 43
52 28
52.01 11
52.02 0
52.03 0
52.04 0
52.05 13
52.06 35
52.07 40
52.08 28
52.09 0
52.1 0
52.11 0
52.12 11
52.13 34
52.14 28
52.15 22
52.16 5
52.17 0
52.18 0
52.19 14
52.2 35
52.21 27
52.22 21
52.23 4
52.24 0
52.25 1
52.26 22
52.27 45
52.28 28
52.29 20
52.3 0
52.31 0
52.32 11
52.33 34
52.34 27
52.35 23
52.36 3
52.37 0
52.38 6
52.39 27
52.4 50
52.41 27
52.42 15
52.43 0
52.44 0
52.45 16
52.46 39
52.47 28
52.48 27
52.49 0
52.5 0
52.51 13
52.52 40
52.53 25
52.54 20
52.55 0
52.56 0
52.57 6
52.58 36
52.59 30
52.6 26
52.61 18
52.62 0
52.63 21
52.64 45
52.65 26
52.66 18
52.67 0
52.68 0
52.69 7
52.7 37
52.71 28
52.72 27
52.73 0
52.74 0
52.75 0
52.76 14
52.77 32
52.78 30
52.79 28
52.8 0
52.81 0
52.82 0
52.83 13
52.84 34
52.85 27
52.86 21
52.87 0
52.88 0
52.89 0
52.9 18
52.91 39
52.92 27
52.93 22
52.94 0
52.95 0
52.96 0
52.97 20
52.98 40
52.99 28
53 21
53.01 0
53.02 0
53.03 0
53.04 19
53.05 35
53.06 27
53.07 21
53.08 0
53.09 0
53.1 0
53.11 13
53.12 28
53.13 42
53.14 28
53.15 0
53.16 0
53.17 0
53.18 0
53.19 16
53.2 34
53.21 44
53.22 28
53.23 22
53.24 0
53.25 0
53.26 4
53.27 24
53.28 43
53.29 27
53.3 16
53.31 0
53.32 0
53.33 0
53.34 13
53.35 34
53.36 46
53.37 28
53.38 5
53.39 0
53.4 0
53.41 10
53.42 29
53.43 47
53.44 28
53.45 8
53.46 0
53.47 0
53.48 14
53.49 34
53.5 29
53.51 28
53.52 7
53.53 0
53.54 0
53.55 22
53.56 45
53.57 28
53.58 24
53.59 0
53.6 0
53.61 13
53.62 36
53.63 27
53.64 25
53.65 0
53.66 0
53.67 0
53.68 14
53.69 38
53.7 27
53.71 27
53.72 0
53.73 0
53.74 0
53.75 18
53.76 40
53.77 28
53.78 26
53.79 0
53.8 0
53.81 0
53.82 19
53.83 40
53.84 27
53.85 27
53.86 0
53.87 0
53.88 0
53.89 17
53.9 33
53.91 27
53.92 26
53.93 0
53.94 0
53.95 1
53.96 15
53.97 37
53.98 28
53.99 22
54 0
54.01 0
54.02 0
54.03 17
54.04 35
54.05 27
54.06 23
54.07 0
54.08 0
54.09 0
54.1 11
54.11 29
54.12 47
54.13 28
54.14 1
54.15 0
54.16 0
54.17 6
54.18 27
54.19 43
54.2 27
54.21 18
54.22 0
54.23 0
54.24 9
54.25 29
54.26 45
54.27 28
54.28 12
54.29 0
54.3 0
54.31 18
54.32 41
54.33 29
54.34 25
54.35 0
54.36 0
54.37 2
54.38 23
54.39 44
54.4 26
54.41 18
54.42 0
54.43 0
54.44 11
54.45 32
54.46 43
54.47 27
54.48 4
54.49 0
54.5 0
54.51 9
54.52 32
54.53 42
54.54 28
54.55 7
54.56 0
54.57 0
54.58 11
54.59 36
54.6 28
54.61 27
54.62 0
54.63 0
54.64 7
54.65 28
54.66 51
54.67 28
54.68 20
54.69 0
54.7 0
54.71 6
54.72 31
54.73 49
54.74 27
54.75 15
54.76 0
54.77 0
54.78 17
54.79 43
54.8 27
54.81 26
54.82 0
54.83 0
54.84 10
54.85 32
54.86 26
54.87 26
54.88 0
54.89 0
54.9 0
54.91 9
54.92 32
54.93 52
54.94 29
54.95 21
54.96 0
54.97 5
54.98 25
54.99 44
55 28
55.01 11
55.02 0
55.03 0
55.04 0
55.05 18
55.06 36
55.07 27
55.08 23
55.09 0
55.1 0
55.11 0
55.12 12
55.13 35
55.14 45
55.15 29
55.16 5
55.17 0
55.18 0
55.19 4
55.2 26
55.21 39
55.22 28
55.23 20
55.24 0
55.25 0
55.26 0
55.27 17
55.28 35
55.29 28
55.3 28
55.31 0
55.32 0
55.33 0
55.34 11
55.35 28
55.36 48
55.37 27
55.38 19
55.39 0
55.4 0
55.41 6
55.42 27
55.43 44
55.44 27
55.45 20
55.46 0
55.47 11
55.48 30
55.49 38
55.5 27
55.51 7
55.52 0
55.53 0
55.54 8
55.55 29
55.56 47
55.57 28
55.58 15
55.59 0
55.6 0
55.61 1
55.62 27
55.63 49
55.64 28
55.65 18
55.66 0
55.67 0
55.68 24
55.69 49
55.7 26
55.71 21
55.72 0
55.73 0
55.74 11
55.75 39
55.76 27
55.77 27
55.78 0
55.79 0
55.8 6
55.81 33
55.82 27
55.83 25
55.84 8
55.85 0
55.86 10
55.87 38
55.88 28
55.89 26
55.9 0
55.91 0
55.92 0
55.93 19
55.94 43
55.95 27
55.96 20
55.97 0
55.98 0
55.99 9
56 33
56.01 27
56.02 26
56.03 8
56.04 0
56.05 0
56.06 10
56.07 34
56.08 34
56.09 28
56.1 9
56.11 0
56.12 0
56.13 0
56.14 16
56.15 37
56.16 28
56.17 22
56.18 0
56.19 0
56.2 0
56.21 14
56.22 30
56.23 45
56.24 26
56.25 11
56.26 0
56.27 0
56.28 12
56.29 30
56.3 46
56.31 27
56.32 17
56.33 0
56.34 0
56.35 0
56.36 10
56.37 29
56.38 48
56.39 28
56.4 0
56.41 0
56.42 0
56.43 0
56.44 12
56.45 30
56.46 44
56.47 28
56.48 2
56.49 0
56.5 0
56.51 0
56.52 5
56.53 23
56.54 40
56.55 29
56.56 13
56.57 0
56.58 0
56.59 0
56.6 15
56.61 30
56.62 45
56.63 29
56.64 18
56.65 0
56.66 3
56.67 17
56.68 34
56.69 28
56.7 21
56.71 0
56.72 0
56.73 0
56.74 2
56.75 19
56.76 35
56.77 29
56.78 23
56.79 0
56.8 0
56.81 0
56.82 8
56.83 25
56.84 41
56.85 28
56.86 13
56.87 0
56.88 0
56.89 7
56.9 28
56.91 51
56.92 28
56.93 16
56.94 0
56.95 0
56.96 22
56.97 43
56.98 26
56.99 17
57 0
57.01 0
57.02 17
57.03 44
57.04 28
57.05 27
57.06 0
57.07 0
57.08 8
57.09 33
57.1 27
57.11 28
57.12 2
57.13 0
57.14 0
57.15 22
57.16 48
57.17 28
57.18 26
57.19 0
57.2 0
57.21 4
57.22 25
57.23 43
57.24 27
57.25 19
57.26 0
57.27 0
57.28 2
57.29 25
57.3 47
57.31 28
57.32 27
57.33 0
57.34 0
57.35 0
57.36 20
57.37 30
57.38 34
57.39 27
57.4 0
57.41 0
57.42 0
57.43 8
57.44 32
57.45 49
57.46 29
57.47 11
57.48 0
57.49 0
57.5 0
57.51 17
57.52 35
57.53 28
57.54 22
57.55 4
57.56 0
57.57 0
57.58 15
57.59 36
57.6 27
57.61 27
57.62 0
57.63 0
57.64 0
57.65 15
57.66 35
57.67 27
57.68 25
57.69 0
57.7 0
57.71 0
57.72 21
57.73 41
57.74 28
57.75 25
57.76 1
57.77 0
57.78 5
57.79 29
57.8 49
57.81 28
57.82 22
57.83 0
57.84 0
57.85 17
57.86 34
57.87 27
57.88 23
57.89 0
57.9 0
57.91 0
57.92 13
57.93 36
57.94 28
57.95 23
57.96 0
57.97 0
57.98 0
57.99 15
58 36
58.01 28
58.02 25
58.03 0
58.04 0
58.05 0
58.06 18
58.07 40
58.08 28
58.09 26
58.1 22
58.11 22
58.12 18
58.13 8
58.14 4
58.15 12
58.16 0
58.17 0
58.18 0
58.19 0
58.2 0
58.21 0
58.22 0
58.23 0
58.24 0
58.25 0
58.26 0
58.27 0
58.28 0
58.29 0
58.3 0
58.31 0
58.32 0
58.33 0
58.34 0
58.35 0
58.36 0
58.37 0
58.38 0
58.39 0
58.4 0
58.41 0
58.42 0
58.43 0
58.44 0
58.45 0
58.46 0
58.47 0
58.48 0
58.49 0
58.5 0
58.51 0
58.52 0
58.53 0
58.54 0
58.55 0
58.56 0
58.57 0
58.58 0
58.59 0
58.6 0
58.61 0
58.62 0
58.63 0
58.64 0
58.65 0
58.66 0
58.67 0
58.68 0
58.69 0
58.7 0
58.71 0
58.72 0
58.73 0
58.74 0
58.75 0
58.76 0
58.77 0
58.78 0
58.79 0
58.8 0
58.81 0
58.82 0
58.83 0
58.84 0
58.85 0
58.86 0
58.87 0
58.88 0
58.89 0
58.9 0
58.91 0
58.92 0
58.93 0
58.94 0
58.95 0
58.96 0
58.97 0
58.98 0
58.99 0
59 0
59.01 0
59.02 0
59.03 0
59.04 0
59.05 0
59.06 0
59.07 0
59.08 0
59.09 0
59.1 0
59.11 0
59.12 0
59.13 0
59.14 0
59.15 0
59.16 0
59.17 0
59.18 0
59.19 0
59.2 0
59.21 0
59.22 0
59.23 0
59.24 0
59.25 0
59.26 0
59.27 0
59.28 0
59.29 0
59.3 0
59.31 0
59.32 0
59.33 0
59.34 0
59.35 0
59.36 0
59.37 0
59.38 0
59.39 0
59.4 0
59.41 0
59.42 0
59.43 0
59.44 0
59.45 0
59.46 0
59.47 0
59.48 0
59.49 0
59.5 0
59.51 0
59.52 0
59.53 0
59.54 0
59.55 0
59.56 0
59.57 0
59.58 0
59.59 0
59.6 0
59.61 0
59.62 0
59.63 0
59.64 0
59.65 0
59.66 0
59.67 0
59.68 0
59.69 0
59.7 0
59.71 0
59.72 0
59.73 0
59.74 0
59.75 0
59.76 0
59.77 0
59.78 0
59.79 0
59.8 0
59.81 0
59.82 0
59.83 0
59.84 0
59.85 0
59.86 0
59.87 0
59.88 0
59.89 0
59.9 0
59.91 0
59.92 0
59.93 0
59.94 0
59.95 0
59.96 0
59.97 0
59.98 0
59.99 0
60 0
60.01 0
60.02 0
60.03 0
60.04 0
60.05 0
60.06 0
60.07 0
60.08 0
60.09 0
60.1 0
60.11 0
60.12 0
60.13 0
60.14 0
60.15 0
60.16 0
60.17 0
60.18 0
60.19 0
60.2 0
60.21 0
60.22 0
60.23 0
60.24 0
60.25 0
60.26 0
60.27 0
60.28 0
60.29 0
60.3 0
60.31 0
60.32 0
60.33 0
60.34 0
60.35 0
60.36 0
60.37 0
60.38 0
60.39 0
60.4 0
60.41 0
60.42 0
60.43 0
60.44 0
60.45 0
60.46 0
60.47 0
60.48 0
60.49 0
60.5 0
60.51 0
60.52 0
60.53 0
60.54 0
60.55 0
60.56 0
60.57 0
60.58 0
60.59 0
60.6 0
60.61 0
60.62 0
60.63 0
60.64 0
60.65 0
60.66 0
60.67 0
60.68 0
60.69 0
60.7 0
60.71 0
60.72 0
60.73 0
60.74 0
60.75 0
60.76 0
60.77 0
60.78 0
60.79 0
60.8 0
60.81 0
60.82 0
60.83 0
60.84 0
60.85 0
60.86 0
60.87 0
60.88 0
60.89 0
60.9 0
60.91 0
60.92 0
60.93 0
60.94 0
60.95 0
60.96 0
60.97 0
60.98 0
60.99 0
61 0
61.01 0
61.02 0
61.03 0
61.04 0
61.05 0
61.06 0
61.07 0
61.08 0
61.09 0
61.1 0
61.11 0
61.12 0
61.13 0
61.14 0
61.15 0
61.16 0
61.17 0
61.18 0
61.19 0
61.2 0
61.21 0
61.22 0
61.23 0
61.24 0
61.25 0
61.26 0
61.27 0
61.28 0
61.29 0
61.3 0
61.31 0
61.32 0
61.33 0
61.34 0
61.35 0
61.36 0
61.37 0
61.38 0
61.39 0
61.4 0
61.41 0
61.42 0
61.43 0
61.44 0
61.45 0
61.46 0
61.47 0
61.48 0
61.49 0
61.5 0
61.51 0
61.52 0
61.53 0
61.54 0
61.55 0
61.56 0
61.57 0
61.58 0
61.59 0
61.6 0
61.61 0
61.62 0
61.63 0
61.64 0
61.65 0
61.66 0
61.67 0
61.68 0
61.69 0
61.7 0
61.71 0
61.72 0
61.73 0
61.74 0
61.75 0
61.76 0
61.77 0
61.78 0
61.79 0
61.8 0
61.81 0
61.82 0
61.83 0
61.84 0
61.85 0
61.86 0
61.87 0
61.88 0
61.89 0
61.9 0
61.91 0
61.92 0
61.93 0
61.94 0
61.95 0
61.96 0
61.97 0
61.98 0
61.99 0
62 0
62.01 0
62.02 0
62.03 0
62.04 0
62.05 0
62.06 0
62.07 0
62.08 0
62.09 0
62.1 0
62.11 0
62.12 0
62.13 0
62.14 0
62.15 0
62.16 0
62.17 0
62.18 0
62.19 0
62.2 0
62.21 0
62.22 0
62.23 0
62.24 0
62.25 0
62.26 0
62.27 0
62.28 0
62.29 0
62.3 0
62.31 0
62.32 0
62.33 0
62.34 0
62.35 0
62.36 0
62.37 0
62.38 0
62.39 0
62.4 0
62.41 0
62.42 0
62.43 0
62.44 0
62.45 0
62.46 0
62.47 0
62.48 0
62.49 0
62.5 0
62.51 0
62.52 0
62.53 0
62.54 0
62.55 0
62.56 0
62.57 0
62.58 0
62.59 0
62.6 0
62.61 0
62.62 0
62.63 0
62.64 0
62.65 0
62.66 0
62.67 0
62.68 0
62.69 0
62.7 0
62.71 0
62.72 0
62.73 0
62.74 0
62.75 0
62.76 0
62.77 0
62.78 0
62.79 0
62.8 0
62.81 0
62.82 0
62.83 0
62.84 0
62.85 0
62.86 0
62.87 0
62.88 0
62.89 0
62.9 0
62.91 0
62.92 0
62.93 0
62.94 0
62.95 0
62.96 0
62.97 0
62.98 0
62.99 0
