0 0
0.01 0
0.02 0
0.03 0
0.04 0
0.05 0
0.06 0
0.07 0
0.08 0
0.09 0
0.1 0
0.11 0
0.12 0
0.13 0
0.14 0
0.15 0
0.16 0
0.17 0
0.18 0
0.19 0
0.2 0
0.21 34
0.22 0
0.23 0
0.24 0
0.25 5
0.26 17
0.27 29
0.28 39
0.29 27
0.3 0
0.31 0
0.32 0
0.33 0
0.34 10
0.35 25
0.36 36
0.37 28
0.38 21
0.39 0
0.4 0
0.41 0
0.42 11
0.43 22
0.44 35
0.45 28
0.46 28
0.47 0
0.48 0
0.49 0
0.5 0
0.51 8
0.52 21
0.53 34
0.54 28
0.55 27
0.56 0
0.57 0
0.58 0
0.59 11
0.6 23
0.61 37
0.62 27
0.63 21
0.64 0
0.65 0
0.66 0
0.67 3
0.68 16
0.69 28
0.7 41
0.71 27
0.72 4
0.73 0
0.74 0
0.75 0
0.76 8
0.77 21
0.78 33
0.79 29
0.8 28
0.81 0
0.82 0
0.83 0
0.84 0
0.85 14
0.86 26
0.87 35
0.88 28
0.89 17
0.9 0
0.91 0
0.92 0
0.93 0
0.94 12
0.95 23
0.96 34
0.97 28
0.98 21
0.99 0
1 0
1.01 0
1.02 4
1.03 18
1.04 31
1.05 42
1.06 28
1.07 0
1.08 0
1.09 0
1.1 0
1.11 0
1.12 15
1.13 29
1.14 41
1.15 29
1.16 20
1.17 0
1.18 0
1.19 0
1.2 0
1.21 8
1.22 21
1.23 33
1.24 38
1.25 28
1.26 5
1.27 0
1.28 0
1.29 0
1.3 6
1.31 21
1.32 34
1.33 38
1.34 28
1.35 2
1.36 0
1.37 0
1.38 0
1.39 3
1.4 16
1.41 28
1.42 40
1.43 28
1.44 15
1.45 0
1.46 0
1.47 0
1.48 2
1.49 14
1.5 26
1.51 36
1.52 28
1.53 13
1.54 0
1.55 0
1.56 0
1.57 0
1.58 11
1.59 22
1.6 33
1.61 28
1.62 19
1.63 0
1.64 0
1.65 0
1.66 0
1.67 4
1.68 14
1.69 27
1.7 38
1.71 29
1.72 17
1.73 0
1.74 0
1.75 0
1.76 0
1.77 12
1.78 23
1.79 32
1.8 28
1.81 21
1.82 0
1.83 0
1.84 0
1.85 0
1.86 8
1.87 21
1.88 30
1.89 39
1.9 27
1.91 0
1.92 0
1.93 0
1.94 0
1.95 2
1.96 12
1.97 21
1.98 30
1.99 40
2 28
2.01 0
2.02 0
2.03 0
2.04 0
2.05 0
2.06 11
2.07 21
2.08 30
2.09 40
2.1 28
2.11 0
2.12 0
2.13 0
2.14 2
2.15 14
2.16 26
2.17 38
2.18 27
2.19 18
2.2 0
2.21 0
2.22 0
2.23 8
2.24 21
2.25 33
2.26 28
2.27 26
2.28 0
2.29 0
2.3 0
2.31 0
2.32 1
2.33 13
2.34 25
2.35 37
2.36 28
2.37 21
2.38 0
2.39 0
2.4 0
2.41 0
2.42 9
2.43 20
2.44 30
2.45 41
2.46 27
2.47 0
2.48 0
2.49 0
2.5 0
2.51 0
2.52 11
2.53 24
2.54 34
2.55 30
2.56 26
2.57 0
2.58 0
2.59 0
2.6 0
2.61 9
2.62 23
2.63 34
2.64 31
2.65 28
2.66 11
2.67 0
2.68 0
2.69 0
2.7 10
2.71 24
2.72 36
2.73 29
2.74 25
2.75 0
2.76 0
2.77 0
2.78 0
2.79 5
2.8 18
2.81 30
2.82 40
2.83 28
2.84 5
2.85 0
2.86 0
2.87 0
2.88 0
2.89 12
2.9 25
2.91 36
2.92 28
2.93 25
2.94 0
2.95 0
2.96 0
2.97 0
2.98 4
2.99 17
3 28
3.01 38
3.02 28
3.03 11
3.04 0
3.05 0
3.06 0
3.07 0
3.08 7
3.09 19
3.1 29
3.11 40
3.12 28
3.13 0
3.14 0
3.15 0
3.16 0
3.17 0
3.18 13
3.19 24
3.2 35
3.21 28
3.22 19
3.23 0
3.24 0
3.25 0
3.26 0
3.27 9
3.28 19
3.29 29
3.3 40
3.31 28
3.32 5
3.33 0
3.34 0
3.35 0
3.36 0
3.37 13
3.38 26
3.39 35
3.4 28
3.41 21
3.42 0
3.43 0
3.44 0
3.45 0
3.46 4
3.47 16
3.48 27
3.49 36
3.5 28
3.51 14
3.52 0
3.53 0
3.54 0
3.55 0
3.56 8
3.57 18
3.58 29
3.59 39
3.6 28
3.61 9
3.62 0
3.63 0
3.64 0
3.65 0
3.66 9
3.67 20
3.68 30
3.69 40
3.7 28
3.71 3
3.72 0
3.73 0
3.74 0
3.75 4
3.76 18
3.77 27
3.78 39
3.79 28
3.8 20
3.81 0
3.82 0
3.83 0
3.84 0
3.85 11
3.86 23
3.87 33
3.88 40
3.89 27
3.9 0
3.91 0
3.92 0
3.93 0
3.94 6
3.95 18
3.96 30
3.97 41
3.98 28
3.99 7
4 0
4.01 0
4.02 0
4.03 0
4.04 10
4.05 23
4.06 34
4.07 36
4.08 29
4.09 0
4.1 0
4.11 0
4.12 0
4.13 3
4.14 17
4.15 28
4.16 36
4.17 28
4.18 17
4.19 0
4.2 0
4.21 0
4.22 0
4.23 8
4.24 21
4.25 32
4.26 40
4.27 28
4.28 0
4.29 0
4.3 0
4.31 0
4.32 0
4.33 12
4.34 26
4.35 38
4.36 28
4.37 28
4.38 0
4.39 0
4.4 0
4.41 0
4.42 11
4.43 23
4.44 36
4.45 27
4.46 27
4.47 0
4.48 0
4.49 0
4.5 0
4.51 0
4.52 11
4.53 20
4.54 31
4.55 42
4.56 28
4.57 0
4.58 0
4.59 0
4.6 0
4.61 3
4.62 15
4.63 23
4.64 34
4.65 28
4.66 17
4.67 0
4.68 0
4.69 0
4.7 0
4.71 4
4.72 14
4.73 24
4.74 35
4.75 28
4.76 18
4.77 0
4.78 0
4.79 0
4.8 0
4.81 6
4.82 19
4.83 29
4.84 39
4.85 28
4.86 13
4.87 0
4.88 0
4.89 0
4.9 0
4.91 9
4.92 20
4.93 30
4.94 40
4.95 28
4.96 19
4.97 0
4.98 0
4.99 0
5 0
5.01 4
5.02 16
5.03 25
5.04 36
5.05 28
5.06 27
5.07 0
5.08 0
5.09 0
5.1 0
5.11 7
5.12 19
5.13 30
5.14 40
5.15 28
5.16 6
5.17 0
5.18 0
5.19 0
5.2 0
5.21 9
5.22 19
5.23 31
5.24 41
5.25 28
5.26 4
5.27 0
5.28 0
5.29 0
5.3 0
5.31 7
5.32 17
5.33 29
5.34 39
5.35 29
5.36 17
5.37 0
5.38 0
5.39 0
5.4 0
5.41 8
5.42 22
5.43 34
5.44 42
5.45 28
5.46 5
5.47 0
5.48 0
5.49 0
5.5 6
5.51 18
5.52 29
5.53 39
5.54 28
5.55 7
5.56 0
5.57 0
5.58 0
5.59 0
5.6 10
5.61 20
5.62 29
5.63 39
5.64 28
5.65 0
5.66 0
5.67 0
5.68 0
5.69 2
5.7 15
5.71 24
5.72 35
5.73 28
5.74 19
5.75 0
5.76 0
5.77 0
5.78 0
5.79 3
5.8 15
5.81 26
5.82 34
5.83 28
5.84 22
5.85 0
5.86 0
5.87 0
5.88 0
5.89 5
5.9 16
5.91 26
5.92 34
5.93 28
5.94 14
5.95 0
5.96 0
5.97 0
5.98 0
5.99 0
6 9
6.01 19
6.02 29
6.03 37
6.04 28
6.05 18
6.06 0
6.07 0
6.08 0
6.09 0
6.1 0
6.11 7
6.12 18
6.13 28
6.14 38
6.15 28
6.16 17
6.17 0
6.18 0
6.19 0
6.2 0
6.21 0
6.22 11
6.23 21
6.24 29
6.25 38
6.26 27
6.27 5
6.28 0
6.29 0
6.3 0
6.31 0
6.32 4
6.33 16
6.34 24
6.35 32
6.36 27
6.37 18
6.38 0
6.39 0
6.4 0
6.41 0
6.42 0
6.43 10
6.44 20
6.45 25
6.46 36
6.47 27
6.48 8
6.49 0
6.5 0
6.51 0
6.52 0
6.53 2
6.54 12
6.55 23
6.56 32
6.57 41
6.58 28
6.59 0
6.6 0
6.61 0
6.62 0
6.63 1
6.64 13
6.65 21
6.66 31
6.67 42
6.68 28
6.69 0
6.7 0
6.71 0
6.72 0
6.73 0
6.74 11
6.75 25
6.76 36
6.77 28
6.78 19
6.79 0
6.8 0
6.81 0
6.82 0
6.83 5
6.84 17
6.85 29
6.86 38
6.87 28
6.88 10
6.89 0
6.9 0
6.91 0
6.92 0
6.93 9
6.94 21
6.95 31
6.96 40
6.97 28
6.98 4
6.99 0
7 0
7.01 0
7.02 5
7.03 17
7.04 30
7.05 40
7.06 28
7.07 22
7.08 0
7.09 0
7.1 0
7.11 0
7.12 3
7.13 14
7.14 25
7.15 35
7.16 28
7.17 11
7.18 0
7.19 0
7.2 0
7.21 0
7.22 1
7.23 11
7.24 22
7.25 34
7.26 28
7.27 24
7.28 0
7.29 0
7.3 0
7.31 0
7.32 0
7.33 9
7.34 17
7.35 26
7.36 34
7.37 28
7.38 11
7.39 0
7.4 0
7.41 0
7.42 0
7.43 0
7.44 10
7.45 23
7.46 32
7.47 41
7.48 28
7.49 0
7.5 0
7.51 0
7.52 0
7.53 0
7.54 6
7.55 18
7.56 24
7.57 34
7.58 28
7.59 28
7.6 0
7.61 0
7.62 0
7.63 0
7.64 0
7.65 6
7.66 18
7.67 27
7.68 36
7.69 28
7.7 16
7.71 0
7.72 0
7.73 0
7.74 0
7.75 0
7.76 9
7.77 20
7.78 29
7.79 39
7.8 28
7.81 17
7.82 0
7.83 0
7.84 0
7.85 1
7.86 13
7.87 23
7.88 32
7.89 40
7.9 28
7.91 0
7.92 0
7.93 0
7.94 0
7.95 1
7.96 13
7.97 24
7.98 33
7.99 30
8 28
8.01 0
8.02 0
8.03 0
8.04 0
8.05 0
8.06 6
8.07 20
8.08 30
8.09 40
8.1 27
8.11 0
8.12 0
8.13 0
8.14 0
8.15 3
8.16 13
8.17 23
8.18 34
8.19 28
8.2 25
8.21 0
8.22 0
8.23 0
8.24 0
8.25 0
8.26 12
8.27 21
8.28 34
8.29 28
8.3 22
8.31 0
8.32 0
8.33 0
8.34 0
8.35 6
8.36 17
8.37 29
8.38 39
8.39 28
8.4 2
8.41 0
8.42 0
8.43 0
8.44 0
8.45 8
8.46 18
8.47 29
8.48 40
8.49 27
8.5 3
8.51 0
8.52 0
8.53 0
8.54 1
8.55 13
8.56 25
8.57 35
8.58 28
8.59 21
8.6 0
8.61 0
8.62 0
8.63 0
8.64 2
8.65 15
8.66 26
8.67 37
8.68 28
8.69 25
8.7 0
8.71 0
8.72 0
8.73 11
8.74 24
8.75 34
8.76 27
8.77 10
8.78 0
8.79 0
8.8 0
8.81 0
8.82 3
8.83 15
8.84 27
8.85 39
8.86 29
8.87 8
8.88 0
8.89 0
8.9 0
8.91 0
8.92 7
8.93 20
8.94 32
8.95 44
8.96 28
8.97 15
8.98 0
8.99 0
9 0
9.01 4
9.02 19
9.03 30
9.04 38
9.05 28
9.06 0
9.07 0
9.08 0
9.09 0
9.1 0
9.11 9
9.12 21
9.13 30
9.14 39
9.15 28
9.16 13
9.17 0
9.18 0
9.19 0
9.2 0
9.21 11
9.22 22
9.23 32
9.24 41
9.25 28
9.26 0
9.27 0
9.28 0
9.29 0
9.3 0
9.31 13
9.32 20
9.33 30
9.34 40
9.35 28
9.36 0
9.37 0
9.38 0
9.39 0
9.4 0
9.41 10
9.42 18
9.43 29
9.44 39
9.45 28
9.46 3
9.47 0
9.48 0
9.49 0
9.5 0
9.51 6
9.52 18
9.53 28
9.54 36
9.55 28
9.56 21
9.57 0
9.58 0
9.59 0
9.6 0
9.61 5
9.62 16
9.63 28
9.64 36
9.65 28
9.66 6
9.67 0
9.68 0
9.69 0
9.7 0
9.71 6
9.72 16
9.73 26
9.74 37
9.75 28
9.76 20
9.77 0
9.78 0
9.79 0
9.8 0
9.81 9
9.82 19
9.83 28
9.84 39
9.85 28
9.86 9
9.87 0
9.88 0
9.89 0
9.9 0
9.91 10
9.92 22
9.93 33
9.94 42
9.95 27
9.96 11
9.97 0
9.98 0
9.99 0
10 0
10.01 13
10.02 24
10.03 34
10.04 28
10.05 19
10.06 0
10.07 0
10.08 0
10.09 0
10.1 0
10.11 7
10.12 19
10.13 27
10.14 36
10.15 27
10.16 22
10.17 0
10.18 0
10.19 0
10.2 6
10.21 16
10.22 25
10.23 34
10.24 27
10.25 7
10.26 0
10.27 0
10.28 0
10.29 0
10.3 1
10.31 12
10.32 23
10.33 32
10.34 39
10.35 27
10.36 0
10.37 0
10.38 0
10.39 0
10.4 3
10.41 14
10.42 24
10.43 33
10.44 27
10.45 20
10.46 0
10.47 0
10.48 0
10.49 0
10.5 3
10.51 16
10.52 27
10.53 36
10.54 28
10.55 28
10.56 0
10.57 0
10.58 0
10.59 0
10.6 0
10.61 11
10.62 21
10.63 29
10.64 39
10.65 27
10.66 0
10.67 0
10.68 0
10.69 0
10.7 0
10.71 9
10.72 20
10.73 30
10.74 39
10.75 27
10.76 7
10.77 0
10.78 0
10.79 0
10.8 0
10.81 5
10.82 17
10.83 27
10.84 37
10.85 27
10.86 17
10.87 0
10.88 0
10.89 0
10.9 0
10.91 7
10.92 18
10.93 27
10.94 37
10.95 27
10.96 11
10.97 0
10.98 0
10.99 0
11 4
11.01 16
11.02 26
11.03 36
11.04 26
11.05 10
11.06 0
11.07 0
11.08 0
11.09 0
11.1 9
11.11 19
11.12 27
11.13 38
11.14 27
11.15 8
11.16 0
11.17 0
11.18 0
11.19 0
11.2 6
11.21 19
11.22 28
11.23 37
11.24 27
11.25 6
11.26 0
11.27 0
11.28 0
11.29 0
11.3 12
11.31 22
11.32 33
11.33 29
11.34 23
11.35 0
11.36 0
11.37 0
11.38 0
11.39 4
11.4 14
11.41 25
11.42 35
11.43 27
11.44 16
11.45 0
11.46 0
11.47 0
11.48 0
11.49 6
11.5 18
11.51 25
11.52 36
11.53 27
11.54 12
11.55 0
11.56 0
11.57 0
11.58 0
11.59 11
11.6 21
11.61 32
11.62 40
11.63 27
11.64 0
11.65 0
11.66 0
11.67 0
11.68 0
11.69 10
11.7 22
11.71 32
11.72 41
11.73 28
11.74 0
11.75 0
11.76 0
11.77 0
11.78 0
11.79 9
11.8 18
11.81 27
11.82 38
11.83 28
11.84 3
11.85 0
11.86 0
11.87 0
11.88 4
11.89 16
11.9 26
11.91 35
11.92 27
11.93 18
11.94 0
11.95 0
11.96 0
11.97 6
11.98 17
11.99 26
12 37
12.01 27
12.02 8
12.03 0
12.04 0
12.05 0
12.06 0
12.07 14
12.08 26
12.09 36
12.1 27
12.11 24
12.12 0
12.13 0
12.14 0
12.15 0
12.16 8
12.17 18
12.18 30
12.19 41
12.2 27
12.21 26
12.22 0
12.23 0
12.24 0
12.25 0
12.26 4
12.27 17
12.28 27
12.29 37
12.3 27
12.31 7
12.32 0
12.33 0
12.34 0
12.35 0
12.36 5
12.37 15
12.38 24
12.39 33
12.4 27
12.41 15
12.42 0
12.43 0
12.44 0
12.45 0
12.46 0
12.47 8
12.48 17
12.49 26
12.5 36
12.51 28
12.52 13
12.53 0
12.54 0
12.55 0
12.56 0
12.57 0
12.58 9
12.59 20
12.6 27
12.61 38
12.62 28
12.63 7
12.64 0
12.65 0
12.66 0
12.67 0
12.68 0
12.69 10
12.7 21
12.71 30
12.72 38
12.73 28
12.74 1
12.75 0
12.76 0
12.77 0
12.78 0
12.79 5
12.8 15
12.81 23
12.82 32
12.83 28
12.84 17
12.85 0
12.86 0
12.87 0
12.88 0
12.89 0
12.9 12
12.91 21
12.92 29
12.93 39
12.94 28
12.95 2
12.96 0
12.97 0
12.98 0
12.99 0
13 4
13.01 15
13.02 25
13.03 34
13.04 28
13.05 18
13.06 0
13.07 0
13.08 0
13.09 0
13.1 0
13.11 8
13.12 18
13.13 29
13.14 37
13.15 28
13.16 18
13.17 0
13.18 0
13.19 0
13.2 0
13.21 5
13.22 15
13.23 26
13.24 34
13.25 28
13.26 18
13.27 0
13.28 0
13.29 0
13.3 0
13.31 6
13.32 17
13.33 29
13.34 38
13.35 28
13.36 0
13.37 0
13.38 0
13.39 0
13.4 0
13.41 7
13.42 19
13.43 30
13.44 38
13.45 28
13.46 0
13.47 0
13.48 0
13.49 0
13.5 0
13.51 5
13.52 19
13.53 26
13.54 36
13.55 27
13.56 17
13.57 0
13.58 0
13.59 0
13.6 0
13.61 9
13.62 20
13.63 30
13.64 40
13.65 27
13.66 7
13.67 0
13.68 0
13.69 0
13.7 0
13.71 5
13.72 15
13.73 27
13.74 34
13.75 27
13.76 22
13.77 0
13.78 0
13.79 0
13.8 0
13.81 0
13.82 12
13.83 23
13.84 31
13.85 41
13.86 27
13.87 0
13.88 0
13.89 0
13.9 0
13.91 0
13.92 8
13.93 21
13.94 29
13.95 39
13.96 27
13.97 3
13.98 0
13.99 0
14 0
14.01 0
14.02 6
14.03 18
14.04 28
14.05 39
14.06 27
14.07 14
14.08 0
14.09 0
14.1 0
14.11 0
14.12 3
14.13 12
14.14 23
14.15 33
14.16 27
14.17 22
14.18 0
14.19 0
14.2 0
14.21 0
14.22 0
14.23 10
14.24 20
14.25 30
14.26 39
14.27 28
14.28 0
14.29 0
14.3 0
14.31 0
14.32 0
14.33 5
14.34 14
14.35 25
14.36 36
14.37 28
14.38 13
14.39 0
14.4 0
14.41 0
14.42 0
14.43 5
14.44 17
14.45 28
14.46 36
14.47 28
14.48 0
14.49 0
14.5 0
14.51 0
14.52 3
14.53 14
14.54 25
14.55 35
14.56 28
14.57 10
14.58 0
14.59 0
14.6 0
14.61 0
14.62 2
14.63 15
14.64 25
14.65 37
14.66 28
14.67 16
14.68 0
14.69 0
14.7 4
14.71 16
14.72 24
14.73 33
14.74 26
14.75 13
14.76 0
14.77 0
14.78 0
14.79 5
14.8 17
14.81 28
14.82 36
14.83 26
14.84 15
14.85 0
14.86 0
14.87 0
14.88 0
14.89 7
14.9 18
14.91 29
14.92 36
14.93 27
14.94 15
14.95 0
14.96 0
14.97 0
14.98 0
14.99 8
15 19
15.01 26
15.02 34
15.03 27
15.04 11
15.05 0
15.06 0
15.07 0
15.08 0
15.09 0
15.1 7
15.11 14
15.12 25
15.13 35
15.14 28
15.15 17
15.16 0
15.17 0
15.18 0
15.19 0
15.2 0
15.21 11
15.22 20
15.23 29
15.24 38
15.25 28
15.26 0
15.27 0
15.28 0
15.29 0
15.3 0
15.31 9
15.32 21
15.33 32
15.34 40
15.35 28
15.36 0
15.37 0
15.38 0
15.39 0
15.4 10
15.41 21
15.42 32
15.43 32
15.44 27
15.45 0
15.46 0
15.47 0
15.48 0
15.49 0
15.5 11
15.51 22
15.52 32
15.53 36
15.54 28
15.55 7
15.56 0
15.57 0
15.58 0
15.59 0
15.6 5
15.61 15
15.62 26
15.63 36
15.64 28
15.65 10
15.66 0
15.67 0
15.68 0
15.69 0
15.7 3
15.71 16
15.72 28
15.73 37
15.74 29
15.75 22
15.76 0
15.77 0
15.78 0
15.79 0
15.8 4
15.81 16
15.82 27
15.83 37
15.84 28
15.85 12
15.86 0
15.87 0
15.88 0
15.89 0
15.9 0
15.91 9
15.92 20
15.93 29
15.94 39
15.95 28
15.96 0
15.97 0
15.98 0
15.99 0
16 2
16.01 15
16.02 27
16.03 38
16.04 28
16.05 14
16.06 0
16.07 0
16.08 0
16.09 0
16.1 1
16.11 15
16.12 26
16.13 37
16.14 28
16.15 28
16.16 0
16.17 0
16.18 0
16.19 0
16.2 9
16.21 20
16.22 30
16.23 41
16.24 28
16.25 13
16.26 0
16.27 0
16.28 0
16.29 0
16.3 10
16.31 22
16.32 33
16.33 42
16.34 28
16.35 0
16.36 0
16.37 0
16.38 0
16.39 0
16.4 8
16.41 19
16.42 30
16.43 41
16.44 28
16.45 11
16.46 0
16.47 0
16.48 0
16.49 0
16.5 5
16.51 15
16.52 25
16.53 34
16.54 28
16.55 18
16.56 0
16.57 0
16.58 0
16.59 0
16.6 0
16.61 6
16.62 16
16.63 23
16.64 33
16.65 31
16.66 28
16.67 0
16.68 0
16.69 0
16.7 0
16.71 0
16.72 7
16.73 16
16.74 25
16.75 35
16.76 28
16.77 18
16.78 0
16.79 0
16.8 0
16.81 0
16.82 3
16.83 14
16.84 23
16.85 32
16.86 38
16.87 27
16.88 3
16.89 0
16.9 0
16.91 0
16.92 0
16.93 3
16.94 15
16.95 25
16.96 31
16.97 40
16.98 27
16.99 0
17 0
17.01 0
17.02 0
17.03 0
17.04 10
17.05 21
17.06 29
17.07 37
17.08 27
17.09 15
17.1 0
17.11 0
17.12 0
17.13 0
17.14 7
17.15 15
17.16 25
17.17 32
17.18 28
17.19 18
17.2 0
17.21 0
17.22 0
17.23 0
17.24 0
17.25 1
17.26 12
17.27 20
17.28 30
17.29 38
17.3 28
17.31 11
17.32 0
17.33 0
17.34 0
17.35 0
17.36 0
17.37 7
17.38 17
17.39 27
17.4 35
17.41 28
17.42 18
17.43 0
17.44 0
17.45 0
17.46 0
17.47 1
17.48 13
17.49 21
17.5 28
17.51 37
17.52 27
17.53 0
17.54 0
17.55 0
17.56 0
17.57 0
17.58 7
17.59 18
17.6 27
17.61 35
17.62 28
17.63 16
17.64 0
17.65 0
17.66 0
17.67 0
17.68 1
17.69 11
17.7 21
17.71 30
17.72 40
17.73 28
17.74 0
17.75 0
17.76 0
17.77 0
17.78 0
17.79 3
17.8 13
17.81 23
17.82 31
17.83 40
17.84 27
17.85 0
17.86 0
17.87 0
17.88 0
17.89 3
17.9 12
17.91 24
17.92 35
17.93 27
17.94 20
17.95 4
17.96 0
17.97 0
17.98 0
17.99 8
18 18
18.01 29
18.02 41
18.03 27
18.04 3
18.05 0
18.06 0
18.07 0
18.08 0
18.09 10
18.1 22
18.11 35
18.12 28
18.13 25
18.14 2
18.15 0
18.16 0
18.17 0
18.18 11
18.19 25
18.2 37
18.21 28
18.22 17
18.23 0
18.24 0
18.25 0
18.26 0
18.27 13
18.28 27
18.29 39
18.3 28
18.31 16
18.32 0
18.33 0
18.34 0
18.35 0
18.36 13
18.37 27
18.38 38
18.39 28
18.4 14
18.41 0
18.42 0
18.43 0
18.44 0
18.45 4
18.46 17
18.47 26
18.48 36
18.49 28
18.5 7
18.51 0
18.52 0
18.53 0
18.54 0
18.55 3
18.56 16
18.57 27
18.58 36
18.59 28
18.6 17
18.61 0
18.62 0
18.63 0
18.64 0
18.65 9
18.66 19
18.67 29
18.68 40
18.69 28
18.7 2
18.71 0
18.72 0
18.73 0
18.74 0
18.75 9
18.76 21
18.77 31
18.78 42
18.79 28
18.8 2
18.81 0
18.82 0
18.83 0
18.84 0
18.85 5
18.86 14
18.87 24
18.88 34
18.89 28
18.9 21
18.91 0
18.92 0
18.93 0
18.94 0
18.95 0
18.96 11
18.97 21
18.98 32
18.99 40
19 28
19.01 12
19.02 0
19.03 0
19.04 0
19.05 0
19.06 1
19.07 12
19.08 22
19.09 31
19.1 40
19.11 28
19.12 5
19.13 0
19.14 0
19.15 0
19.16 0
19.17 2
19.18 12
19.19 21
19.2 30
19.21 39
19.22 27
19.23 0
19.24 0
19.25 0
19.26 0
19.27 0
19.28 6
19.29 16
19.3 27
19.31 35
19.32 28
19.33 3
19.34 0
19.35 0
19.36 0
19.37 0
19.38 2
19.39 14
19.4 24
19.41 32
19.42 27
19.43 19
19.44 0
19.45 0
19.46 0
19.47 0
19.48 6
19.49 18
19.5 27
19.51 34
19.52 27
19.53 6
19.54 0
19.55 0
19.56 0
19.57 5
19.58 16
19.59 27
19.6 35
19.61 27
19.62 11
19.63 0
19.64 0
19.65 0
19.66 0
19.67 11
19.68 22
19.69 30
19.7 39
19.71 27
19.72 0
19.73 0
19.74 0
19.75 0
19.76 2
19.77 14
19.78 24
19.79 33
19.8 27
19.81 23
19.82 0
19.83 0
19.84 0
19.85 0
19.86 0
19.87 10
19.88 22
19.89 31
19.9 40
19.91 27
19.92 0
19.93 0
19.94 0
19.95 0
19.96 3
19.97 12
19.98 23
19.99 32
20 36
20.01 28
20.02 0
20.03 0
20.04 0
20.05 0
20.06 0
20.07 3
20.08 12
20.09 22
20.1 32
20.11 28
20.12 21
20.13 0
20.14 0
20.15 0
20.16 0
20.17 10
20.18 20
20.19 29
20.2 38
20.21 27
20.22 0
20.23 0
20.24 0
20.25 0
20.26 0
20.27 10
20.28 18
20.29 27
20.3 36
20.31 28
20.32 10
20.33 0
20.34 0
20.35 0
20.36 0
20.37 10
20.38 22
20.39 31
20.4 39
20.41 27
20.42 3
20.43 0
20.44 0
20.45 0
20.46 0
20.47 7
20.48 18
20.49 27
20.5 38
20.51 27
20.52 16
20.53 0
20.54 0
20.55 0
20.56 8
20.57 18
20.58 29
20.59 38
20.6 26
20.61 7
20.62 0
20.63 0
20.64 0
20.65 0
20.66 9
20.67 18
20.68 28
20.69 37
20.7 27
20.71 11
20.72 0
20.73 0
20.74 0
20.75 0
20.76 3
20.77 15
20.78 22
20.79 31
20.8 39
20.81 28
20.82 0
20.83 0
20.84 0
20.85 0
20.86 0
20.87 5
20.88 13
20.89 23
20.9 31
20.91 28
20.92 22
20.93 0
20.94 0
20.95 0
20.96 0
20.97 0
20.98 6
20.99 16
21 22
21.01 32
21.02 38
21.03 27
21.04 0
21.05 0
21.06 0
21.07 0
21.08 0
21.09 6
21.1 17
21.11 24
21.12 32
21.13 27
21.14 21
21.15 0
21.16 0
21.17 0
21.18 0
21.19 0
21.2 5
21.21 16
21.22 23
21.23 31
21.24 38
21.25 28
21.26 0
21.27 0
21.28 0
21.29 0
21.3 0
21.31 3
21.32 13
21.33 20
21.34 28
21.35 36
21.36 27
21.37 0
21.38 0
21.39 0
21.4 0
21.41 0
21.42 0
21.43 10
21.44 16
21.45 24
21.46 31
21.47 27
21.48 22
21.49 0
21.5 0
21.51 0
21.52 0
21.53 0
21.54 5
21.55 14
21.56 23
21.57 31
21.58 38
21.59 28
21.6 1
21.61 0
21.62 0
21.63 0
21.64 0
21.65 6
21.66 13
21.67 21
21.68 31
21.69 32
21.7 25
21.71 0
21.72 0
21.73 0
21.74 0
21.75 1
21.76 8
21.77 17
21.78 27
21.79 36
21.8 28
21.81 4
21.82 0
21.83 0
21.84 0
21.85 0
21.86 0
21.87 11
21.88 21
21.89 29
21.9 39
21.91 28
21.92 11
21.93 0
21.94 0
21.95 0
21.96 2
21.97 12
21.98 24
21.99 35
22 28
22.01 18
22.02 0
22.03 0
22.04 0
22.05 0
22.06 6
22.07 18
22.08 30
22.09 41
22.1 28
22.11 17
22.12 0
22.13 0
22.14 0
22.15 0
22.16 11
22.17 23
22.18 32
22.19 35
22.2 28
22.21 0
22.22 0
22.23 0
22.24 0
22.25 0
22.26 8
22.27 21
22.28 30
22.29 36
22.3 28
22.31 0
22.32 0
22.33 0
22.34 0
22.35 0
22.36 7
22.37 19
22.38 29
22.39 40
22.4 28
22.41 8
22.42 0
22.43 0
22.44 0
22.45 2
22.46 15
22.47 25
22.48 36
22.49 28
22.5 15
22.51 0
22.52 0
22.53 0
22.54 0
22.55 1
22.56 14
22.57 25
22.58 35
22.59 28
22.6 23
22.61 0
22.62 0
22.63 0
22.64 0
22.65 0
22.66 13
22.67 24
22.68 34
22.69 28
22.7 25
22.71 7
22.72 0
22.73 0
22.74 7
22.75 19
22.76 30
22.77 40
22.78 28
22.79 7
22.8 0
22.81 0
22.82 0
22.83 0
22.84 8
22.85 22
22.86 32
22.87 43
22.88 28
22.89 0
22.9 0
22.91 0
22.92 0
22.93 6
22.94 19
22.95 31
22.96 40
22.97 28
22.98 4
22.99 0
23 0
23.01 0
23.02 0
23.03 12
23.04 24
23.05 36
23.06 28
23.07 13
23.08 0
23.09 0
23.1 0
23.11 0
23.12 3
23.13 16
23.14 25
23.15 37
23.16 28
23.17 15
23.18 0
23.19 0
23.2 0
23.21 0
23.22 13
23.23 22
23.24 34
23.25 28
23.26 18
23.27 0
23.28 0
23.29 0
23.3 0
23.31 0
23.32 14
23.33 23
23.34 34
23.35 28
23.36 20
23.37 0
23.38 0
23.39 0
23.4 0
23.41 4
23.42 15
23.43 26
23.44 38
23.45 28
23.46 17
23.47 0
23.48 0
23.49 0
23.5 0
23.51 3
23.52 16
23.53 27
23.54 38
23.55 28
23.56 14
23.57 0
23.58 0
23.59 0
23.6 0
23.61 11
23.62 23
23.63 32
23.64 30
23.65 23
23.66 0
23.67 0
23.68 0
23.69 0
23.7 11
23.71 22
23.72 33
23.73 28
23.74 20
23.75 0
23.76 0
23.77 0
23.78 0
23.79 2
23.8 12
23.81 25
23.82 33
23.83 28
23.84 22
23.85 0
23.86 0
23.87 0
23.88 0
23.89 0
23.9 6
23.91 18
23.92 30
23.93 41
23.94 28
23.95 9
23.96 0
23.97 0
23.98 0
23.99 0
24 11
24.01 21
24.02 32
24.03 38
24.04 28
24.05 5
24.06 0
24.07 0
24.08 0
24.09 8
24.1 18
24.11 29
24.12 41
24.13 28
24.14 11
24.15 0
24.16 0
24.17 0
24.18 1
24.19 11
24.2 23
24.21 33
24.22 28
24.23 22
24.24 0
24.25 0
24.26 0
24.27 0
24.28 0
24.29 10
24.3 22
24.31 34
24.32 30
24.33 23
24.34 7
24.35 0
24.36 0
24.37 0
24.38 3
24.39 15
24.4 25
24.41 33
24.42 27
24.43 13
24.44 0
24.45 0
24.46 0
24.47 0
24.48 4
24.49 16
24.5 27
24.51 36
24.52 28
24.53 12
24.54 0
24.55 0
24.56 0
24.57 0
24.58 11
24.59 21
24.6 32
24.61 38
24.62 28
24.63 0
24.64 0
24.65 0
24.66 0
24.67 3
24.68 12
24.69 22
24.7 32
24.71 28
24.72 28
24.73 0
24.74 0
24.75 0
24.76 0
24.77 0
24.78 8
24.79 20
24.8 32
24.81 42
24.82 28
24.83 8
24.84 0
24.85 0
24.86 0
24.87 1
24.88 10
24.89 21
24.9 33
24.91 41
24.92 28
24.93 0
24.94 0
24.95 0
24.96 0
24.97 0
24.98 13
24.99 27
25 39
25.01 29
25.02 17
25.03 0
25.04 0
25.05 0
25.06 6
25.07 19
25.08 30
25.09 42
25.1 28
25.11 5
25.12 0
25.13 0
25.14 0
25.15 0
25.16 11
25.17 24
25.18 34
25.19 28
25.2 16
25.21 0
25.22 0
25.23 0
25.24 0
25.25 4
25.26 16
25.27 25
25.28 37
25.29 28
25.3 1
25.31 0
25.32 0
25.33 0
25.34 0
25.35 9
25.36 20
25.37 32
25.38 40
25.39 28
25.4 0
25.41 0
25.42 0
25.43 0
25.44 3
25.45 15
25.46 26
25.47 36
25.48 28
25.49 13
25.5 0
25.51 0
25.52 0
25.53 0
25.54 8
25.55 20
25.56 33
25.57 43
25.58 28
25.59 8
25.6 0
25.61 0
25.62 0
25.63 0
25.64 11
25.65 22
25.66 32
25.67 31
25.68 24
25.69 9
25.7 0
25.71 0
25.72 0
25.73 3
25.74 12
25.75 24
25.76 31
25.77 28
25.78 24
25.79 0
25.8 0
25.81 0
25.82 0
25.83 3
25.84 13
25.85 24
25.86 34
25.87 28
25.88 16
25.89 0
25.9 0
25.91 0
25.92 0
25.93 7
25.94 17
25.95 27
25.96 37
25.97 28
25.98 16
25.99 0
26 0
26.01 0
26.02 0
26.03 10
26.04 22
26.05 34
26.06 28
26.07 21
26.08 0
26.09 0
26.1 0
26.11 0
26.12 2
26.13 16
26.14 28
26.15 39
26.16 28
26.17 3
26.18 0
26.19 0
26.2 0
26.21 0
26.22 7
26.23 17
26.24 28
26.25 39
26.26 28
26.27 0
26.28 0
26.29 0
26.3 0
26.31 0
26.32 10
26.33 20
26.34 31
26.35 41
26.36 28
26.37 10
26.38 0
26.39 0
26.4 0
26.41 13
26.42 22
26.43 32
26.44 26
26.45 21
26.46 0
26.47 0
26.48 0
26.49 0
26.5 2
26.51 13
26.52 24
26.53 34
26.54 27
26.55 25
26.56 0
26.57 0
26.58 0
26.59 0
26.6 0
26.61 11
26.62 19
26.63 29
26.64 39
26.65 28
26.66 17
26.67 0
26.68 0
26.69 0
26.7 6
26.71 16
26.72 24
26.73 32
26.74 26
26.75 23
26.76 0
26.77 0
26.78 0
26.79 0
26.8 0
26.81 10
26.82 19
26.83 28
26.84 38
26.85 28
26.86 7
26.87 0
26.88 0
26.89 0
26.9 0
26.91 0
26.92 10
26.93 18
26.94 28
26.95 37
26.96 28
26.97 7
26.98 0
26.99 0
27 0
27.01 0
27.02 3
27.03 14
27.04 25
27.05 33
27.06 30
27.07 23
27.08 0
27.09 0
27.1 0
27.11 0
27.12 0
27.13 5
27.14 17
27.15 26
27.16 35
27.17 28
27.18 11
27.19 0
27.2 0
27.21 0
27.22 0
27.23 0
27.24 9
27.25 21
27.26 30
27.27 39
27.28 28
27.29 0
27.3 0
27.31 0
27.32 0
27.33 0
27.34 4
27.35 15
27.36 24
27.37 32
27.38 35
27.39 28
27.4 0
27.41 0
27.42 0
27.43 0
27.44 3
27.45 14
27.46 24
27.47 35
27.48 28
27.49 19
27.5 0
27.51 0
27.52 0
27.53 0
27.54 1
27.55 13
27.56 25
27.57 35
27.58 28
27.59 17
27.6 0
27.61 0
27.62 0
27.63 0
27.64 7
27.65 18
27.66 30
27.67 39
27.68 28
27.69 3
27.7 0
27.71 0
27.72 0
27.73 0
27.74 9
27.75 18
27.76 29
27.77 38
27.78 28
27.79 0
27.8 0
27.81 0
27.82 0
27.83 0
27.84 14
27.85 23
27.86 35
27.87 28
27.88 24
27.89 0
27.9 0
27.91 0
27.92 0
27.93 7
27.94 19
27.95 30
27.96 40
27.97 28
27.98 0
27.99 0
28 0
28.01 0
28.02 0
28.03 11
28.04 22
28.05 31
28.06 42
28.07 28
28.08 0
28.09 0
28.1 0
28.11 0
28.12 2
28.13 16
28.14 27
28.15 38
28.16 28
28.17 10
28.18 0
28.19 0
28.2 0
28.21 1
28.22 12
28.23 26
28.24 34
28.25 28
28.26 23
28.27 0
28.28 0
28.29 0
28.3 0
28.31 11
28.32 23
28.33 36
28.34 28
28.35 22
28.36 0
28.37 0
28.38 0
28.39 0
28.4 7
28.41 21
28.42 32
28.43 45
28.44 28
28.45 5
28.46 0
28.47 0
28.48 0
28.49 1
28.5 15
28.51 26
28.52 37
28.53 28
28.54 18
28.55 0
28.56 0
28.57 0
28.58 0
28.59 12
28.6 24
28.61 36
28.62 28
28.63 18
28.64 0
28.65 0
28.66 0
28.67 0
28.68 11
28.69 24
28.7 35
28.71 28
28.72 19
28.73 0
28.74 0
28.75 0
28.76 0
28.77 13
28.78 26
28.79 38
28.8 28
28.81 21
28.82 0
28.83 0
28.84 0
28.85 0
28.86 10
28.87 22
28.88 34
28.89 28
28.9 24
28.91 0
28.92 0
28.93 0
28.94 0
28.95 14
28.96 25
28.97 37
28.98 28
28.99 13
29 0
29.01 0
29.02 0
29.03 0
29.04 13
29.05 25
29.06 35
29.07 27
29.08 12
29.09 0
29.1 0
29.11 0
29.12 0
29.13 8
29.14 21
29.15 31
29.16 40
29.17 27
29.18 22
29.19 0
29.2 0
29.21 0
29.22 3
29.23 14
29.24 24
29.25 33
29.26 26
29.27 22
29.28 0
29.29 0
29.3 0
29.31 0
29.32 3
29.33 17
29.34 28
29.35 36
29.36 27
29.37 16
29.38 0
29.39 0
29.4 0
29.41 0
29.42 11
29.43 24
29.44 34
29.45 27
29.46 18
29.47 0
29.48 0
29.49 0
29.5 0
29.51 0
29.52 10
29.53 20
29.54 29
29.55 38
29.56 27
29.57 8
29.58 0
29.59 0
29.6 0
29.61 0
29.62 11
29.63 20
29.64 28
29.65 36
29.66 27
29.67 0
29.68 0
29.69 0
29.7 0
29.71 0
29.72 4
29.73 11
29.74 20
29.75 30
29.76 40
29.77 28
29.78 0
29.79 0
29.8 0
29.81 0
29.82 2
29.83 13
29.84 25
29.85 35
29.86 28
29.87 22
29.88 0
29.89 0
29.9 0
29.91 0
29.92 4
29.93 14
29.94 25
29.95 34
29.96 28
29.97 17
29.98 0
29.99 0
30 0
30.01 0
30.02 4
30.03 14
30.04 24
30.05 35
30.06 28
30.07 24
30.08 0
30.09 0
30.1 0
30.11 0
30.12 0
30.13 10
30.14 21
30.15 30
30.16 40
30.17 28
30.18 9
30.19 0
30.2 0
30.21 0
30.22 0
30.23 11
30.24 22
30.25 31
30.26 40
30.27 28
30.28 6
30.29 0
30.3 0
30.31 0
30.32 8
30.33 21
30.34 31
30.35 43
30.36 28
30.37 8
30.38 0
30.39 0
30.4 0
30.41 0
30.42 9
30.43 20
30.44 32
30.45 43
30.46 28
30.47 7
30.48 0
30.49 0
30.5 0
30.51 0
30.52 11
30.53 22
30.54 32
30.55 29
30.56 28
30.57 0
30.58 0
30.59 0
30.6 0
30.61 0
30.62 10
30.63 20
30.64 30
30.65 40
30.66 28
30.67 0
30.68 0
30.69 0
30.7 0
30.71 0
30.72 5
30.73 14
30.74 26
30.75 37
30.76 28
30.77 8
30.78 0
30.79 0
30.8 0
30.81 0
30.82 4
30.83 16
30.84 26
30.85 36
30.86 28
30.87 13
30.88 0
30.89 0
30.9 0
30.91 0
30.92 8
30.93 21
30.94 31
30.95 38
30.96 28
30.97 16
30.98 0
30.99 0
31 0
31.01 0
31.02 12
31.03 23
31.04 33
31.05 36
31.06 28
31.07 2
31.08 0
31.09 0
31.1 0
31.11 2
31.12 13
31.13 25
31.14 36
31.15 28
31.16 20
31.17 0
31.18 0
31.19 0
31.2 0
31.21 11
31.22 23
31.23 32
31.24 40
31.25 27
31.26 0
31.27 0
31.28 0
31.29 0
31.3 0
31.31 8
31.32 20
31.33 30
31.34 39
31.35 28
31.36 6
31.37 0
31.38 0
31.39 0
31.4 0
31.41 0
31.42 14
31.43 26
31.44 36
31.45 28
31.46 19
31.47 0
31.48 0
31.49 0
31.5 0
31.51 10
31.52 22
31.53 30
31.54 40
31.55 28
31.56 0
31.57 0
31.58 0
31.59 0
31.6 8
31.61 19
31.62 28
31.63 40
31.64 28
31.65 0
31.66 0
31.67 0
31.68 0
31.69 0
31.7 11
31.71 23
31.72 35
31.73 28
31.74 19
31.75 0
31.76 0
31.77 0
31.78 0
31.79 8
31.8 19
31.81 30
31.82 41
31.83 28
31.84 0
31.85 0
31.86 0
31.87 0
31.88 4
31.89 16
31.9 29
31.91 38
31.92 28
31.93 10
31.94 0
31.95 0
31.96 0
31.97 0
31.98 3
31.99 14
32 25
32.01 36
32.02 28
32.03 24
32.04 0
32.05 0
32.06 0
32.07 0
32.08 7
32.09 18
32.1 31
32.11 42
32.12 28
32.13 0
32.14 0
32.15 0
32.16 0
32.17 0
32.18 12
32.19 23
32.2 36
32.21 28
32.22 21
32.23 0
32.24 0
32.25 0
32.26 0
32.27 6
32.28 17
32.29 30
32.3 39
32.31 28
32.32 1
32.33 0
32.34 0
32.35 0
32.36 0
32.37 10
32.38 22
32.39 34
32.4 38
32.41 28
32.42 0
32.43 0
32.44 0
32.45 0
32.46 1
32.47 13
32.48 24
32.49 36
32.5 28
32.51 14
32.52 0
32.53 0
32.54 0
32.55 0
32.56 3
32.57 16
32.58 28
32.59 39
32.6 28
32.61 21
32.62 0
32.63 0
32.64 0
32.65 0
32.66 9
32.67 23
32.68 35
32.69 28
32.7 22
32.71 0
32.72 0
32.73 0
32.74 0
32.75 0
32.76 12
32.77 25
32.78 36
32.79 28
32.8 25
32.81 0
32.82 0
32.83 0
32.84 0
32.85 3
32.86 14
32.87 24
32.88 37
32.89 28
32.9 13
32.91 0
32.92 0
32.93 0
32.94 3
32.95 14
32.96 27
32.97 37
32.98 27
32.99 1
33 0
33.01 0
33.02 0
33.03 2
33.04 15
33.05 25
33.06 38
33.07 28
33.08 8
33.09 0
33.1 0
33.11 0
33.12 1
33.13 15
33.14 26
33.15 38
33.16 27
33.17 15
33.18 0
33.19 0
33.2 0
33.21 2
33.22 15
33.23 26
33.24 36
33.25 27
33.26 7
33.27 0
33.28 0
33.29 0
33.3 1
33.31 14
33.32 23
33.33 34
33.34 28
33.35 26
33.36 0
33.37 0
33.38 0
33.39 0
33.4 7
33.41 17
33.42 29
33.43 38
33.44 27
33.45 8
33.46 0
33.47 0
33.48 0
33.49 1
33.5 14
33.51 24
33.52 34
33.53 27
33.54 17
33.55 0
33.56 0
33.57 0
33.58 0
33.59 6
33.6 17
33.61 27
33.62 37
33.63 27
33.64 14
33.65 0
33.66 0
33.67 0
33.68 0
33.69 7
33.7 18
33.71 28
33.72 35
33.73 27
33.74 7
33.75 0
33.76 0
33.77 0
33.78 0
33.79 0
33.8 9
33.81 18
33.82 27
33.83 34
33.84 27
33.85 5
33.86 0
33.87 0
33.88 0
33.89 0
33.9 0
33.91 9
33.92 19
33.93 28
33.94 37
33.95 28
33.96 14
33.97 0
33.98 0
33.99 0
34 0
34.01 6
34.02 14
34.03 24
34.04 34
34.05 27
34.06 20
34.07 0
34.08 0
34.09 0
34.1 0
34.11 0
34.12 8
34.13 17
34.14 26
34.15 35
34.16 28
34.17 3
34.18 0
34.19 0
34.2 0
34.21 0
34.22 1
34.23 12
34.24 23
34.25 32
34.26 40
34.27 28
34.28 0
34.29 0
34.3 0
34.31 0
34.32 0
34.33 10
34.34 22
34.35 32
34.36 42
34.37 28
34.38 0
34.39 0
34.4 0
34.41 0
34.42 0
34.43 6
34.44 17
34.45 25
34.46 33
34.47 28
34.48 19
34.49 0
34.5 0
34.51 0
34.52 0
34.53 2
34.54 14
34.55 25
34.56 33
34.57 28
34.58 21
34.59 0
34.6 0
34.61 0
34.62 0
34.63 0
34.64 12
34.65 23
34.66 30
34.67 40
34.68 28
34.69 0
34.7 0
34.71 0
34.72 0
34.73 0
34.74 9
34.75 20
34.76 29
34.77 37
34.78 28
34.79 5
34.8 0
34.81 0
34.82 0
34.83 4
34.84 17
34.85 29
34.86 38
34.87 28
34.88 5
34.89 0
34.9 0
34.91 0
34.92 0
34.93 11
34.94 22
34.95 33
34.96 41
34.97 28
34.98 0
34.99 0
35 0
35.01 0
35.02 0
35.03 11
35.04 23
35.05 33
35.06 42
35.07 28
35.08 3
35.09 0
35.1 0
35.11 0
35.12 3
35.13 15
35.14 25
35.15 35
35.16 28
35.17 14
35.18 0
35.19 0
35.2 0
35.21 0
35.22 7
35.23 21
35.24 33
35.25 44
35.26 29
35.27 11
35.28 0
35.29 0
35.3 0
35.31 0
35.32 12
35.33 25
35.34 34
35.35 28
35.36 18
35.37 0
35.38 0
35.39 0
35.4 0
35.41 10
35.42 24
35.43 36
35.44 28
35.45 24
35.46 0
35.47 0
35.48 0
35.49 0
35.5 13
35.51 26
35.52 36
35.53 28
35.54 19
35.55 0
35.56 0
35.57 0
35.58 4
35.59 16
35.6 29
35.61 40
35.62 28
35.63 0
35.64 0
35.65 0
35.66 0
35.67 0
35.68 14
35.69 25
35.7 40
35.71 28
35.72 19
35.73 0
35.74 0
35.75 0
35.76 0
35.77 6
35.78 20
35.79 33
35.8 33
35.81 28
35.82 0
35.83 0
35.84 0
35.85 0
35.86 2
35.87 18
35.88 29
35.89 38
35.9 28
35.91 7
35.92 0
35.93 0
35.94 0
35.95 0
35.96 11
35.97 24
35.98 36
35.99 29
36 17
36.01 0
36.02 0
36.03 0
36.04 0
36.05 10
36.06 22
36.07 33
36.08 27
36.09 22
36.1 0
36.11 0
36.12 0
36.13 0
36.14 13
36.15 25
36.16 36
36.17 28
36.18 23
36.19 0
36.2 0
36.21 0
36.22 9
36.23 21
36.24 34
36.25 27
36.26 23
36.27 0
36.28 0
36.29 0
36.3 0
36.31 7
36.32 21
36.33 33
36.34 44
36.35 27
36.36 2
36.37 0
36.38 0
36.39 0
36.4 4
36.41 16
36.42 27
36.43 37
36.44 28
36.45 13
36.46 0
36.47 0
36.48 0
36.49 0
36.5 6
36.51 18
36.52 27
36.53 36
36.54 28
36.55 8
36.56 0
36.57 0
36.58 0
36.59 0
36.6 9
36.61 22
36.62 32
36.63 41
36.64 27
36.65 5
36.66 0
36.67 0
36.68 0
36.69 13
36.7 25
36.71 35
36.72 27
36.73 17
36.74 0
36.75 0
36.76 0
36.77 2
36.78 14
36.79 25
36.8 35
36.81 28
36.82 24
36.83 0
36.84 0
36.85 0
36.86 0
36.87 0
36.88 10
36.89 20
36.9 31
36.91 41
36.92 28
36.93 0
36.94 0
36.95 0
36.96 0
36.97 0
36.98 11
36.99 24
37 33
37.01 42
37.02 28
37.03 0
37.04 0
37.05 0
37.06 0
37.07 6
37.08 17
37.09 28
37.1 39
37.11 28
37.12 20
37.13 0
37.14 0
37.15 0
37.16 1
37.17 13
37.18 25
37.19 36
37.2 28
37.21 28
37.22 0
37.23 0
37.24 0
37.25 0
37.26 7
37.27 19
37.28 32
37.29 42
37.3 28
37.31 0
37.32 0
37.33 0
37.34 0
37.35 0
37.36 14
37.37 30
37.38 41
37.39 29
37.4 18
37.41 0
37.42 0
37.43 0
37.44 0
37.45 14
37.46 26
37.47 37
37.48 28
37.49 5
37.5 0
37.51 0
37.52 0
37.53 0
37.54 11
37.55 26
37.56 36
37.57 28
37.58 22
37.59 0
37.6 0
37.61 0
37.62 0
37.63 7
37.64 17
37.65 29
37.66 40
37.67 28
37.68 0
37.69 0
37.7 0
37.71 0
37.72 0
37.73 12
37.74 25
37.75 36
37.76 28
37.77 20
37.78 0
37.79 0
37.8 0
37.81 0
37.82 6
37.83 17
37.84 30
37.85 42
37.86 28
37.87 14
37.88 0
37.89 0
37.9 0
37.91 0
37.92 14
37.93 26
37.94 39
37.95 28
37.96 20
37.97 0
37.98 0
37.99 0
38 0
38.01 1
38.02 14
38.03 27
38.04 39
38.05 29
38.06 11
38.07 0
38.08 0
38.09 0
38.1 0
38.11 11
38.12 23
38.13 36
38.14 28
38.15 26
38.16 0
38.17 0
38.18 0
38.19 0
38.2 2
38.21 14
38.22 23
38.23 36
38.24 28
38.25 15
38.26 0
38.27 0
38.28 0
38.29 0
38.3 11
38.31 24
38.32 35
38.33 28
38.34 17
38.35 0
38.36 0
38.37 0
38.38 0
38.39 3
38.4 16
38.41 29
38.42 40
38.43 28
38.44 16
38.45 0
38.46 0
38.47 0
38.48 3
38.49 15
38.5 23
38.51 34
38.52 28
38.53 18
38.54 0
38.55 0
38.56 0
38.57 0
38.58 7
38.59 17
38.6 29
38.61 40
38.62 28
38.63 9
38.64 0
38.65 0
38.66 0
38.67 0
38.68 7
38.69 18
38.7 29
38.71 40
38.72 28
38.73 0
38.74 0
38.75 0
38.76 0
38.77 0
38.78 9
38.79 21
38.8 33
38.81 28
38.82 21
38.83 0
38.84 0
38.85 0
38.86 0
38.87 0
38.88 11
38.89 23
38.9 33
38.91 28
38.92 26
38.93 0
38.94 0
38.95 0
38.96 0
38.97 0
38.98 10
38.99 22
39 32
39.01 36
39.02 28
39.03 7
39.04 0
39.05 0
39.06 0
39.07 3
39.08 12
39.09 21
39.1 32
39.11 39
39.12 28
39.13 0
39.14 0
39.15 0
39.16 0
39.17 0
39.18 7
39.19 17
39.2 27
39.21 37
39.22 28
39.23 15
39.24 0
39.25 0
39.26 0
39.27 0
39.28 0
39.29 7
39.3 16
39.31 25
39.32 35
39.33 28
39.34 10
39.35 0
39.36 0
39.37 0
39.38 0
39.39 1
39.4 12
39.41 22
39.42 30
39.43 38
39.44 27
39.45 0
39.46 0
39.47 0
39.48 0
39.49 0
39.5 5
39.51 16
39.52 24
39.53 34
39.54 28
39.55 24
39.56 0
39.57 0
39.58 0
39.59 0
39.6 0
39.61 9
39.62 19
39.63 29
39.64 37
39.65 28
39.66 11
39.67 0
39.68 0
39.69 0
39.7 0
39.71 1
39.72 11
39.73 19
39.74 27
39.75 37
39.76 27
39.77 0
39.78 0
39.79 0
39.8 0
39.81 7
39.82 19
39.83 31
39.84 44
39.85 27
39.86 14
39.87 0
39.88 0
39.89 0
39.9 0
39.91 8
39.92 18
39.93 29
39.94 39
39.95 27
39.96 14
39.97 0
39.98 0
39.99 0
40 4
40.01 14
40.02 23
40.03 32
40.04 27
40.05 14
40.06 0
40.07 0
40.08 0
40.09 0
40.1 5
40.11 16
40.12 25
40.13 34
40.14 28
40.15 27
40.16 0
40.17 0
40.18 0
40.19 0
40.2 0
40.21 8
40.22 18
40.23 29
40.24 37
40.25 27
40.26 7
40.27 0
40.28 0
40.29 0
40.3 0
40.31 0
40.32 9
40.33 20
40.34 28
40.35 38
40.36 27
40.37 10
40.38 0
40.39 0
40.4 0
40.41 5
40.42 16
40.43 26
40.44 34
40.45 27
40.46 19
40.47 0
40.48 0
40.49 0
40.5 0
40.51 4
40.52 15
40.53 24
40.54 32
40.55 27
40.56 23
40.57 0
40.58 0
40.59 0
40.6 0
40.61 0
40.62 7
40.63 17
40.64 27
40.65 35
40.66 28
40.67 6
40.68 0
40.69 0
40.7 0
40.71 1
40.72 11
40.73 21
40.74 29
40.75 37
40.76 27
40.77 0
40.78 0
40.79 0
40.8 0
40.81 0
40.82 4
40.83 13
40.84 23
40.85 32
40.86 28
40.87 26
40.88 0
40.89 0
40.9 0
40.91 0
40.92 0
40.93 9
40.94 18
40.95 28
40.96 35
40.97 28
40.98 0
40.99 0
41 0
41.01 0
41.02 0
41.03 0
41.04 10
41.05 21
41.06 31
41.07 42
41.08 28
41.09 3
41.1 0
41.11 0
41.12 0
41.13 0
41.14 10
41.15 21
41.16 32
41.17 42
41.18 28
41.19 0
41.2 0
41.21 0
41.22 0
41.23 0
41.24 7
41.25 19
41.26 31
41.27 39
41.28 28
41.29 10
41.3 0
41.31 0
41.32 0
41.33 0
41.34 13
41.35 24
41.36 35
41.37 28
41.38 16
41.39 0
41.4 0
41.41 0
41.42 0
41.43 5
41.44 17
41.45 28
41.46 39
41.47 28
41.48 5
41.49 0
41.5 0
41.51 0
41.52 0
41.53 12
41.54 24
41.55 34
41.56 28
41.57 19
41.58 0
41.59 0
41.6 0
41.61 0
41.62 0
41.63 10
41.64 20
41.65 31
41.66 40
41.67 29
41.68 0
41.69 0
41.7 0
41.71 0
41.72 0
41.73 11
41.74 20
41.75 31
41.76 41
41.77 28
41.78 0
41.79 0
41.8 0
41.81 0
41.82 0
41.83 10
41.84 20
41.85 31
41.86 41
41.87 28
41.88 10
41.89 0
41.9 0
41.91 0
41.92 2
41.93 14
41.94 24
41.95 35
41.96 28
41.97 19
41.98 0
41.99 0
42 0
42.01 1
42.02 16
42.03 26
42.04 37
42.05 28
42.06 16
42.07 0
42.08 0
42.09 0
42.1 0
42.11 6
42.12 17
42.13 25
42.14 36
42.15 28
42.16 8
42.17 0
42.18 0
42.19 0
42.2 0
42.21 4
42.22 17
42.23 28
42.24 38
42.25 28
42.26 2
42.27 0
42.28 0
42.29 0
42.3 0
42.31 9
42.32 21
42.33 32
42.34 41
42.35 28
42.36 0
42.37 0
42.38 0
42.39 0
42.4 0
42.41 12
42.42 24
42.43 34
42.44 28
42.45 19
42.46 0
42.47 0
42.48 0
42.49 0
42.5 6
42.51 21
42.52 33
42.53 42
42.54 28
42.55 0
42.56 0
42.57 0
42.58 0
42.59 5
42.6 16
42.61 26
42.62 36
42.63 28
42.64 6
42.65 0
42.66 0
42.67 0
42.68 2
42.69 14
42.7 27
42.71 35
42.72 28
42.73 14
42.74 0
42.75 0
42.76 0
42.77 0
42.78 11
42.79 23
42.8 35
42.81 28
42.82 20
42.83 0
42.84 0
42.85 0
42.86 0
42.87 9
42.88 19
42.89 30
42.9 40
42.91 28
42.92 0
42.93 0
42.94 0
42.95 0
42.96 0
42.97 7
42.98 20
42.99 29
43 39
43.01 28
43.02 0
43.03 0
43.04 0
43.05 0
43.06 2
43.07 12
43.08 23
43.09 34
43.1 28
43.11 16
43.12 0
43.13 0
43.14 0
43.15 0
43.16 0
43.17 9
43.18 19
43.19 30
43.2 40
43.21 28
43.22 0
43.23 0
43.24 0
43.25 0
43.26 0
43.27 11
43.28 22
43.29 33
43.3 37
43.31 29
43.32 0
43.33 0
43.34 0
43.35 2
43.36 13
43.37 21
43.38 32
43.39 27
43.4 19
43.41 0
43.42 0
43.43 0
43.44 0
43.45 0
43.46 10
43.47 19
43.48 30
43.49 40
43.5 28
43.51 10
43.52 0
43.53 0
43.54 0
43.55 0
43.56 0
43.57 10
43.58 21
43.59 31
43.6 39
43.61 28
43.62 0
43.63 0
43.64 0
43.65 0
43.66 0
43.67 5
43.68 16
43.69 26
43.7 36
43.71 28
43.72 27
43.73 0
43.74 0
43.75 0
43.76 0
43.77 0
43.78 6
43.79 16
43.8 26
43.81 37
43.82 28
43.83 25
43.84 0
43.85 0
43.86 0
43.87 0
43.88 0
43.89 8
43.9 20
43.91 29
43.92 40
43.93 28
43.94 0
43.95 0
43.96 0
43.97 0
43.98 0
43.99 5
44 17
44.01 28
44.02 36
44.03 28
44.04 17
44.05 0
44.06 0
44.07 0
44.08 0
44.09 2
44.1 14
44.11 25
44.12 33
44.13 28
44.14 20
44.15 0
44.16 0
44.17 0
44.18 0
44.19 0
44.2 11
44.21 22
44.22 29
44.23 37
44.24 27
44.25 0
44.26 0
44.27 0
44.28 0
44.29 0
44.3 9
44.31 20
44.32 30
44.33 35
44.34 27
44.35 5
44.36 0
44.37 0
44.38 0
44.39 0
44.4 7
44.41 19
44.42 34
44.43 40
44.44 27
44.45 0
44.46 0
44.47 0
44.48 0
44.49 4
44.5 15
44.51 25
44.52 35
44.53 27
44.54 16
44.55 0
44.56 0
44.57 0
44.58 0
44.59 5
44.6 16
44.61 26
44.62 35
44.63 27
44.64 7
44.65 0
44.66 0
44.67 0
44.68 0
44.69 5
44.7 17
44.71 27
44.72 34
44.73 27
44.74 10
44.75 0
44.76 0
44.77 0
44.78 0
44.79 8
44.8 19
44.81 30
44.82 39
44.83 27
44.84 1
44.85 0
44.86 0
44.87 0
44.88 0
44.89 9
44.9 21
44.91 31
44.92 39
44.93 27
44.94 9
44.95 0
44.96 0
44.97 0
44.98 0
44.99 11
45 21
45.01 30
45.02 38
45.03 27
45.04 1
45.05 0
45.06 0
45.07 0
45.08 0
45.09 10
45.1 22
45.11 31
45.12 39
45.13 27
45.14 7
45.15 0
45.16 0
45.17 0
45.18 0
45.19 9
45.2 20
45.21 27
45.22 36
45.23 28
45.24 6
45.25 0
45.26 0
45.27 0
45.28 0
45.29 9
45.3 19
45.31 30
45.32 36
45.33 28
45.34 0
45.35 0
45.36 0
45.37 0
45.38 0
45.39 10
45.4 19
45.41 30
45.42 40
45.43 28
45.44 4
45.45 0
45.46 0
45.47 0
45.48 0
45.49 8
45.5 19
45.51 28
45.52 37
45.53 28
45.54 0
45.55 0
45.56 0
45.57 0
45.58 0
45.59 5
45.6 16
45.61 28
45.62 38
45.63 28
45.64 10
45.65 0
45.66 0
45.67 0
45.68 0
45.69 4
45.7 16
45.71 27
45.72 38
45.73 28
45.74 12
45.75 0
45.76 0
45.77 0
45.78 0
45.79 9
45.8 20
45.81 30
45.82 42
45.83 28
45.84 12
45.85 0
45.86 0
45.87 0
45.88 0
45.89 8
45.9 20
45.91 32
45.92 41
45.93 28
45.94 0
45.95 0
45.96 0
45.97 0
45.98 0
45.99 6
46 16
46.01 27
46.02 35
46.03 28
46.04 7
46.05 0
46.06 0
46.07 0
46.08 0
46.09 0
46.1 9
46.11 21
46.12 32
46.13 41
46.14 28
46.15 15
46.16 0
46.17 0
46.18 0
46.19 0
46.2 0
46.21 11
46.22 20
46.23 28
46.24 38
46.25 28
46.26 2
46.27 0
46.28 0
46.29 0
46.3 0
46.31 3
46.32 14
46.33 23
46.34 33
46.35 29
46.36 24
46.37 0
46.38 0
46.39 0
46.4 0
46.41 2
46.42 14
46.43 22
46.44 33
46.45 42
46.46 28
46.47 10
46.48 0
46.49 0
46.5 0
46.51 0
46.52 2
46.53 13
46.54 23
46.55 32
46.56 40
46.57 27
46.58 18
46.59 0
46.6 0
46.61 0
46.62 0
46.63 7
46.64 17
46.65 27
46.66 35
46.67 26
46.68 14
46.69 0
46.7 0
46.71 0
46.72 0
46.73 0
46.74 7
46.75 19
46.76 27
46.77 37
46.78 27
46.79 17
46.8 0
46.81 0
46.82 0
46.83 0
46.84 5
46.85 14
46.86 25
46.87 34
46.88 27
46.89 16
46.9 0
46.91 0
46.92 0
46.93 0
46.94 2
46.95 14
46.96 23
46.97 33
46.98 27
46.99 23
47 0
47.01 0
47.02 0
47.03 0
47.04 0
47.05 12
47.06 22
47.07 32
47.08 30
47.09 23
47.1 0
47.11 0
47.12 0
47.13 0
47.14 8
47.15 18
47.16 29
47.17 40
47.18 28
47.19 6
47.2 0
47.21 0
47.22 0
47.23 6
47.24 18
47.25 28
47.26 39
47.27 27
47.28 0
47.29 0
47.3 0
47.31 0
47.32 0
47.33 9
47.34 20
47.35 28
47.36 39
47.37 27
47.38 1
47.39 0
47.4 0
47.41 0
47.42 1
47.43 12
47.44 23
47.45 33
47.46 27
47.47 28
47.48 0
47.49 0
47.5 0
47.51 0
47.52 4
47.53 15
47.54 26
47.55 36
47.56 27
47.57 14
47.58 0
47.59 0
47.6 0
47.61 0
47.62 2
47.63 14
47.64 25
47.65 35
47.66 27
47.67 14
47.68 0
47.69 0
47.7 0
47.71 0
47.72 9
47.73 20
47.74 28
47.75 39
47.76 28
47.77 12
47.78 0
47.79 0
47.8 3
47.81 15
47.82 25
47.83 34
47.84 27
47.85 16
47.86 0
47.87 0
47.88 0
47.89 0
47.9 1
47.91 14
47.92 27
47.93 38
47.94 27
47.95 13
47.96 0
47.97 0
47.98 0
47.99 0
48 10
48.01 21
48.02 32
48.03 43
48.04 27
48.05 0
48.06 0
48.07 0
48.08 0
48.09 0
48.1 12
48.11 24
48.12 33
48.13 30
48.14 26
48.15 0
48.16 0
48.17 0
48.18 0
48.19 3
48.2 14
48.21 25
48.22 34
48.23 27
48.24 16
48.25 0
48.26 0
48.27 0
48.28 0
48.29 6
48.3 20
48.31 32
48.32 41
48.33 28
48.34 1
48.35 0
48.36 0
48.37 0
48.38 5
48.39 16
48.4 28
48.41 40
48.42 27
48.43 0
48.44 0
48.45 0
48.46 0
48.47 6
48.48 18
48.49 29
48.5 41
48.51 27
48.52 4
48.53 0
48.54 0
48.55 0
48.56 11
48.57 22
48.58 33
48.59 27
48.6 20
48.61 0
48.62 0
48.63 0
48.64 0
48.65 4
48.66 16
48.67 26
48.68 36
48.69 28
48.7 26
48.71 0
48.72 0
48.73 0
48.74 0
48.75 6
48.76 17
48.77 29
48.78 39
48.79 28
48.8 12
48.81 0
48.82 0
48.83 0
48.84 0
48.85 4
48.86 15
48.87 23
48.88 34
48.89 28
48.9 20
48.91 0
48.92 0
48.93 0
48.94 0
48.95 1
48.96 12
48.97 22
48.98 32
48.99 39
49 27
49.01 0
49.02 0
49.03 0
49.04 0
49.05 1
49.06 14
49.07 25
49.08 35
49.09 28
49.1 22
49.11 0
49.12 0
49.13 0
49.14 0
49.15 0
49.16 8
49.17 19
49.18 29
49.19 40
49.2 27
49.21 2
49.22 0
49.23 0
49.24 0
49.25 0
49.26 6
49.27 17
49.28 28
49.29 36
49.3 27
49.31 10
49.32 0
49.33 0
49.34 0
49.35 0
49.36 5
49.37 16
49.38 27
49.39 36
49.4 27
49.41 18
49.42 0
49.43 0
49.44 0
49.45 0
49.46 9
49.47 22
49.48 33
49.49 42
49.5 27
49.51 15
49.52 0
49.53 0
49.54 0
49.55 9
49.56 20
49.57 30
49.58 41
49.59 26
49.6 6
49.61 0
49.62 0
49.63 0
49.64 0
49.65 10
49.66 20
49.67 30
49.68 40
49.69 27
49.7 22
49.71 0
49.72 0
49.73 0
49.74 0
49.75 3
49.76 16
49.77 27
49.78 35
49.79 27
49.8 15
49.81 0
49.82 0
49.83 0
49.84 0
49.85 1
49.86 12
49.87 20
49.88 29
49.89 38
49.9 27
49.91 1
49.92 0
49.93 0
49.94 0
49.95 0
49.96 1
49.97 11
49.98 20
49.99 29
50 40
50.01 28
50.02 0
50.03 0
50.04 0
50.05 0
50.06 0
50.07 6
50.08 16
50.09 23
50.1 33
50.11 28
50.12 23
50.13 0
50.14 0
50.15 0
50.16 0
50.17 0
50.18 8
50.19 19
50.2 27
50.21 38
50.22 28
50.23 0
50.24 0
50.25 0
50.26 0
50.27 0
50.28 2
50.29 13
50.3 22
50.31 30
50.32 40
50.33 28
50.34 4
50.35 0
50.36 0
50.37 0
50.38 0
50.39 3
50.4 14
50.41 22
50.42 32
50.43 41
50.44 28
50.45 0
50.46 0
50.47 0
50.48 0
50.49 0
50.5 5
50.51 16
50.52 25
50.53 35
50.54 28
50.55 14
50.56 0
50.57 0
50.58 0
50.59 0
50.6 0
50.61 9
50.62 20
50.63 27
50.64 36
50.65 28
50.66 10
50.67 0
50.68 0
50.69 0
50.7 0
50.71 3
50.72 14
50.73 23
50.74 32
50.75 35
50.76 27
50.77 0
50.78 0
50.79 0
50.8 0
50.81 2
50.82 14
50.83 25
50.84 33
50.85 27
50.86 20
50.87 0
50.88 0
50.89 0
50.9 0
50.91 5
50.92 18
50.93 30
50.94 39
50.95 27
50.96 21
50.97 0
50.98 0
50.99 0
51 0
51.01 13
51.02 23
51.03 35
51.04 27
51.05 18
51.06 0
51.07 0
51.08 0
51.09 2
51.1 15
51.11 27
51.12 37
51.13 28
51.14 23
51.15 0
51.16 0
51.17 0
51.18 0
51.19 2
51.2 13
51.21 22
51.22 33
51.23 42
51.24 27
51.25 0
51.26 0
51.27 0
51.28 0
51.29 5
51.3 17
51.31 29
51.32 39
51.33 28
51.34 13
51.35 0
51.36 0
51.37 0
51.38 0
51.39 5
51.4 16
51.41 27
51.42 36
51.43 27
51.44 14
51.45 0
51.46 0
51.47 0
51.48 0
51.49 6
51.5 15
51.51 25
51.52 36
51.53 27
51.54 15
51.55 0
51.56 0
51.57 0
51.58 0
51.59 3
51.6 16
51.61 27
51.62 37
51.63 28
51.64 17
51.65 0
51.66 0
51.67 0
51.68 0
51.69 10
51.7 22
51.71 34
51.72 28
51.73 27
51.74 1
51.75 0
51.76 0
51.77 0
51.78 1
51.79 13
51.8 24
51.81 34
51.82 27
51.83 25
51.84 0
51.85 0
51.86 0
51.87 0
51.88 11
51.89 25
51.9 37
51.91 28
51.92 21
51.93 0
51.94 0
51.95 0
51.96 0
51.97 6
51.98 18
51.99 28
52 39
52.01 28
52.02 2
52.03 0
52.04 0
52.05 0
52.06 6
52.07 19
52.08 30
52.09 40
52.1 28
52.11 0
52.12 0
52.13 0
52.14 0
52.15 0
52.16 7
52.17 19
52.18 29
52.19 40
52.2 29
52.21 12
52.22 0
52.23 0
52.24 0
52.25 1
52.26 12
52.27 23
52.28 32
52.29 32
52.3 24
52.31 0
52.32 0
52.33 0
52.34 0
52.35 4
52.36 15
52.37 24
52.38 34
52.39 28
52.4 16
52.41 0
52.42 0
52.43 0
52.44 0
52.45 0
52.46 11
52.47 22
52.48 30
52.49 40
52.5 27
52.51 3
52.52 0
52.53 0
52.54 0
52.55 2
52.56 13
52.57 23
52.58 33
52.59 28
52.6 27
52.61 0
52.62 0
52.63 0
52.64 0
52.65 8
52.66 18
52.67 27
52.68 37
52.69 28
52.7 10
52.71 0
52.72 0
52.73 0
52.74 0
52.75 10
52.76 20
52.77 30
52.78 38
52.79 28
52.8 10
52.81 0
52.82 0
52.83 0
52.84 0
52.85 7
52.86 16
52.87 27
52.88 37
52.89 27
52.9 10
52.91 0
52.92 0
52.93 0
52.94 0
52.95 0
52.96 10
52.97 21
52.98 32
52.99 42
53 27
53.01 0
53.02 0
53.03 0
53.04 0
53.05 5
53.06 16
53.07 27
53.08 39
53.09 27
53.1 10
53.11 0
53.12 0
53.13 0
53.14 0
53.15 9
53.16 21
53.17 33
53.18 42
53.19 27
53.2 0
53.21 0
53.22 0
53.23 0
53.24 1
53.25 13
53.26 24
53.27 36
53.28 27
53.29 21
53.3 0
53.31 0
53.32 0
53.33 0
53.34 5
53.35 17
53.36 29
53.37 38
53.38 27
53.39 0
53.4 0
53.41 0
53.42 0
53.43 0
53.44 9
53.45 20
53.46 32
53.47 41
53.48 27
53.49 0
53.5 0
53.51 0
53.52 0
53.53 1
53.54 14
53.55 26
53.56 38
53.57 27
53.58 17
53.59 0
53.6 0
53.61 0
53.62 0
53.63 5
53.64 16
53.65 26
53.66 36
53.67 27
53.68 11
53.69 0
53.7 0
53.71 0
53.72 0
53.73 8
53.74 19
53.75 29
53.76 39
53.77 27
53.78 10
53.79 0
53.8 0
53.81 0
53.82 0
53.83 12
53.84 24
53.85 34
53.86 28
53.87 25
53.88 0
53.89 0
53.9 0
53.91 0
53.92 4
53.93 17
53.94 28
53.95 37
53.96 27
53.97 7
53.98 0
53.99 0
54 0
54.01 0
54.02 6
54.03 17
54.04 26
54.05 36
54.06 27
54.07 16
54.08 0
54.09 0
54.1 0
54.11 0
54.12 1
54.13 12
54.14 23
54.15 35
54.16 27
54.17 18
54.18 0
54.19 0
54.2 0
54.21 0
54.22 7
54.23 19
54.24 30
54.25 38
54.26 27
54.27 17
54.28 0
54.29 0
54.3 0
54.31 0
54.32 7
54.33 18
54.34 28
54.35 37
54.36 27
54.37 21
54.38 0
54.39 0
54.4 0
54.41 0
54.42 4
54.43 16
54.44 27
54.45 37
54.46 27
54.47 22
54.48 0
54.49 0
54.5 0
54.51 0
54.52 9
54.53 20
54.54 31
54.55 39
54.56 27
54.57 9
54.58 0
54.59 0
54.6 0
54.61 3
54.62 15
54.63 27
54.64 37
54.65 27
54.66 14
54.67 0
54.68 0
54.69 0
54.7 0
54.71 6
54.72 17
54.73 29
54.74 40
54.75 27
54.76 17
54.77 0
54.78 0
54.79 0
54.8 0
54.81 8
54.82 20
54.83 29
54.84 39
54.85 27
54.86 6
54.87 0
54.88 0
54.89 0
54.9 12
54.91 22
54.92 35
54.93 27
54.94 21
54.95 0
54.96 0
54.97 0
54.98 0
54.99 4
55 17
55.01 28
55.02 36
55.03 27
55.04 8
55.05 0
55.06 0
55.07 0
55.08 0
55.09 6
55.1 16
55.11 29
55.12 40
55.13 27
55.14 10
55.15 0
55.16 0
55.17 0
55.18 0
55.19 7
55.2 19
55.21 29
55.22 41
55.23 27
55.24 11
55.25 0
55.26 0
55.27 0
55.28 3
55.29 14
55.3 27
55.31 36
55.32 28
55.33 12
55.34 0
55.35 0
55.36 0
55.37 0
55.38 3
55.39 14
55.4 24
55.41 34
55.42 27
55.43 27
55.44 0
55.45 0
55.46 0
55.47 0
55.48 3
55.49 15
55.5 25
55.51 34
55.52 27
55.53 20
55.54 0
55.55 0
55.56 0
55.57 0
55.58 0
55.59 12
55.6 23
55.61 32
55.62 41
55.63 27
55.64 0
55.65 0
55.66 0
55.67 0
55.68 0
55.69 7
55.7 18
55.71 26
55.72 34
55.73 27
55.74 11
55.75 0
55.76 0
55.77 0
55.78 0
55.79 1
55.8 13
55.81 23
55.82 31
55.83 40
55.84 28
55.85 0
55.86 0
55.87 0
55.88 0
55.89 0
55.9 12
55.91 21
55.92 32
55.93 39
55.94 28
55.95 0
55.96 0
55.97 0
55.98 0
55.99 0
56 8
56.01 16
56.02 25
56.03 36
56.04 28
56.05 26
56.06 0
56.07 0
56.08 0
56.09 0
56.1 0
56.11 5
56.12 17
56.13 26
56.14 35
56.15 28
56.16 22
56.17 0
56.18 0
56.19 0
56.2 0
56.21 0
56.22 11
56.23 23
56.24 28
56.25 38
56.26 28
56.27 0
56.28 0
56.29 0
56.3 0
56.31 0
56.32 4
56.33 16
56.34 23
56.35 31
56.36 39
56.37 27
56.38 0
56.39 0
56.4 0
56.41 0
56.42 0
56.43 7
56.44 17
56.45 25
56.46 35
56.47 28
56.48 18
56.49 0
56.5 0
56.51 0
56.52 0
56.53 1
56.54 11
56.55 22
56.56 32
56.57 40
56.58 28
56.59 10
56.6 0
56.61 0
56.62 0
56.63 0
56.64 4
56.65 16
56.66 24
56.67 34
56.68 28
56.69 14
56.7 0
56.71 0
56.72 0
56.73 0
56.74 0
56.75 13
56.76 24
56.77 33
56.78 29
56.79 22
56.8 0
56.81 0
56.82 0
56.83 0
56.84 5
56.85 16
56.86 27
56.87 37
56.88 27
56.89 17
56.9 0
56.91 0
56.92 0
56.93 4
56.94 16
56.95 26
56.96 36
56.97 28
56.98 4
56.99 0
57 0
57.01 0
57.02 0
57.03 3
57.04 16
57.05 27
57.06 38
57.07 28
57.08 10
57.09 0
57.1 0
57.11 0
57.12 0
57.13 6
57.14 19
57.15 30
57.16 42
57.17 28
57.18 6
57.19 0
57.2 0
57.21 0
57.22 0
57.23 10
57.24 22
57.25 33
57.26 43
57.27 27
57.28 0
57.29 0
57.3 0
57.31 0
57.32 3
57.33 16
57.34 27
57.35 38
57.36 28
57.37 10
57.38 0
57.39 0
57.4 0
57.41 0
57.42 8
57.43 21
57.44 32
57.45 43
57.46 28
57.47 4
57.48 0
57.49 0
57.5 0
57.51 5
57.52 16
57.53 26
57.54 36
57.55 28
57.56 4
57.57 0
57.58 0
57.59 0
57.6 2
57.61 15
57.62 26
57.63 38
57.64 28
57.65 28
57.66 0
57.67 0
57.68 0
57.69 0
57.7 6
57.71 18
57.72 30
57.73 40
57.74 28
57.75 11
57.76 0
57.77 0
57.78 0
57.79 11
57.8 23
57.81 33
57.82 27
57.83 27
57.84 0
57.85 0
57.86 0
57.87 0
57.88 1
57.89 15
57.9 27
57.91 35
57.92 28
57.93 14
57.94 0
57.95 0
57.96 0
57.97 0
57.98 3
57.99 14
58 24
58.01 34
58.02 28
58.03 22
58.04 0
58.05 0
58.06 0
58.07 0
58.08 0
58.09 0
58.1 0
58.11 0
58.12 0
58.13 0
58.14 0
58.15 0
58.16 0
58.17 0
58.18 0
58.19 0
58.2 0
58.21 0
58.22 0
58.23 0
58.24 0
58.25 0
58.26 0
58.27 0
58.28 0
58.29 0
58.3 0
58.31 0
58.32 0
58.33 0
58.34 0
58.35 0
58.36 0
58.37 0
58.38 0
58.39 0
58.4 0
58.41 0
58.42 0
58.43 0
58.44 0
58.45 0
58.46 0
58.47 0
58.48 0
58.49 0
58.5 0
58.51 0
58.52 0
58.53 0
58.54 0
58.55 0
58.56 0
58.57 0
58.58 0
58.59 0
58.6 0
58.61 0
58.62 0
58.63 0
58.64 0
58.65 0
58.66 0
58.67 0
58.68 0
58.69 0
58.7 0
58.71 0
58.72 0
58.73 0
58.74 0
58.75 0
58.76 0
58.77 0
58.78 0
58.79 0
58.8 0
58.81 0
58.82 0
58.83 0
58.84 0
58.85 0
58.86 0
58.87 0
58.88 0
58.89 0
58.9 0
58.91 0
58.92 0
58.93 0
58.94 0
58.95 0
58.96 0
58.97 0
58.98 0
58.99 0
59 0
59.01 0
59.02 0
59.03 0
59.04 0
59.05 0
59.06 0
59.07 0
59.08 0
59.09 0
59.1 0
59.11 0
59.12 0
59.13 0
59.14 0
59.15 0
59.16 0
59.17 0
59.18 0
59.19 0
59.2 0
59.21 0
59.22 0
59.23 0
59.24 0
59.25 0
59.26 0
59.27 0
59.28 0
59.29 0
59.3 0
59.31 0
59.32 0
59.33 0
59.34 0
59.35 0
59.36 0
59.37 0
59.38 0
59.39 0
59.4 0
59.41 0
59.42 0
59.43 0
59.44 0
59.45 0
59.46 0
59.47 0
59.48 0
59.49 0
59.5 0
59.51 0
59.52 0
59.53 0
59.54 0
59.55 0
59.56 0
59.57 0
59.58 0
59.59 0
59.6 0
59.61 0
59.62 0
59.63 0
59.64 0
59.65 0
59.66 0
59.67 0
59.68 0
59.69 0
59.7 0
59.71 0
59.72 0
59.73 0
59.74 0
59.75 0
59.76 0
59.77 0
59.78 0
59.79 0
59.8 0
59.81 0
59.82 0
59.83 0
59.84 0
59.85 0
59.86 0
59.87 0
59.88 0
59.89 0
59.9 0
59.91 0
59.92 0
59.93 0
59.94 0
59.95 0
59.96 0
59.97 0
59.98 0
59.99 0
60 0
60.01 0
60.02 0
60.03 0
60.04 0
60.05 0
60.06 0
60.07 0
60.08 0
60.09 0
60.1 0
60.11 0
60.12 0
60.13 0
60.14 0
60.15 0
60.16 0
60.17 0
60.18 0
60.19 0
60.2 0
60.21 0
60.22 0
60.23 0
60.24 0
60.25 0
60.26 0
60.27 0
60.28 0
60.29 0
60.3 0
60.31 0
60.32 0
60.33 0
60.34 0
60.35 0
60.36 0
60.37 0
60.38 0
60.39 0
60.4 0
60.41 0
60.42 0
60.43 0
60.44 0
60.45 0
60.46 0
60.47 0
60.48 0
60.49 0
60.5 0
60.51 0
60.52 0
60.53 0
60.54 0
60.55 0
60.56 0
60.57 0
60.58 0
60.59 0
60.6 0
60.61 0
60.62 0
60.63 0
60.64 0
60.65 0
60.66 0
60.67 0
60.68 0
60.69 0
60.7 0
60.71 0
60.72 0
60.73 0
60.74 0
60.75 0
60.76 0
60.77 0
60.78 0
60.79 0
60.8 0
60.81 0
60.82 0
60.83 0
60.84 0
60.85 0
60.86 0
60.87 0
60.88 0
60.89 0
60.9 0
60.91 0
60.92 0
60.93 0
60.94 0
60.95 0
60.96 0
60.97 0
60.98 0
60.99 0
61 0
61.01 0
61.02 0
61.03 0
61.04 0
61.05 0
61.06 0
61.07 0
61.08 0
61.09 0
61.1 0
61.11 0
61.12 0
61.13 0
61.14 0
61.15 0
61.16 0
61.17 0
61.18 0
61.19 0
61.2 0
61.21 0
61.22 0
61.23 0
61.24 0
61.25 0
61.26 0
61.27 0
61.28 0
61.29 0
61.3 0
61.31 0
61.32 0
61.33 0
61.34 0
61.35 0
61.36 0
61.37 0
61.38 0
61.39 0
61.4 0
61.41 0
61.42 0
61.43 0
61.44 0
61.45 0
61.46 0
61.47 0
61.48 0
61.49 0
61.5 0
61.51 0
61.52 0
61.53 0
61.54 0
61.55 0
61.56 0
61.57 0
61.58 0
61.59 0
61.6 0
61.61 0
61.62 0
61.63 0
61.64 0
61.65 0
61.66 0
61.67 0
61.68 0
61.69 0
61.7 0
61.71 0
61.72 0
61.73 0
61.74 0
61.75 0
61.76 0
61.77 0
61.78 0
61.79 0
61.8 0
61.81 0
61.82 0
61.83 0
61.84 0
61.85 0
61.86 0
61.87 0
61.88 0
61.89 0
61.9 0
61.91 0
61.92 0
61.93 0
61.94 0
61.95 0
61.96 0
61.97 0
61.98 0
61.99 0
62 0
62.01 0
62.02 0
62.03 0
62.04 0
62.05 0
62.06 0
62.07 0
62.08 0
62.09 0
62.1 0
62.11 0
62.12 0
62.13 0
62.14 0
62.15 0
62.16 0
62.17 0
62.18 0
62.19 0
62.2 0
62.21 0
62.22 0
62.23 0
62.24 0
62.25 0
62.26 0
62.27 0
62.28 0
62.29 0
62.3 0
62.31 0
62.32 0
62.33 0
62.34 0
62.35 0
62.36 0
62.37 0
62.38 0
62.39 0
62.4 0
62.41 0
62.42 0
62.43 0
62.44 0
62.45 0
62.46 0
62.47 0
62.48 0
62.49 0
62.5 0
62.51 0
62.52 0
62.53 0
62.54 0
62.55 0
62.56 0
62.57 0
62.58 0
62.59 0
62.6 0
62.61 0
62.62 0
62.63 0
62.64 0
62.65 0
62.66 0
62.67 0
62.68 0
62.69 0
62.7 0
62.71 0
62.72 0
62.73 0
62.74 0
62.75 0
62.76 0
62.77 0
62.78 0
62.79 0
62.8 0
62.81 0
62.82 0
62.83 0
62.84 0
62.85 0
62.86 0
62.87 0
62.88 0
62.89 0
62.9 0
62.91 0
62.92 0
62.93 0
62.94 0
62.95 0
62.96 0
62.97 0
62.98 0
62.99 0
