0 0
0.01 0
0.02 0
0.03 0
0.04 0
0.05 0
0.06 0
0.07 0
0.08 0
0.09 0
0.1 0
0.11 0
0.12 0
0.13 0
0.14 0
0.15 0
0.16 0
0.17 0
0.18 0
0.19 0
0.2 0
0.21 0
0.22 0
0.23 0
0.24 5
0.25 45
0.26 84
0.27 92
0.28 53
0.29 43
0.3 43
0.31 43
0.32 43
0.33 35
0.34 9
0.35 0
0.36 0
0.37 0
0.38 25
0.39 25
0.4 25
0.41 25
0.42 19
0.43 13
0.44 3
0.45 1
0.46 0
0.47 0
0.48 0
0.49 0
0.5 0
0.51 0
0.52 1
0.53 1
0.54 2
0.55 4
0.56 4
0.57 5
0.58 6
0.59 7
0.6 7
0.61 9
0.62 10
0.63 10
0.64 11
0.65 11
0.66 13
0.67 13
0.68 14
0.69 15
0.7 16
0.71 17
0.72 17
0.73 18
0.74 19
0.75 19
0.76 20
0.77 22
0.78 22
0.79 22
0.8 23
0.81 25
0.82 25
0.83 25
0.84 26
0.85 27
0.86 28
0.87 28
0.88 25
0.89 24
0.9 24
0.91 24
0.92 17
0.93 5
0.94 0
0.95 0
0.96 0
0.97 0
0.98 0
0.99 0
1 0
1.01 0
1.02 0
1.03 0
1.04 0
1.05 0
1.06 0
1.07 0
1.08 0
1.09 0
1.1 0
1.11 0
1.12 0
1.13 0
1.14 0
1.15 0
1.16 0
1.17 0
1.18 0
1.19 0
1.2 0
1.21 0
1.22 0
1.23 0
1.24 0
1.25 0
1.26 0
1.27 0
1.28 0
1.29 0
1.3 0
1.31 0
1.32 0
1.33 0
1.34 0
1.35 0
1.36 0
1.37 0
1.38 0
1.39 0
1.4 0
1.41 0
1.42 0
1.43 0
1.44 4
1.45 5
1.46 5
1.47 10
1.48 12
1.49 12
1.5 12
1.51 20
1.52 22
1.53 22
1.54 26
1.55 29
1.56 31
1.57 31
1.58 31
1.59 32
1.6 35
1.61 35
1.62 35
1.63 27
1.64 27
1.65 27
1.66 27
1.67 27
1.68 21
1.69 14
1.7 0
1.71 0
1.72 0
1.73 0
1.74 0
1.75 0
1.76 0
1.77 0
1.78 0
1.79 0
1.8 0
1.81 0
1.82 0
1.83 0
1.84 0
1.85 0
1.86 0
1.87 0
1.88 0
1.89 0
1.9 0
1.91 0
1.92 0
1.93 0
1.94 0
1.95 1
1.96 2
1.97 3
1.98 4
1.99 5
2 7
2.01 7
2.02 8
2.03 10
2.04 11
2.05 12
2.06 14
2.07 15
2.08 15
2.09 16
2.1 17
2.11 19
2.12 20
2.13 20
2.14 21
2.15 23
2.16 24
2.17 24
2.18 26
2.19 27
2.2 28
2.21 28
2.22 30
2.23 31
2.24 25
2.25 25
2.26 25
2.27 25
2.28 24
2.29 9
2.3 4
2.31 0
2.32 0
2.33 0
2.34 0
2.35 0
2.36 0
2.37 0
2.38 0
2.39 0
2.4 0
2.41 0
2.42 0
2.43 0
2.44 0
2.45 0
2.46 0
2.47 0
2.48 0
2.49 0
2.5 1
2.51 2
2.52 3
2.53 5
2.54 5
2.55 6
2.56 8
2.57 9
2.58 10
2.59 11
2.6 13
2.61 14
2.62 14
2.63 16
2.64 17
2.65 18
2.66 18
2.67 20
2.68 21
2.69 22
2.7 24
2.71 24
2.72 25
2.73 26
2.74 26
2.75 28
2.76 29
2.77 30
2.78 30
2.79 25
2.8 25
2.81 25
2.82 25
2.83 21
2.84 14
2.85 0
2.86 0
2.87 0
2.88 0
2.89 0
2.9 0
2.91 0
2.92 0
2.93 0
2.94 0
2.95 0
2.96 0
2.97 0
2.98 0
2.99 0
3 0
3.01 0
3.02 0
3.03 0
3.04 0
3.05 0
3.06 0
3.07 0
3.08 0
3.09 0
3.1 0
3.11 0
3.12 0
3.13 0
3.14 0
3.15 0
3.16 0
3.17 0
3.18 0
3.19 0
3.2 0
3.21 0
3.22 0
3.23 0
3.24 0
3.25 1
3.26 3
3.27 3
3.28 3
3.29 5
3.3 7
3.31 7
3.32 9
3.33 11
3.34 11
3.35 11
3.36 11
3.37 15
3.38 15
3.39 15
3.4 17
3.41 19
3.42 19
3.43 19
3.44 22
3.45 23
3.46 23
3.47 23
3.48 27
3.49 27
3.5 27
3.51 27
3.52 29
3.53 31
3.54 31
3.55 25
3.56 25
3.57 25
3.58 25
3.59 12
3.6 7
3.61 0
3.62 0
3.63 0
3.64 0
3.65 0
3.66 0
3.67 0
3.68 0
3.69 0
3.7 0
3.71 0
3.72 0
3.73 0
3.74 0
3.75 0
3.76 0
3.77 0
3.78 0
3.79 0
3.8 0
3.81 0
3.82 0
3.83 0
3.84 0
3.85 0
3.86 0
3.87 0
3.88 0
3.89 0
3.9 0
3.91 0
3.92 0
3.93 0
3.94 0
3.95 0
3.96 0
3.97 0
3.98 0
3.99 0
4 0
4.01 2
4.02 2
4.03 3
4.04 4
4.05 6
4.06 7
4.07 7
4.08 9
4.09 11
4.1 11
4.11 12
4.12 13
4.13 15
4.14 15
4.15 16
4.16 17
4.17 18
4.18 19
4.19 20
4.2 21
4.21 22
4.22 23
4.23 24
4.24 25
4.25 26
4.26 27
4.27 28
4.28 29
4.29 30
4.3 31
4.31 25
4.32 25
4.33 25
4.34 25
4.35 25
4.36 17
4.37 4
4.38 0
4.39 0
4.4 0
4.41 0
4.42 0
4.43 0
4.44 0
4.45 0
4.46 0
4.47 0
4.48 0
4.49 0
4.5 0
4.51 0
4.52 0
4.53 0
4.54 0
4.55 0
4.56 0
4.57 0
4.58 0
4.59 0
4.6 0
4.61 0
4.62 0
4.63 0
4.64 0
4.65 0
4.66 0
4.67 0
4.68 0
4.69 0
4.7 0
4.71 0
4.72 0
4.73 0
4.74 0
4.75 0
4.76 0
4.77 0
4.78 2
4.79 2
4.8 2
4.81 4
4.82 6
4.83 6
4.84 6
4.85 9
4.86 10
4.87 10
4.88 11
4.89 13
4.9 14
4.91 14
4.92 15
4.93 18
4.94 18
4.95 18
4.96 19
4.97 21
4.98 22
4.99 22
5 23
5.01 25
5.02 26
5.03 26
5.04 28
5.05 29
5.06 30
5.07 30
5.08 25
5.09 25
5.1 25
5.11 25
5.12 21
5.13 0
5.14 0
5.15 0
5.16 0
5.17 0
5.18 0
5.19 0
5.2 0
5.21 0
5.22 0
5.23 0
5.24 0
5.25 0
5.26 0
5.27 0
5.28 0
5.29 0
5.3 0
5.31 0
5.32 0
5.33 0
5.34 0
5.35 0
5.36 0
5.37 0
5.38 0
5.39 0
5.4 0
5.41 0
5.42 0
5.43 0
5.44 0
5.45 0
5.46 0
5.47 0
5.48 0
5.49 0
5.5 0
5.51 0
5.52 0
5.53 0
5.54 2
5.55 3
5.56 4
5.57 6
5.58 6
5.59 7
5.6 7
5.61 10
5.62 11
5.63 11
5.64 13
5.65 13
5.66 15
5.67 15
5.68 16
5.69 17
5.7 18
5.71 19
5.72 20
5.73 21
5.74 23
5.75 23
5.76 24
5.77 25
5.78 27
5.79 27
5.8 28
5.81 29
5.82 31
5.83 31
5.84 25
5.85 25
5.86 25
5.87 25
5.88 12
5.89 0
5.9 0
5.91 0
5.92 0
5.93 0
5.94 0
5.95 0
5.96 0
5.97 0
5.98 0
5.99 0
6 0
6.01 0
6.02 0
6.03 0
6.04 0
6.05 0
6.06 0
6.07 0
6.08 0
6.09 0
6.1 0
6.11 0
6.12 0
6.13 0
6.14 0
6.15 0
6.16 0
6.17 0
6.18 0
6.19 0
6.2 0
6.21 0
6.22 0
6.23 0
6.24 0
6.25 0
6.26 0
6.27 0
6.28 0
6.29 1
6.3 2
6.31 3
6.32 4
6.33 5
6.34 7
6.35 8
6.36 9
6.37 10
6.38 11
6.39 12
6.4 13
6.41 14
6.42 15
6.43 16
6.44 18
6.45 18
6.46 19
6.47 21
6.48 22
6.49 22
6.5 24
6.51 25
6.52 26
6.53 26
6.54 28
6.55 29
6.56 30
6.57 30
6.58 32
6.59 25
6.6 25
6.61 25
6.62 25
6.63 10
6.64 0
6.65 0
6.66 0
6.67 0
6.68 0
6.69 0
6.7 0
6.71 0
6.72 0
6.73 0
6.74 0
6.75 0
6.76 0
6.77 0
6.78 0
6.79 0
6.8 0
6.81 0
6.82 0
6.83 0
6.84 0
6.85 0
6.86 0
6.87 0
6.88 0
6.89 0
6.9 0
6.91 0
6.92 0
6.93 0
6.94 0
6.95 0
6.96 0
6.97 0
6.98 0
6.99 0
7 0
7.01 0
7.02 0
7.03 0
7.04 0
7.05 1
7.06 1
7.07 3
7.08 4
7.09 5
7.1 6
7.11 7
7.12 9
7.13 9
7.14 11
7.15 12
7.16 13
7.17 14
7.18 15
7.19 17
7.2 17
7.21 18
7.22 19
7.23 21
7.24 21
7.25 23
7.26 24
7.27 25
7.28 25
7.29 27
7.3 28
7.31 29
7.32 29
7.33 31
7.34 31
7.35 25
7.36 25
7.37 25
7.38 25
7.39 14
7.4 14
7.41 3
7.42 0
7.43 0
7.44 0
7.45 0
7.46 0
7.47 0
7.48 0
7.49 0
7.5 0
7.51 0
7.52 0
7.53 0
7.54 0
7.55 0
7.56 0
7.57 0
7.58 0
7.59 0
7.6 0
7.61 0
7.62 0
7.63 0
7.64 0
7.65 0
7.66 0
7.67 0
7.68 2
7.69 3
7.7 4
7.71 4
7.72 5
7.73 7
7.74 8
7.75 9
7.76 11
7.77 12
7.78 12
7.79 13
7.8 15
7.81 16
7.82 17
7.83 18
7.84 18
7.85 20
7.86 21
7.87 22
7.88 23
7.89 24
7.9 24
7.91 25
7.92 28
7.93 28
7.94 28
7.95 29
7.96 30
7.97 27
7.98 25
7.99 25
8 25
8.01 25
8.02 21
8.03 18
8.04 11
8.05 0
8.06 0
8.07 0
8.08 0
8.09 0
8.1 0
8.11 0
8.12 0
8.13 0
8.14 0
8.15 0
8.16 0
8.17 0
8.18 0
8.19 0
8.2 0
8.21 0
8.22 0
8.23 0
8.24 0
8.25 0
8.26 0
8.27 0
8.28 0
8.29 0
8.3 0
8.31 0
8.32 0
8.33 0
8.34 0
8.35 0
8.36 0
8.37 0
8.38 0
8.39 0
8.4 0
8.41 0
8.42 0
8.43 0
8.44 0
8.45 0
8.46 3
8.47 3
8.48 4
8.49 5
8.5 7
8.51 8
8.52 8
8.53 9
8.54 12
8.55 12
8.56 12
8.57 15
8.58 16
8.59 16
8.6 17
8.61 19
8.62 20
8.63 20
8.64 21
8.65 21
8.66 24
8.67 24
8.68 25
8.69 25
8.7 28
8.71 28
8.72 29
8.73 30
8.74 32
8.75 25
8.76 25
8.77 25
8.78 25
8.79 11
8.8 0
8.81 0
8.82 0
8.83 0
8.84 0
8.85 0
8.86 0
8.87 0
8.88 0
8.89 0
8.9 0
8.91 0
8.92 0
8.93 0
8.94 0
8.95 0
8.96 0
8.97 0
8.98 0
8.99 0
9 0
9.01 0
9.02 0
9.03 0
9.04 1
9.05 2
9.06 2
9.07 4
9.08 5
9.09 6
9.1 8
9.11 9
9.12 10
9.13 11
9.14 12
9.15 13
9.16 14
9.17 16
9.18 17
9.19 18
9.2 18
9.21 19
9.22 20
9.23 22
9.24 23
9.25 23
9.26 24
9.27 26
9.28 26
9.29 26
9.3 28
9.31 30
9.32 30
9.33 30
9.34 25
9.35 25
9.36 25
9.37 25
9.38 18
9.39 11
9.4 0
9.41 0
9.42 0
9.43 0
9.44 0
9.45 0
9.46 0
9.47 0
9.48 0
9.49 0
9.5 0
9.51 0
9.52 0
9.53 0
9.54 0
9.55 0
9.56 0
9.57 0
9.58 0
9.59 0
9.6 0
9.61 0
9.62 0
9.63 0
9.64 0
9.65 0
9.66 0
9.67 0
9.68 0
9.69 0
9.7 0
9.71 0
9.72 0
9.73 0
9.74 0
9.75 0
9.76 0
9.77 0
9.78 0
9.79 0
9.8 2
9.81 2
9.82 2
9.83 5
9.84 6
9.85 6
9.86 7
9.87 9
9.88 10
9.89 10
9.9 13
9.91 14
9.92 14
9.93 15
9.94 17
9.95 18
9.96 18
9.97 19
9.98 21
9.99 22
10 22
10.01 24
10.02 25
10.03 26
10.04 26
10.05 27
10.06 28
10.07 30
10.08 30
10.09 31
10.1 25
10.11 25
10.12 25
10.13 25
10.14 22
10.15 3
10.16 0
10.17 0
10.18 0
10.19 0
10.2 0
10.21 0
10.22 0
10.23 0
10.24 0
10.25 0
10.26 0
10.27 0
10.28 0
10.29 0
10.3 0
10.31 0
10.32 0
10.33 0
10.34 0
10.35 0
10.36 0
10.37 0
10.38 0
10.39 0
10.4 0
10.41 0
10.42 0
10.43 0
10.44 0
10.45 0
10.46 0
10.47 0
10.48 0
10.49 0
10.5 0
10.51 0
10.52 0
10.53 0
10.54 0
10.55 0
10.56 1
10.57 3
10.58 3
10.59 4
10.6 7
10.61 7
10.62 7
10.63 9
10.64 11
10.65 11
10.66 12
10.67 12
10.68 14
10.69 15
10.7 16
10.71 17
10.72 19
10.73 19
10.74 20
10.75 21
10.76 23
10.77 24
10.78 24
10.79 25
10.8 27
10.81 28
10.82 28
10.83 29
10.84 31
10.85 32
10.86 25
10.87 25
10.88 25
10.89 25
10.9 22
10.91 4
10.92 0
10.93 0
10.94 0
10.95 0
10.96 0
10.97 0
10.98 0
10.99 0
11 0
11.01 0
11.02 0
11.03 0
11.04 0
11.05 0
11.06 0
11.07 0
11.08 0
11.09 0
11.1 0
11.11 0
11.12 0
11.13 0
11.14 0
11.15 0
11.16 0
11.17 0
11.18 0
11.19 0
11.2 0
11.21 0
11.22 0
11.23 0
11.24 0
11.25 0
11.26 0
11.27 0
11.28 0
11.29 0
11.3 0
11.31 0
11.32 1
11.33 2
11.34 4
11.35 5
11.36 6
11.37 6
11.38 8
11.39 9
11.4 10
11.41 12
11.42 13
11.43 14
11.44 14
11.45 16
11.46 17
11.47 18
11.48 19
11.49 20
11.5 21
11.51 22
11.52 23
11.53 24
11.54 25
11.55 26
11.56 27
11.57 28
11.58 29
11.59 30
11.6 31
11.61 25
11.62 25
11.63 25
11.64 25
11.65 13
11.66 9
11.67 1
11.68 1
11.69 0
11.7 0
11.71 0
11.72 0
11.73 0
11.74 0
11.75 0
11.76 0
11.77 0
11.78 0
11.79 0
11.8 0
11.81 0
11.82 0
11.83 0
11.84 0
11.85 0
11.86 0
11.87 0
11.88 0
11.89 0
11.9 0
11.91 0
11.92 0
11.93 0
11.94 0
11.95 1
11.96 2
11.97 3
11.98 5
11.99 5
12 6
12.01 7
12.02 8
12.03 9
12.04 12
12.05 12
12.06 12
12.07 13
12.08 15
12.09 16
12.1 17
12.11 17
12.12 19
12.13 20
12.14 21
12.15 22
12.16 24
12.17 24
12.18 25
12.19 26
12.2 28
12.21 28
12.22 29
12.23 30
12.24 30
12.25 25
12.26 25
12.27 25
12.28 25
12.29 18
12.3 0
12.31 0
12.32 0
12.33 0
12.34 0
12.35 0
12.36 0
12.37 0
12.38 0
12.39 0
12.4 0
12.41 0
12.42 0
12.43 0
12.44 0
12.45 0
12.46 0
12.47 0
12.48 0
12.49 0
12.5 0
12.51 0
12.52 0
12.53 0
12.54 0
12.55 0
12.56 0
12.57 0
12.58 0
12.59 0
12.6 0
12.61 0
12.62 0
12.63 0
12.64 0
12.65 0
12.66 0
12.67 0
12.68 0
12.69 0
12.7 0
12.71 1
12.72 2
12.73 3
12.74 5
12.75 6
12.76 7
12.77 8
12.78 10
12.79 10
12.8 11
12.81 13
12.82 15
12.83 15
12.84 15
12.85 16
12.86 17
12.87 19
12.88 19
12.89 21
12.9 21
12.91 22
12.92 22
12.93 25
12.94 25
12.95 26
12.96 26
12.97 29
12.98 29
12.99 30
13 30
13.01 25
13.02 25
13.03 25
13.04 25
13.05 18
13.06 1
13.07 0
13.08 0
13.09 0
13.1 0
13.11 0
13.12 0
13.13 0
13.14 0
13.15 0
13.16 0
13.17 0
13.18 0
13.19 0
13.2 0
13.21 0
13.22 0
13.23 0
13.24 0
13.25 0
13.26 0
13.27 0
13.28 0
13.29 0
13.3 0
13.31 0
13.32 0
13.33 0
13.34 0
13.35 0
13.36 0
13.37 0
13.38 0
13.39 0
13.4 0
13.41 0
13.42 0
13.43 0
13.44 0
13.45 0
13.46 1
13.47 1
13.48 2
13.49 3
13.5 5
13.51 6
13.52 6
13.53 8
13.54 9
13.55 10
13.56 11
13.57 13
13.58 14
13.59 14
13.6 17
13.61 17
13.62 18
13.63 18
13.64 20
13.65 21
13.66 22
13.67 22
13.68 25
13.69 25
13.7 26
13.71 26
13.72 28
13.73 30
13.74 30
13.75 30
13.76 25
13.77 25
13.78 25
13.79 26
13.8 20
13.81 12
13.82 0
13.83 0
13.84 0
13.85 0
13.86 0
13.87 0
13.88 0
13.89 0
13.9 0
13.91 0
13.92 0
13.93 0
13.94 0
13.95 0
13.96 0
13.97 0
13.98 0
13.99 0
14 0
14.01 0
14.02 0
14.03 0
14.04 0
14.05 0
14.06 0
14.07 0
14.08 0
14.09 0
14.1 0
14.11 0
14.12 0
14.13 0
14.14 0
14.15 0
14.16 0
14.17 0
14.18 0
14.19 0
14.2 0
14.21 0
14.22 0
14.23 0
14.24 2
14.25 3
14.26 4
14.27 5
14.28 6
14.29 7
14.3 8
14.31 10
14.32 11
14.33 11
14.34 13
14.35 14
14.36 15
14.37 16
14.38 18
14.39 19
14.4 19
14.41 20
14.42 22
14.43 23
14.44 23
14.45 25
14.46 26
14.47 27
14.48 27
14.49 29
14.5 30
14.51 31
14.52 31
14.53 25
14.54 25
14.55 25
14.56 25
14.57 21
14.58 8
14.59 0
14.6 0
14.61 0
14.62 0
14.63 0
14.64 0
14.65 0
14.66 0
14.67 0
14.68 0
14.69 0
14.7 0
14.71 0
14.72 0
14.73 0
14.74 0
14.75 0
14.76 0
14.77 0
14.78 0
14.79 0
14.8 0
14.81 0
14.82 0
14.83 0
14.84 0
14.85 0
14.86 0
14.87 0
14.88 0
14.89 0
14.9 0
14.91 0
14.92 0
14.93 0
14.94 0
14.95 0
14.96 0
14.97 0
14.98 0
14.99 1
15 1
15.01 2
15.02 4
15.03 5
15.04 6
15.05 7
15.06 9
15.07 9
15.08 11
15.09 12
15.1 13
15.11 13
15.12 14
15.13 16
15.14 17
15.15 17
15.16 19
15.17 20
15.18 21
15.19 22
15.2 23
15.21 25
15.22 25
15.23 26
15.24 27
15.25 29
15.26 29
15.27 30
15.28 30
15.29 25
15.3 25
15.31 25
15.32 25
15.33 15
15.34 4
15.35 0
15.36 0
15.37 0
15.38 0
15.39 0
15.4 0
15.41 0
15.42 0
15.43 0
15.44 0
15.45 0
15.46 0
15.47 0
15.48 0
15.49 0
15.5 0
15.51 0
15.52 0
15.53 0
15.54 0
15.55 0
15.56 0
15.57 0
15.58 0
15.59 0
15.6 0
15.61 0
15.62 0
15.63 0
15.64 0
15.65 0
15.66 0
15.67 0
15.68 0
15.69 0
15.7 0
15.71 0
15.72 0
15.73 0
15.74 0
15.75 0
15.76 2
15.77 2
15.78 4
15.79 5
15.8 5
15.81 6
15.82 7
15.83 9
15.84 9
15.85 11
15.86 13
15.87 13
15.88 14
15.89 15
15.9 17
15.91 17
15.92 18
15.93 19
15.94 21
15.95 21
15.96 23
15.97 23
15.98 25
15.99 25
16 27
16.01 27
16.02 29
16.03 29
16.04 31
16.05 31
16.06 25
16.07 25
16.08 25
16.09 25
16.1 9
16.11 3
16.12 0
16.13 0
16.14 0
16.15 0
16.16 0
16.17 0
16.18 0
16.19 0
16.2 0
16.21 0
16.22 0
16.23 0
16.24 0
16.25 0
16.26 0
16.27 0
16.28 0
16.29 0
16.3 0
16.31 0
16.32 0
16.33 0
16.34 0
16.35 0
16.36 0
16.37 0
16.38 0
16.39 0
16.4 0
16.41 0
16.42 0
16.43 0
16.44 0
16.45 0
16.46 0
16.47 0
16.48 0
16.49 0
16.5 0
16.51 0
16.52 1
16.53 2
16.54 3
16.55 5
16.56 6
16.57 7
16.58 8
16.59 9
16.6 10
16.61 11
16.62 13
16.63 14
16.64 15
16.65 16
16.66 17
16.67 18
16.68 19
16.69 19
16.7 19
16.71 21
16.72 22
16.73 22
16.74 25
16.75 25
16.76 26
16.77 26
16.78 28
16.79 29
16.8 30
16.81 30
16.82 25
16.83 26
16.84 25
16.85 25
16.86 22
16.87 8
16.88 0
16.89 0
16.9 0
16.91 0
16.92 0
16.93 0
16.94 0
16.95 0
16.96 0
16.97 0
16.98 0
16.99 0
17 0
17.01 0
17.02 0
17.03 0
17.04 0
17.05 0
17.06 0
17.07 0
17.08 0
17.09 0
17.1 0
17.11 0
17.12 0
17.13 0
17.14 0
17.15 0
17.16 0
17.17 0
17.18 0
17.19 0
17.2 0
17.21 0
17.22 0
17.23 0
17.24 0
17.25 0
17.26 0
17.27 0
17.28 1
17.29 3
17.3 3
17.31 5
17.32 7
17.33 7
17.34 7
17.35 10
17.36 11
17.37 11
17.38 11
17.39 14
17.4 14
17.41 15
17.42 16
17.43 18
17.44 18
17.45 19
17.46 20
17.47 22
17.48 23
17.49 23
17.5 24
17.51 26
17.52 27
17.53 27
17.54 28
17.55 30
17.56 31
17.57 31
17.58 25
17.59 25
17.6 25
17.61 25
17.62 15
17.63 2
17.64 0
17.65 0
17.66 0
17.67 0
17.68 0
17.69 0
17.7 0
17.71 0
17.72 0
17.73 0
17.74 0
17.75 0
17.76 0
17.77 0
17.78 0
17.79 0
17.8 0
17.81 0
17.82 0
17.83 0
17.84 0
17.85 0
17.86 0
17.87 0
17.88 0
17.89 0
17.9 0
17.91 0
17.92 0
17.93 0
17.94 0
17.95 0
17.96 0
17.97 0
17.98 0
17.99 0
18 0
18.01 0
18.02 0
18.03 0
18.04 1
18.05 1
18.06 2
18.07 4
18.08 5
18.09 6
18.1 7
18.11 9
18.12 10
18.13 11
18.14 11
18.15 13
18.16 14
18.17 15
18.18 16
18.19 17
18.2 18
18.21 19
18.22 21
18.23 22
18.24 22
18.25 23
18.26 25
18.27 26
18.28 27
18.29 27
18.3 29
18.31 30
18.32 31
18.33 31
18.34 25
18.35 25
18.36 25
18.37 25
18.38 13
18.39 4
18.4 0
18.41 0
18.42 0
18.43 0
18.44 0
18.45 0
18.46 0
18.47 0
18.48 0
18.49 0
18.5 0
18.51 0
18.52 0
18.53 0
18.54 0
18.55 0
18.56 0
18.57 0
18.58 0
18.59 0
18.6 0
18.61 0
18.62 0
18.63 0
18.64 0
18.65 0
18.66 0
18.67 0
18.68 0
18.69 0
18.7 0
18.71 0
18.72 0
18.73 0
18.74 0
18.75 0
18.76 0
18.77 0
18.78 0
18.79 0
18.8 0
18.81 1
18.82 2
18.83 4
18.84 5
18.85 7
18.86 8
18.87 8
18.88 10
18.89 11
18.9 12
18.91 13
18.92 14
18.93 15
18.94 16
18.95 16
18.96 17
18.97 19
18.98 20
18.99 21
19 22
19.01 24
19.02 24
19.03 25
19.04 26
19.05 28
19.06 28
19.07 29
19.08 30
19.09 32
19.1 25
19.11 25
19.12 25
19.13 25
19.14 25
19.15 23
19.16 20
19.17 5
19.18 0
19.19 0
19.2 0
19.21 0
19.22 0
19.23 0
19.24 0
19.25 0
19.26 0
19.27 0
19.28 0
19.29 0
19.3 0
19.31 0
19.32 0
19.33 0
19.34 0
19.35 0
19.36 0
19.37 0
19.38 0
19.39 0
19.4 0
19.41 0
19.42 0
19.43 0
19.44 0
19.45 0
19.46 0
19.47 0
19.48 0
19.49 0
19.5 0
19.51 0
19.52 0
19.53 0
19.54 0
19.55 0
19.56 0
19.57 0
19.58 0
19.59 1
19.6 2
19.61 4
19.62 5
19.63 7
19.64 8
19.65 8
19.66 9
19.67 10
19.68 12
19.69 13
19.7 14
19.71 16
19.72 16
19.73 17
19.74 18
19.75 19
19.76 20
19.77 21
19.78 22
19.79 24
19.8 25
19.81 26
19.82 26
19.83 28
19.84 29
19.85 30
19.86 30
19.87 32
19.88 25
19.89 25
19.9 25
19.91 25
19.92 21
19.93 12
19.94 0
19.95 0
19.96 0
19.97 0
19.98 0
19.99 0
20 0
20.01 0
20.02 0
20.03 0
20.04 0
20.05 0
20.06 0
20.07 0
20.08 0
20.09 0
20.1 0
20.11 0
20.12 0
20.13 0
20.14 0
20.15 0
20.16 0
20.17 0
20.18 0
20.19 0
20.2 0
20.21 0
20.22 0
20.23 0
20.24 0
20.25 0
20.26 0
20.27 0
20.28 0
20.29 0
20.3 0
20.31 0
20.32 0
20.33 0
20.34 1
20.35 2
20.36 3
20.37 4
20.38 6
20.39 6
20.4 8
20.41 9
20.42 9
20.43 10
20.44 12
20.45 13
20.46 13
20.47 15
20.48 15
20.49 17
20.5 17
20.51 19
20.52 20
20.53 21
20.54 21
20.55 22
20.56 23
20.57 25
20.58 25
20.59 26
20.6 27
20.61 29
20.62 29
20.63 30
20.64 30
20.65 25
20.66 25
20.67 25
20.68 25
20.69 5
20.7 0
20.71 0
20.72 0
20.73 0
20.74 0
20.75 0
20.76 0
20.77 0
20.78 0
20.79 0
20.8 0
20.81 0
20.82 0
20.83 0
20.84 0
20.85 0
20.86 0
20.87 0
20.88 0
20.89 0
20.9 0
20.91 0
20.92 0
20.93 0
20.94 0
20.95 0
20.96 0
20.97 0
20.98 0
20.99 0
21 0
21.01 0
21.02 0
21.03 0
21.04 0
21.05 0
21.06 0
21.07 0
21.08 0
21.09 0
21.1 0
21.11 1
21.12 2
21.13 4
21.14 5
21.15 6
21.16 8
21.17 8
21.18 9
21.19 11
21.2 12
21.21 13
21.22 14
21.23 16
21.24 16
21.25 17
21.26 18
21.27 20
21.28 20
21.29 21
21.3 22
21.31 23
21.32 23
21.33 26
21.34 26
21.35 27
21.36 27
21.37 29
21.38 30
21.39 31
21.4 25
21.41 25
21.42 25
21.43 25
21.44 19
21.45 16
21.46 2
21.47 0
21.48 0
21.49 0
21.5 0
21.51 0
21.52 0
21.53 0
21.54 0
21.55 0
21.56 0
21.57 0
21.58 0
21.59 0
21.6 0
21.61 0
21.62 0
21.63 0
21.64 0
21.65 0
21.66 0
21.67 0
21.68 0
21.69 0
21.7 0
21.71 0
21.72 0
21.73 0
21.74 0
21.75 0
21.76 0
21.77 0
21.78 0
21.79 0
21.8 0
21.81 0
21.82 0
21.83 0
21.84 0
21.85 0
21.86 0
21.87 1
21.88 2
21.89 3
21.9 4
21.91 6
21.92 6
21.93 8
21.94 9
21.95 10
21.96 11
21.97 12
21.98 14
21.99 14
22 16
22.01 17
22.02 18
22.03 19
22.04 20
22.05 21
22.06 22
22.07 23
22.08 24
22.09 25
22.1 26
22.11 27
22.12 28
22.13 29
22.14 30
22.15 31
22.16 26
22.17 25
22.18 25
22.19 25
22.2 14
22.21 8
22.22 2
22.23 0
22.24 0
22.25 0
22.26 0
22.27 0
22.28 0
22.29 0
22.3 0
22.31 0
22.32 0
22.33 0
22.34 0
22.35 0
22.36 0
22.37 0
22.38 0
22.39 0
22.4 0
22.41 0
22.42 0
22.43 0
22.44 0
22.45 0
22.46 0
22.47 0
22.48 0
22.49 0
22.5 0
22.51 0
22.52 0
22.53 0
22.54 0
22.55 0
22.56 0
22.57 0
22.58 0
22.59 0
22.6 0
22.61 0
22.62 0
22.63 0
22.64 2
22.65 2
22.66 3
22.67 5
22.68 6
22.69 7
22.7 8
22.71 10
22.72 10
22.73 12
22.74 13
22.75 14
22.76 15
22.77 16
22.78 17
22.79 18
22.8 19
22.81 20
22.82 22
22.83 22
22.84 23
22.85 24
22.86 26
22.87 26
22.88 28
22.89 28
22.9 30
22.91 30
22.92 32
22.93 25
22.94 26
22.95 25
22.96 25
22.97 10
22.98 0
22.99 0
23 0
23.01 0
23.02 0
23.03 0
23.04 0
23.05 0
23.06 0
23.07 0
23.08 0
23.09 0
23.1 0
23.11 0
23.12 0
23.13 0
23.14 0
23.15 0
23.16 0
23.17 0
23.18 0
23.19 0
23.2 0
23.21 0
23.22 0
23.23 0
23.24 0
23.25 0
23.26 1
23.27 3
23.28 3
23.29 4
23.3 5
23.31 6
23.32 8
23.33 8
23.34 10
23.35 11
23.36 12
23.37 12
23.38 13
23.39 16
23.4 16
23.41 16
23.42 17
23.43 20
23.44 20
23.45 21
23.46 22
23.47 24
23.48 24
23.49 25
23.5 25
23.51 27
23.52 27
23.53 29
23.54 29
23.55 31
23.56 25
23.57 25
23.58 25
23.59 25
23.6 18
23.61 0
23.62 0
23.63 0
23.64 0
23.65 0
23.66 0
23.67 0
23.68 0
23.69 0
23.7 0
23.71 0
23.72 0
23.73 0
23.74 0
23.75 0
23.76 0
23.77 0
23.78 0
23.79 0
23.8 0
23.81 0
23.82 0
23.83 0
23.84 0
23.85 0
23.86 0
23.87 0
23.88 0
23.89 0
23.9 0
23.91 0
23.92 0
23.93 0
23.94 0
23.95 0
23.96 0
23.97 0
23.98 0
23.99 0
24 0
24.01 0
24.02 0
24.03 0
24.04 2
24.05 3
24.06 4
24.07 5
24.08 7
24.09 8
24.1 8
24.11 10
24.12 11
24.13 12
24.14 13
24.15 15
24.16 16
24.17 16
24.18 18
24.19 19
24.2 20
24.21 20
24.22 22
24.23 23
24.24 24
24.25 25
24.26 26
24.27 27
24.28 28
24.29 29
24.3 30
24.31 31
24.32 25
24.33 25
24.34 25
24.35 25
24.36 23
24.37 19
24.38 12
24.39 0
24.4 0
24.41 0
24.42 0
24.43 0
24.44 0
24.45 0
24.46 0
24.47 0
24.48 0
24.49 0
24.5 0
24.51 0
24.52 0
24.53 0
24.54 0
24.55 0
24.56 0
24.57 0
24.58 0
24.59 0
24.6 0
24.61 0
24.62 0
24.63 0
24.64 0
24.65 0
24.66 0
24.67 0
24.68 0
24.69 0
24.7 0
24.71 0
24.72 0
24.73 0
24.74 0
24.75 0
24.76 0
24.77 0
24.78 0
24.79 0
24.8 2
24.81 3
24.82 4
24.83 4
24.84 6
24.85 7
24.86 8
24.87 9
24.88 10
24.89 12
24.9 12
24.91 14
24.92 15
24.93 16
24.94 17
24.95 18
24.96 20
24.97 20
24.98 21
24.99 22
25 24
25.01 24
25.02 25
25.03 26
25.04 28
25.05 28
25.06 29
25.07 30
25.08 32
25.09 25
25.1 25
25.11 25
25.12 25
25.13 25
25.14 16
25.15 5
25.16 0
25.17 0
25.18 0
25.19 0
25.2 0
25.21 0
25.22 0
25.23 0
25.24 0
25.25 0
25.26 0
25.27 0
25.28 0
25.29 0
25.3 0
25.31 0
25.32 0
25.33 0
25.34 0
25.35 0
25.36 0
25.37 0
25.38 0
25.39 0
25.4 0
25.41 0
25.42 0
25.43 0
25.44 0
25.45 0
25.46 0
25.47 0
25.48 0
25.49 0
25.5 0
25.51 0
25.52 0
25.53 0
25.54 0
25.55 0
25.56 1
25.57 2
25.58 3
25.59 4
25.6 6
25.61 6
25.62 7
25.63 9
25.64 10
25.65 11
25.66 11
25.67 13
25.68 13
25.69 15
25.7 16
25.71 17
25.72 18
25.73 18
25.74 20
25.75 21
25.76 22
25.77 22
25.78 24
25.79 25
25.8 26
25.81 26
25.82 29
25.83 29
25.84 30
25.85 31
25.86 25
25.87 25
25.88 25
25.89 25
25.9 15
25.91 0
25.92 0
25.93 0
25.94 0
25.95 0
25.96 0
25.97 0
25.98 0
25.99 0
26 0
26.01 0
26.02 0
26.03 0
26.04 0
26.05 0
26.06 0
26.07 0
26.08 0
26.09 0
26.1 0
26.11 0
26.12 0
26.13 0
26.14 0
26.15 0
26.16 0
26.17 0
26.18 0
26.19 0
26.2 0
26.21 0
26.22 0
26.23 0
26.24 0
26.25 0
26.26 0
26.27 0
26.28 0
26.29 0
26.3 0
26.31 0
26.32 0
26.33 1
26.34 2
26.35 3
26.36 5
26.37 6
26.38 6
26.39 7
26.4 9
26.41 10
26.42 11
26.43 13
26.44 15
26.45 14
26.46 15
26.47 17
26.48 18
26.49 18
26.5 20
26.51 21
26.52 22
26.53 23
26.54 23
26.55 24
26.56 26
26.57 27
26.58 28
26.59 28
26.6 30
26.61 31
26.62 26
26.63 25
26.64 25
26.65 25
26.66 25
26.67 13
26.68 1
26.69 0
26.7 0
26.71 0
26.72 0
26.73 0
26.74 0
26.75 0
26.76 0
26.77 0
26.78 0
26.79 0
26.8 0
26.81 0
26.82 0
26.83 0
26.84 0
26.85 0
26.86 0
26.87 0
26.88 0
26.89 0
26.9 0
26.91 0
26.92 0
26.93 0
26.94 0
26.95 0
26.96 0
26.97 0
26.98 0
26.99 0
27 0
27.01 0
27.02 0
27.03 0
27.04 0
27.05 0
27.06 0
27.07 0
27.08 0
27.09 1
27.1 2
27.11 4
27.12 4
27.13 5
27.14 6
27.15 7
27.16 9
27.17 10
27.18 11
27.19 11
27.2 13
27.21 14
27.22 16
27.23 15
27.24 17
27.25 18
27.26 19
27.27 20
27.28 21
27.29 22
27.3 23
27.31 24
27.32 25
27.33 26
27.34 27
27.35 28
27.36 29
27.37 30
27.38 31
27.39 25
27.4 25
27.41 25
27.42 25
27.43 12
27.44 0
27.45 0
27.46 0
27.47 0
27.48 0
27.49 0
27.5 0
27.51 0
27.52 0
27.53 0
27.54 0
27.55 0
27.56 0
27.57 0
27.58 0
27.59 0
27.6 0
27.61 0
27.62 0
27.63 0
27.64 0
27.65 0
27.66 0
27.67 0
27.68 0
27.69 0
27.7 0
27.71 0
27.72 0
27.73 0
27.74 0
27.75 0
27.76 0
27.77 0
27.78 0
27.79 0
27.8 0
27.81 0
27.82 0
27.83 0
27.84 0
27.85 0
27.86 1
27.87 2
27.88 3
27.89 5
27.9 6
27.91 7
27.92 8
27.93 10
27.94 10
27.95 11
27.96 13
27.97 14
27.98 15
27.99 16
28 18
28.01 18
28.02 19
28.03 20
28.04 22
28.05 22
28.06 23
28.07 24
28.08 26
28.09 26
28.1 27
28.11 29
28.12 30
28.13 30
28.14 31
28.15 25
28.16 25
28.17 25
28.18 25
28.19 8
28.2 0
28.21 0
28.22 0
28.23 0
28.24 0
28.25 0
28.26 0
28.27 0
28.28 0
28.29 0
28.3 0
28.31 0
28.32 0
28.33 0
28.34 0
28.35 0
28.36 0
28.37 0
28.38 0
28.39 0
28.4 0
28.41 0
28.42 0
28.43 0
28.44 0
28.45 0
28.46 0
28.47 0
28.48 0
28.49 0
28.5 0
28.51 0
28.52 0
28.53 0
28.54 0
28.55 0
28.56 0
28.57 0
28.58 0
28.59 0
28.6 0
28.61 0
28.62 1
28.63 2
28.64 3
28.65 5
28.66 5
28.67 7
28.68 7
28.69 8
28.7 9
28.71 11
28.72 12
28.73 13
28.74 14
28.75 15
28.76 16
28.77 17
28.78 20
28.79 20
28.8 20
28.81 21
28.82 23
28.83 24
28.84 24
28.85 25
28.86 27
28.87 28
28.88 28
28.89 29
28.9 31
28.91 30
28.92 25
28.93 25
28.94 25
28.95 25
28.96 9
28.97 7
28.98 0
28.99 0
29 0
29.01 0
29.02 0
29.03 0
29.04 0
29.05 0
29.06 0
29.07 0
29.08 0
29.09 0
29.1 0
29.11 0
29.12 0
29.13 0
29.14 0
29.15 0
29.16 0
29.17 0
29.18 0
29.19 0
29.2 0
29.21 0
29.22 0
29.23 0
29.24 0
29.25 0
29.26 0
29.27 0
29.28 0
29.29 0
29.3 0
29.31 0
29.32 0
29.33 0
29.34 0
29.35 0
29.36 0
29.37 0
29.38 1
29.39 1
29.4 3
29.41 4
29.42 5
29.43 7
29.44 7
29.45 9
29.46 10
29.47 11
29.48 12
29.49 13
29.5 15
29.51 15
29.52 17
29.53 18
29.54 19
29.55 20
29.56 21
29.57 21
29.58 22
29.59 23
29.6 25
29.61 25
29.62 26
29.63 27
29.64 29
29.65 29
29.66 30
29.67 31
29.68 25
29.69 25
29.7 25
29.71 25
29.72 13
29.73 7
29.74 0
29.75 0
29.76 0
29.77 0
29.78 0
29.79 0
29.8 0
29.81 0
29.82 0
29.83 0
29.84 0
29.85 0
29.86 0
29.87 0
29.88 0
29.89 0
29.9 0
29.91 0
29.92 0
29.93 0
29.94 0
29.95 0
29.96 0
29.97 0
29.98 0
29.99 0
30 0
30.01 0
30.02 0
30.03 0
30.04 0
30.05 0
30.06 0
30.07 0
30.08 0
30.09 0
30.1 0
30.11 0
30.12 0
30.13 0
30.14 0
30.15 1
30.16 2
30.17 3
30.18 4
30.19 5
30.2 7
30.21 7
30.22 8
30.23 9
30.24 11
30.25 12
30.26 13
30.27 15
30.28 15
30.29 16
30.3 17
30.31 19
30.32 19
30.33 20
30.34 22
30.35 23
30.36 24
30.37 25
30.38 26
30.39 27
30.4 28
30.41 29
30.42 30
30.43 31
30.44 28
30.45 25
30.46 25
30.47 25
30.48 25
30.49 8
30.5 8
30.51 0
30.52 0
30.53 0
30.54 0
30.55 0
30.56 0
30.57 0
30.58 0
30.59 0
30.6 0
30.61 0
30.62 0
30.63 0
30.64 0
30.65 0
30.66 0
30.67 0
30.68 0
30.69 0
30.7 0
30.71 0
30.72 0
30.73 0
30.74 0
30.75 0
30.76 0
30.77 0
30.78 0
30.79 0
30.8 0
30.81 0
30.82 0
30.83 0
30.84 0
30.85 0
30.86 0
30.87 0
30.88 0
30.89 0
30.9 0
30.91 1
30.92 2
30.93 2
30.94 5
30.95 5
30.96 6
30.97 7
30.98 9
30.99 10
31 10
31.01 12
31.02 13
31.03 14
31.04 15
31.05 17
31.06 18
31.07 18
31.08 19
31.09 20
31.1 21
31.11 22
31.12 23
31.13 24
31.14 26
31.15 26
31.16 27
31.17 28
31.18 30
31.19 30
31.2 31
31.21 25
31.22 25
31.23 25
31.24 25
31.25 20
31.26 9
31.27 0
31.28 0
31.29 0
31.3 0
31.31 0
31.32 0
31.33 0
31.34 0
31.35 0
31.36 0
31.37 0
31.38 0
31.39 0
31.4 0
31.41 0
31.42 0
31.43 0
31.44 0
31.45 0
31.46 0
31.47 0
31.48 0
31.49 0
31.5 0
31.51 0
31.52 0
31.53 0
31.54 0
31.55 0
31.56 0
31.57 0
31.58 0
31.59 0
31.6 0
31.61 0
31.62 0
31.63 0
31.64 0
31.65 0
31.66 0
31.67 1
31.68 1
31.69 2
31.7 3
31.71 5
31.72 6
31.73 6
31.74 8
31.75 9
31.76 10
31.77 11
31.78 12
31.79 14
31.8 14
31.81 15
31.82 16
31.83 18
31.84 18
31.85 20
31.86 20
31.87 22
31.88 23
31.89 24
31.9 24
31.91 26
31.92 27
31.93 28
31.94 28
31.95 30
31.96 31
31.97 26
31.98 25
31.99 25
32 25
32.01 25
32.02 25
32.03 12
32.04 9
32.05 0
32.06 0
32.07 0
32.08 0
32.09 0
32.1 0
32.11 0
32.12 0
32.13 0
32.14 0
32.15 0
32.16 0
32.17 0
32.18 0
32.19 0
32.2 0
32.21 0
32.22 0
32.23 0
32.24 0
32.25 0
32.26 0
32.27 0
32.28 0
32.29 0
32.3 0
32.31 0
32.32 0
32.33 0
32.34 0
32.35 0
32.36 0
32.37 0
32.38 0
32.39 0
32.4 0
32.41 0
32.42 0
32.43 0
32.44 0
32.45 1
32.46 1
32.47 3
32.48 4
32.49 5
32.5 6
32.51 8
32.52 9
32.53 9
32.54 11
32.55 12
32.56 13
32.57 14
32.58 15
32.59 17
32.6 17
32.61 19
32.62 20
32.63 21
32.64 21
32.65 23
32.66 24
32.67 25
32.68 26
32.69 27
32.7 28
32.71 29
32.72 30
32.73 31
32.74 25
32.75 25
32.76 25
32.77 25
32.78 21
32.79 6
32.8 4
32.81 0
32.82 0
32.83 0
32.84 0
32.85 0
32.86 0
32.87 0
32.88 0
32.89 0
32.9 0
32.91 0
32.92 0
32.93 0
32.94 0
32.95 0
32.96 0
32.97 0
32.98 0
32.99 0
33 0
33.01 0
33.02 0
33.03 0
33.04 0
33.05 0
33.06 0
33.07 0
33.08 0
33.09 1
33.1 3
33.11 3
33.12 5
33.13 7
33.14 7
33.15 7
33.16 10
33.17 10
33.18 11
33.19 12
33.2 13
33.21 15
33.22 15
33.23 16
33.24 18
33.25 19
33.26 19
33.27 21
33.28 22
33.29 23
33.3 24
33.31 25
33.32 26
33.33 27
33.34 28
33.35 29
33.36 31
33.37 31
33.38 25
33.39 25
33.4 25
33.41 25
33.42 20
33.43 11
33.44 4
33.45 0
33.46 0
33.47 0
33.48 0
33.49 0
33.5 0
33.51 0
33.52 0
33.53 0
33.54 0
33.55 0
33.56 0
33.57 0
33.58 0
33.59 0
33.6 0
33.61 0
33.62 0
33.63 0
33.64 0
33.65 0
33.66 0
33.67 0
33.68 0
33.69 0
33.7 0
33.71 0
33.72 0
33.73 0
33.74 0
33.75 0
33.76 0
33.77 0
33.78 0
33.79 0
33.8 0
33.81 0
33.82 0
33.83 0
33.84 1
33.85 1
33.86 3
33.87 4
33.88 5
33.89 6
33.9 8
33.91 9
33.92 9
33.93 10
33.94 12
33.95 13
33.96 13
33.97 15
33.98 17
33.99 17
34 18
34.01 19
34.02 20
34.03 22
34.04 21
34.05 22
34.06 24
34.07 25
34.08 25
34.09 26
34.1 28
34.11 29
34.12 29
34.13 30
34.14 25
34.15 25
34.16 25
34.17 25
34.18 24
34.19 5
34.2 0
34.21 0
34.22 0
34.23 0
34.24 0
34.25 0
34.26 0
34.27 0
34.28 0
34.29 0
34.3 0
34.31 0
34.32 0
34.33 0
34.34 0
34.35 0
34.36 0
34.37 0
34.38 0
34.39 0
34.4 0
34.41 0
34.42 0
34.43 0
34.44 0
34.45 0
34.46 0
34.47 0
34.48 0
34.49 0
34.5 0
34.51 0
34.52 0
34.53 0
34.54 0
34.55 0
34.56 0
34.57 0
34.58 0
34.59 0
34.6 0
34.61 0
34.62 1
34.63 3
34.64 4
34.65 5
34.66 6
34.67 7
34.68 9
34.69 9
34.7 11
34.71 12
34.72 13
34.73 14
34.74 15
34.75 16
34.76 17
34.77 19
34.78 19
34.79 21
34.8 21
34.81 24
34.82 24
34.83 25
34.84 25
34.85 27
34.86 28
34.87 29
34.88 30
34.89 31
34.9 31
34.91 25
34.92 25
34.93 25
34.94 25
34.95 6
34.96 6
34.97 2
34.98 2
34.99 0
35 0
35.01 0
35.02 0
35.03 0
35.04 0
35.05 0
35.06 0
35.07 0
35.08 0
35.09 0
35.1 0
35.11 0
35.12 0
35.13 0
35.14 0
35.15 0
35.16 0
35.17 0
35.18 0
35.19 0
35.2 0
35.21 0
35.22 0
35.23 0
35.24 0
35.25 0
35.26 0
35.27 0
35.28 0
35.29 0
35.3 0
35.31 0
35.32 0
35.33 0
35.34 0
35.35 0
35.36 0
35.37 0
35.38 0
35.39 0
35.4 2
35.41 4
35.42 4
35.43 6
35.44 7
35.45 8
35.46 9
35.47 10
35.48 12
35.49 12
35.5 14
35.51 15
35.52 16
35.53 16
35.54 18
35.55 19
35.56 20
35.57 21
35.58 22
35.59 24
35.6 24
35.61 26
35.62 26
35.63 28
35.64 28
35.65 29
35.66 29
35.67 31
35.68 25
35.69 25
35.7 25
35.71 26
35.72 17
35.73 5
35.74 0
35.75 0
35.76 0
35.77 0
35.78 0
35.79 0
35.8 0
35.81 0
35.82 0
35.83 0
35.84 0
35.85 0
35.86 0
35.87 0
35.88 0
35.89 0
35.9 0
35.91 0
35.92 0
35.93 0
35.94 0
35.95 0
35.96 0
35.97 0
35.98 0
35.99 0
36 0
36.01 0
36.02 0
36.03 0
36.04 0
36.05 0
36.06 0
36.07 0
36.08 0
36.09 0
36.1 0
36.11 0
36.12 0
36.13 0
36.14 0
36.15 0
36.16 2
36.17 3
36.18 4
36.19 5
36.2 6
36.21 7
36.22 9
36.23 10
36.24 11
36.25 12
36.26 13
36.27 14
36.28 15
36.29 16
36.3 18
36.31 19
36.32 19
36.33 20
36.34 21
36.35 23
36.36 23
36.37 25
36.38 25
36.39 27
36.4 27
36.41 28
36.42 29
36.43 31
36.44 31
36.45 25
36.46 25
36.47 25
36.48 25
36.49 19
36.5 13
36.51 8
36.52 0
36.53 0
36.54 0
36.55 0
36.56 0
36.57 0
36.58 0
36.59 0
36.6 0
36.61 0
36.62 0
36.63 0
36.64 0
36.65 0
36.66 0
36.67 0
36.68 0
36.69 0
36.7 0
36.71 0
36.72 0
36.73 0
36.74 0
36.75 0
36.76 0
36.77 0
36.78 0
36.79 0
36.8 0
36.81 0
36.82 0
36.83 0
36.84 0
36.85 0
36.86 0
36.87 0
36.88 0
36.89 0
36.9 0
36.91 0
36.92 2
36.93 2
36.94 3
36.95 4
36.96 5
36.97 7
36.98 7
36.99 8
37 9
37.01 11
37.02 12
37.03 13
37.04 14
37.05 15
37.06 16
37.07 17
37.08 18
37.09 19
37.1 21
37.11 21
37.12 23
37.13 24
37.14 25
37.15 25
37.16 27
37.17 28
37.18 29
37.19 29
37.2 31
37.21 32
37.22 25
37.23 25
37.24 25
37.25 26
37.26 18
37.27 12
37.28 3
37.29 0
37.3 0
37.31 0
37.32 0
37.33 0
37.34 0
37.35 0
37.36 0
37.37 0
37.38 0
37.39 0
37.4 0
37.41 0
37.42 0
37.43 0
37.44 0
37.45 0
37.46 0
37.47 0
37.48 0
37.49 0
37.5 0
37.51 0
37.52 0
37.53 0
37.54 0
37.55 0
37.56 0
37.57 0
37.58 0
37.59 0
37.6 0
37.61 0
37.62 0
37.63 0
37.64 0
37.65 0
37.66 0
37.67 0
37.68 0
37.69 1
37.7 2
37.71 4
37.72 5
37.73 6
37.74 7
37.75 8
37.76 10
37.77 10
37.78 11
37.79 12
37.8 14
37.81 14
37.82 15
37.83 17
37.84 18
37.85 19
37.86 19
37.87 21
37.88 22
37.89 23
37.9 23
37.91 25
37.92 26
37.93 27
37.94 28
37.95 29
37.96 30
37.97 31
37.98 25
37.99 25
38 25
38.01 25
38.02 21
38.03 13
38.04 0
38.05 0
38.06 0
38.07 0
38.08 0
38.09 0
38.1 0
38.11 0
38.12 0
38.13 0
38.14 0
38.15 0
38.16 0
38.17 0
38.18 0
38.19 0
38.2 0
38.21 0
38.22 0
38.23 0
38.24 0
38.25 0
38.26 0
38.27 0
38.28 0
38.29 0
38.3 0
38.31 0
38.32 0
38.33 0
38.34 0
38.35 0
38.36 0
38.37 0
38.38 0
38.39 0
38.4 0
38.41 0
38.42 0
38.43 0
38.44 0
38.45 2
38.46 2
38.47 3
38.48 4
38.49 5
38.5 7
38.51 8
38.52 9
38.53 9
38.54 10
38.55 11
38.56 13
38.57 14
38.58 14
38.59 16
38.6 17
38.61 18
38.62 19
38.63 20
38.64 21
38.65 22
38.66 23
38.67 25
38.68 25
38.69 26
38.7 27
38.71 29
38.72 30
38.73 30
38.74 31
38.75 25
38.76 25
38.77 25
38.78 25
38.79 19
38.8 9
38.81 0
38.82 0
38.83 0
38.84 0
38.85 0
38.86 0
38.87 0
38.88 0
38.89 0
38.9 0
38.91 0
38.92 0
38.93 0
38.94 0
38.95 0
38.96 0
38.97 0
38.98 0
38.99 0
39 0
39.01 0
39.02 0
39.03 0
39.04 0
39.05 0
39.06 0
39.07 0
39.08 0
39.09 0
39.1 0
39.11 0
39.12 0
39.13 0
39.14 0
39.15 0
39.16 0
39.17 0
39.18 0
39.19 0
39.2 0
39.21 0
39.22 1
39.23 2
39.24 4
39.25 4
39.26 6
39.27 6
39.28 7
39.29 9
39.3 10
39.31 11
39.32 11
39.33 13
39.34 14
39.35 15
39.36 16
39.37 18
39.38 19
39.39 19
39.4 20
39.41 21
39.42 22
39.43 23
39.44 24
39.45 25
39.46 26
39.47 27
39.48 28
39.49 29
39.5 30
39.51 31
39.52 25
39.53 25
39.54 25
39.55 25
39.56 12
39.57 1
39.58 0
39.59 0
39.6 0
39.61 0
39.62 0
39.63 0
39.64 0
39.65 0
39.66 0
39.67 0
39.68 0
39.69 0
39.7 0
39.71 0
39.72 0
39.73 0
39.74 0
39.75 0
39.76 0
39.77 0
39.78 0
39.79 0
39.8 0
39.81 0
39.82 0
39.83 0
39.84 0
39.85 0
39.86 0
39.87 0
39.88 0
39.89 0
39.9 0
39.91 0
39.92 0
39.93 0
39.94 0
39.95 0
39.96 0
39.97 0
39.98 1
39.99 1
40 2
40.01 4
40.02 5
40.03 6
40.04 8
40.05 9
40.06 9
40.07 11
40.08 12
40.09 13
40.1 14
40.11 16
40.12 17
40.13 17
40.14 17
40.15 19
40.16 20
40.17 21
40.18 22
40.19 23
40.2 25
40.21 25
40.22 26
40.23 27
40.24 29
40.25 29
40.26 30
40.27 31
40.28 25
40.29 25
40.3 25
40.31 25
40.32 17
40.33 5
40.34 5
40.35 0
40.36 0
40.37 0
40.38 0
40.39 0
40.4 0
40.41 0
40.42 0
40.43 0
40.44 0
40.45 0
40.46 0
40.47 0
40.48 0
40.49 0
40.5 0
40.51 0
40.52 0
40.53 0
40.54 0
40.55 0
40.56 0
40.57 0
40.58 0
40.59 0
40.6 0
40.61 0
40.62 0
40.63 0
40.64 0
40.65 0
40.66 0
40.67 0
40.68 0
40.69 0
40.7 0
40.71 0
40.72 0
40.73 0
40.74 0
40.75 0
40.76 1
40.77 3
40.78 3
40.79 5
40.8 7
40.81 7
40.82 9
40.83 10
40.84 11
40.85 12
40.86 13
40.87 15
40.88 15
40.89 17
40.9 17
40.91 19
40.92 19
40.93 20
40.94 21
40.95 23
40.96 23
40.97 24
40.98 25
40.99 27
41 27
41.01 28
41.02 29
41.03 31
41.04 31
41.05 25
41.06 25
41.07 25
41.08 25
41.09 21
41.1 21
41.11 7
41.12 0
41.13 0
41.14 0
41.15 0
41.16 0
41.17 0
41.18 0
41.19 0
41.2 0
41.21 0
41.22 0
41.23 0
41.24 0
41.25 0
41.26 0
41.27 0
41.28 0
41.29 0
41.3 0
41.31 0
41.32 0
41.33 0
41.34 0
41.35 0
41.36 0
41.37 0
41.38 0
41.39 1
41.4 2
41.41 3
41.42 4
41.43 6
41.44 7
41.45 8
41.46 9
41.47 10
41.48 11
41.49 12
41.5 13
41.51 15
41.52 16
41.53 17
41.54 18
41.55 19
41.56 20
41.57 21
41.58 22
41.59 23
41.6 24
41.61 25
41.62 26
41.63 26
41.64 27
41.65 29
41.66 29
41.67 30
41.68 26
41.69 25
41.7 25
41.71 25
41.72 25
41.73 7
41.74 1
41.75 1
41.76 0
41.77 0
41.78 0
41.79 0
41.8 0
41.81 0
41.82 0
41.83 0
41.84 0
41.85 0
41.86 0
41.87 0
41.88 0
41.89 0
41.9 0
41.91 0
41.92 0
41.93 0
41.94 0
41.95 0
41.96 0
41.97 0
41.98 0
41.99 0
42 0
42.01 0
42.02 0
42.03 0
42.04 1
42.05 2
42.06 3
42.07 4
42.08 5
42.09 7
42.1 7
42.11 9
42.12 10
42.13 11
42.14 11
42.15 12
42.16 14
42.17 15
42.18 16
42.19 17
42.2 19
42.21 19
42.22 20
42.23 20
42.24 22
42.25 22
42.26 24
42.27 24
42.28 26
42.29 26
42.3 28
42.31 28
42.32 30
42.33 30
42.34 25
42.35 25
42.36 25
42.37 25
42.38 20
42.39 20
42.4 11
42.41 6
42.42 0
42.43 0
42.44 0
42.45 0
42.46 0
42.47 0
42.48 0
42.49 0
42.5 0
42.51 0
42.52 0
42.53 0
42.54 0
42.55 0
42.56 0
42.57 0
42.58 0
42.59 0
42.6 0
42.61 0
42.62 0
42.63 0
42.64 0
42.65 0
42.66 0
42.67 0
42.68 0
42.69 0
42.7 0
42.71 1
42.72 3
42.73 4
42.74 5
42.75 6
42.76 7
42.77 8
42.78 9
42.79 11
42.8 12
42.81 13
42.82 14
42.83 15
42.84 16
42.85 16
42.86 16
42.87 19
42.88 20
42.89 20
42.9 21
42.91 23
42.92 24
42.93 24
42.94 25
42.95 27
42.96 28
42.97 28
42.98 29
42.99 31
43 31
43.01 25
43.02 25
43.03 25
43.04 25
43.05 18
43.06 18
43.07 12
43.08 0
43.09 0
43.1 0
43.11 0
43.12 0
43.13 0
43.14 0
43.15 0
43.16 0
43.17 0
43.18 0
43.19 0
43.2 0
43.21 0
43.22 0
43.23 0
43.24 0
43.25 0
43.26 0
43.27 0
43.28 0
43.29 0
43.3 0
43.31 0
43.32 0
43.33 0
43.34 0
43.35 0
43.36 0
43.37 0
43.38 0
43.39 0
43.4 0
43.41 0
43.42 0
43.43 0
43.44 0
43.45 0
43.46 0
43.47 0
43.48 1
43.49 2
43.5 3
43.51 5
43.52 6
43.53 7
43.54 8
43.55 9
43.56 10
43.57 11
43.58 13
43.59 14
43.6 15
43.61 16
43.62 17
43.63 18
43.64 19
43.65 20
43.66 21
43.67 22
43.68 23
43.69 25
43.7 25
43.71 26
43.72 27
43.73 29
43.74 29
43.75 30
43.76 31
43.77 25
43.78 25
43.79 25
43.8 25
43.81 11
43.82 0
43.83 0
43.84 0
43.85 0
43.86 0
43.87 0
43.88 0
43.89 0
43.9 0
43.91 0
43.92 0
43.93 0
43.94 0
43.95 0
43.96 0
43.97 0
43.98 0
43.99 0
44 0
44.01 0
44.02 0
44.03 0
44.04 0
44.05 0
44.06 0
44.07 0
44.08 0
44.09 0
44.1 0
44.11 0
44.12 0
44.13 0
44.14 0
44.15 0
44.16 0
44.17 0
44.18 0
44.19 0
44.2 0
44.21 0
44.22 0
44.23 1
44.24 2
44.25 4
44.26 4
44.27 5
44.28 7
44.29 8
44.3 8
44.31 10
44.32 11
44.33 12
44.34 12
44.35 14
44.36 15
44.37 16
44.38 16
44.39 18
44.4 19
44.41 20
44.42 20
44.43 21
44.44 23
44.45 24
44.46 24
44.47 26
44.48 27
44.49 28
44.5 28
44.51 30
44.52 31
44.53 25
44.54 25
44.55 25
44.56 25
44.57 19
44.58 12
44.59 4
44.6 0
44.61 0
44.62 0
44.63 0
44.64 0
44.65 0
44.66 0
44.67 0
44.68 0
44.69 0
44.7 0
44.71 0
44.72 0
44.73 0
44.74 0
44.75 0
44.76 0
44.77 0
44.78 0
44.79 0
44.8 0
44.81 0
44.82 0
44.83 0
44.84 0
44.85 0
44.86 0
44.87 0
44.88 0
44.89 0
44.9 0
44.91 0
44.92 0
44.93 0
44.94 0
44.95 0
44.96 0
44.97 0
44.98 0
44.99 0
45 0
45.01 1
45.02 2
45.03 3
45.04 4
45.05 5
45.06 7
45.07 8
45.08 9
45.09 10
45.1 11
45.11 12
45.12 13
45.13 15
45.14 15
45.15 17
45.16 18
45.17 19
45.18 20
45.19 21
45.2 22
45.21 23
45.22 24
45.23 25
45.24 26
45.25 27
45.26 28
45.27 29
45.28 30
45.29 31
45.3 25
45.31 25
45.32 25
45.33 25
45.34 25
45.35 15
45.36 7
45.37 0
45.38 0
45.39 0
45.4 0
45.41 0
45.42 0
45.43 0
45.44 0
45.45 0
45.46 0
45.47 0
45.48 0
45.49 0
45.5 0
45.51 0
45.52 0
45.53 0
45.54 0
45.55 0
45.56 0
45.57 0
45.58 0
45.59 0
45.6 0
45.61 0
45.62 0
45.63 0
45.64 0
45.65 0
45.66 0
45.67 0
45.68 0
45.69 0
45.7 0
45.71 0
45.72 0
45.73 0
45.74 0
45.75 0
45.76 0
45.77 1
45.78 2
45.79 2
45.8 4
45.81 6
45.82 6
45.83 7
45.84 8
45.85 9
45.86 10
45.87 11
45.88 13
45.89 14
45.9 15
45.91 16
45.92 17
45.93 18
45.94 19
45.95 20
45.96 22
45.97 22
45.98 23
45.99 24
46 26
46.01 26
46.02 27
46.03 28
46.04 30
46.05 30
46.06 31
46.07 25
46.08 25
46.09 25
46.1 25
46.11 25
46.12 13
46.13 6
46.14 0
46.15 0
46.16 0
46.17 0
46.18 0
46.19 0
46.2 0
46.21 0
46.22 0
46.23 0
46.24 0
46.25 0
46.26 0
46.27 0
46.28 0
46.29 0
46.3 0
46.31 0
46.32 0
46.33 0
46.34 0
46.35 0
46.36 0
46.37 0
46.38 0
46.39 0
46.4 0
46.41 0
46.42 0
46.43 0
46.44 0
46.45 0
46.46 0
46.47 0
46.48 0
46.49 0
46.5 0
46.51 0
46.52 0
46.53 0
46.54 1
46.55 1
46.56 2
46.57 4
46.58 5
46.59 6
46.6 7
46.61 8
46.62 9
46.63 10
46.64 12
46.65 12
46.66 14
46.67 15
46.68 17
46.69 16
46.7 18
46.71 19
46.72 20
46.73 20
46.74 21
46.75 22
46.76 24
46.77 25
46.78 25
46.79 27
46.8 28
46.81 29
46.82 29
46.83 31
46.84 25
46.85 25
46.86 25
46.87 26
46.88 22
46.89 9
46.9 0
46.91 0
46.92 0
46.93 0
46.94 0
46.95 0
46.96 0
46.97 0
46.98 0
46.99 0
47 0
47.01 0
47.02 0
47.03 0
47.04 0
47.05 0
47.06 0
47.07 0
47.08 0
47.09 0
47.1 0
47.11 0
47.12 0
47.13 0
47.14 0
47.15 0
47.16 0
47.17 0
47.18 0
47.19 0
47.2 0
47.21 0
47.22 0
47.23 0
47.24 0
47.25 0
47.26 0
47.27 0
47.28 0
47.29 0
47.3 0
47.31 1
47.32 2
47.33 4
47.34 4
47.35 5
47.36 7
47.37 8
47.38 9
47.39 9
47.4 11
47.41 12
47.42 13
47.43 14
47.44 15
47.45 17
47.46 18
47.47 19
47.48 19
47.49 21
47.5 21
47.51 22
47.52 22
47.53 23
47.54 24
47.55 26
47.56 26
47.57 28
47.58 28
47.59 30
47.6 30
47.61 26
47.62 25
47.63 25
47.64 25
47.65 25
47.66 7
47.67 0
47.68 0
47.69 0
47.7 0
47.71 0
47.72 0
47.73 0
47.74 0
47.75 0
47.76 0
47.77 0
47.78 0
47.79 0
47.8 0
47.81 0
47.82 0
47.83 0
47.84 0
47.85 0
47.86 0
47.87 0
47.88 0
47.89 0
47.9 0
47.91 0
47.92 0
47.93 0
47.94 0
47.95 0
47.96 0
47.97 0
47.98 0
47.99 0
48 0
48.01 0
48.02 0
48.03 0
48.04 0
48.05 0
48.06 0
48.07 1
48.08 2
48.09 4
48.1 5
48.11 5
48.12 6
48.13 7
48.14 9
48.15 10
48.16 11
48.17 13
48.18 13
48.19 13
48.2 14
48.21 16
48.22 17
48.23 18
48.24 20
48.25 21
48.26 21
48.27 22
48.28 24
48.29 25
48.3 25
48.31 26
48.32 28
48.33 29
48.34 29
48.35 30
48.36 32
48.37 25
48.38 25
48.39 25
48.4 25
48.41 16
48.42 8
48.43 6
48.44 0
48.45 0
48.46 0
48.47 0
48.48 0
48.49 0
48.5 0
48.51 0
48.52 0
48.53 0
48.54 0
48.55 0
48.56 0
48.57 0
48.58 0
48.59 0
48.6 0
48.61 0
48.62 0
48.63 0
48.64 0
48.65 0
48.66 0
48.67 0
48.68 0
48.69 0
48.7 0
48.71 1
48.72 2
48.73 3
48.74 4
48.75 5
48.76 7
48.77 8
48.78 9
48.79 10
48.8 11
48.81 12
48.82 13
48.83 15
48.84 16
48.85 17
48.86 18
48.87 19
48.88 20
48.89 20
48.9 21
48.91 22
48.92 24
48.93 24
48.94 25
48.95 27
48.96 28
48.97 28
48.98 29
48.99 31
49 26
49.01 25
49.02 26
49.03 25
49.04 25
49.05 25
49.06 24
49.07 24
49.08 2
49.09 0
49.1 0
49.11 0
49.12 0
49.13 0
49.14 0
49.15 0
49.16 0
49.17 0
49.18 0
49.19 0
49.2 0
49.21 0
49.22 0
49.23 0
49.24 0
49.25 0
49.26 0
49.27 0
49.28 0
49.29 0
49.3 0
49.31 0
49.32 0
49.33 0
49.34 0
49.35 0
49.36 0
49.37 0
49.38 0
49.39 0
49.4 0
49.41 0
49.42 0
49.43 0
49.44 0
49.45 0
49.46 0
49.47 0
49.48 1
49.49 2
49.5 3
49.51 4
49.52 6
49.53 7
49.54 8
49.55 9
49.56 10
49.57 11
49.58 13
49.59 14
49.6 15
49.61 16
49.62 17
49.63 18
49.64 18
49.65 19
49.66 20
49.67 22
49.68 22
49.69 23
49.7 24
49.71 26
49.72 26
49.73 27
49.74 28
49.75 29
49.76 29
49.77 31
49.78 25
49.79 25
49.8 25
49.81 25
49.82 8
49.83 0
49.84 0
49.85 0
49.86 0
49.87 0
49.88 0
49.89 0
49.9 0
49.91 0
49.92 0
49.93 0
49.94 0
49.95 0
49.96 0
49.97 0
49.98 0
49.99 0
50 0
50.01 0
50.02 0
50.03 0
50.04 0
50.05 0
50.06 0
50.07 0
50.08 1
50.09 3
50.1 4
50.11 5
50.12 6
50.13 7
50.14 8
50.15 10
50.16 11
50.17 12
50.18 13
50.19 14
50.2 15
50.21 16
50.22 17
50.23 19
50.24 20
50.25 20
50.26 22
50.27 22
50.28 23
50.29 24
50.3 26
50.31 26
50.32 27
50.33 28
50.34 30
50.35 30
50.36 31
50.37 25
50.38 25
50.39 25
50.4 25
50.41 12
50.42 0
50.43 0
50.44 0
50.45 0
50.46 0
50.47 0
50.48 0
50.49 0
50.5 0
50.51 0
50.52 0
50.53 0
50.54 0
50.55 0
50.56 0
50.57 0
50.58 0
50.59 0
50.6 0
50.61 0
50.62 0
50.63 0
50.64 0
50.65 0
50.66 0
50.67 0
50.68 0
50.69 0
50.7 0
50.71 0
50.72 0
50.73 0
50.74 0
50.75 0
50.76 0
50.77 0
50.78 0
50.79 0
50.8 0
50.81 0
50.82 0
50.83 0
50.84 2
50.85 3
50.86 4
50.87 6
50.88 6
50.89 7
50.9 8
50.91 9
50.92 10
50.93 11
50.94 12
50.95 12
50.96 14
50.97 15
50.98 16
50.99 17
51 18
51.01 19
51.02 20
51.03 22
51.04 23
51.05 24
51.06 24
51.07 26
51.08 27
51.09 28
51.1 28
51.11 30
51.12 31
51.13 32
51.14 25
51.15 25
51.16 25
51.17 25
51.18 25
51.19 20
51.2 7
51.21 0
51.22 0
51.23 0
51.24 0
51.25 0
51.26 0
51.27 0
51.28 0
51.29 0
51.3 0
51.31 0
51.32 0
51.33 0
51.34 0
51.35 0
51.36 0
51.37 0
51.38 0
51.39 0
51.4 0
51.41 0
51.42 0
51.43 0
51.44 0
51.45 0
51.46 0
51.47 0
51.48 0
51.49 0
51.5 0
51.51 0
51.52 0
51.53 0
51.54 0
51.55 0
51.56 0
51.57 0
51.58 0
51.59 0
51.6 0
51.61 1
51.62 3
51.63 4
51.64 4
51.65 6
51.66 7
51.67 8
51.68 9
51.69 11
51.7 12
51.71 12
51.72 14
51.73 15
51.74 17
51.75 17
51.76 18
51.77 20
51.78 20
51.79 20
51.8 21
51.81 22
51.82 23
51.83 24
51.84 25
51.85 26
51.86 27
51.87 28
51.88 29
51.89 30
51.9 31
51.91 25
51.92 25
51.93 25
51.94 25
51.95 9
51.96 5
51.97 0
51.98 0
51.99 0
52 0
52.01 0
52.02 0
52.03 0
52.04 0
52.05 0
52.06 0
52.07 0
52.08 0
52.09 0
52.1 0
52.11 0
52.12 0
52.13 0
52.14 0
52.15 0
52.16 0
52.17 0
52.18 0
52.19 0
52.2 0
52.21 0
52.22 0
52.23 0
52.24 0
52.25 0
52.26 0
52.27 0
52.28 0
52.29 0
52.3 0
52.31 0
52.32 0
52.33 0
52.34 0
52.35 0
52.36 0
52.37 0
52.38 0
52.39 2
52.4 4
52.41 4
52.42 5
52.43 7
52.44 8
52.45 9
52.46 11
52.47 12
52.48 12
52.49 12
52.5 14
52.51 15
52.52 17
52.53 17
52.54 19
52.55 20
52.56 20
52.57 22
52.58 23
52.59 24
52.6 24
52.61 26
52.62 27
52.63 28
52.64 28
52.65 30
52.66 31
52.67 27
52.68 25
52.69 25
52.7 25
52.71 25
52.72 20
52.73 13
52.74 3
52.75 0
52.76 0
52.77 0
52.78 0
52.79 0
52.8 0
52.81 0
52.82 0
52.83 0
52.84 0
52.85 0
52.86 0
52.87 0
52.88 0
52.89 0
52.9 0
52.91 0
52.92 0
52.93 0
52.94 0
52.95 0
52.96 0
52.97 0
52.98 0
52.99 0
53 0
53.01 0
53.02 0
53.03 0
53.04 0
53.05 0
53.06 0
53.07 0
53.08 0
53.09 0
53.1 0
53.11 0
53.12 0
53.13 0
53.14 0
53.15 1
53.16 2
53.17 4
53.18 5
53.19 6
53.2 6
53.21 7
53.22 9
53.23 10
53.24 11
53.25 12
53.26 13
53.27 14
53.28 15
53.29 16
53.3 19
53.31 19
53.32 20
53.33 21
53.34 22
53.35 23
53.36 24
53.37 25
53.38 26
53.39 27
53.4 28
53.41 29
53.42 30
53.43 31
53.44 25
53.45 25
53.46 25
53.47 25
53.48 24
53.49 17
53.5 4
53.51 0
53.52 0
53.53 0
53.54 0
53.55 0
53.56 0
53.57 0
53.58 0
53.59 0
53.6 0
53.61 0
53.62 0
53.63 0
53.64 0
53.65 0
53.66 0
53.67 0
53.68 0
53.69 0
53.7 0
53.71 0
53.72 0
53.73 0
53.74 0
53.75 0
53.76 0
53.77 0
53.78 0
53.79 0
53.8 0
53.81 0
53.82 0
53.83 0
53.84 0
53.85 0
53.86 0
53.87 0
53.88 0
53.89 0
53.9 0
53.91 1
53.92 2
53.93 3
53.94 4
53.95 6
53.96 7
53.97 7
53.98 8
53.99 9
54 11
54.01 11
54.02 13
54.03 14
54.04 15
54.05 16
54.06 17
54.07 19
54.08 20
54.09 19
54.1 20
54.11 22
54.12 23
54.13 24
54.14 24
54.15 25
54.16 26
54.17 27
54.18 28
54.19 29
54.2 30
54.21 31
54.22 25
54.23 25
54.24 25
54.25 25
54.26 8
54.27 0
54.28 0
54.29 0
54.3 0
54.31 0
54.32 0
54.33 0
54.34 0
54.35 0
54.36 0
54.37 0
54.38 0
54.39 0
54.4 0
54.41 0
54.42 0
54.43 0
54.44 0
54.45 0
54.46 0
54.47 0
54.48 0
54.49 0
54.5 0
54.51 0
54.52 0
54.53 0
54.54 0
54.55 0
54.56 0
54.57 0
54.58 0
54.59 0
54.6 0
54.61 0
54.62 0
54.63 0
54.64 0
54.65 0
54.66 0
54.67 0
54.68 2
54.69 2
54.7 3
54.71 5
54.72 6
54.73 7
54.74 8
54.75 10
54.76 10
54.77 11
54.78 13
54.79 14
54.8 15
54.81 16
54.82 17
54.83 18
54.84 19
54.85 20
54.86 22
54.87 22
54.88 23
54.89 25
54.9 26
54.91 26
54.92 27
54.93 28
54.94 29
54.95 29
54.96 31
54.97 25
54.98 25
54.99 25
55 25
55.01 16
55.02 5
55.03 0
55.04 0
55.05 0
55.06 0
55.07 0
55.08 0
55.09 0
55.1 0
55.11 0
55.12 0
55.13 0
55.14 0
55.15 0
55.16 0
55.17 0
55.18 0
55.19 0
55.2 0
55.21 0
55.22 0
55.23 0
55.24 0
55.25 0
55.26 0
55.27 0
55.28 0
55.29 0
55.3 0
55.31 0
55.32 0
55.33 0
55.34 0
55.35 0
55.36 0
55.37 0
55.38 0
55.39 0
55.4 0
55.41 0
55.42 0
55.43 0
55.44 1
55.45 2
55.46 4
55.47 5
55.48 5
55.49 6
55.5 7
55.51 8
55.52 10
55.53 11
55.54 12
55.55 13
55.56 14
55.57 15
55.58 16
55.59 18
55.6 19
55.61 20
55.62 20
55.63 21
55.64 22
55.65 23
55.66 24
55.67 25
55.68 26
55.69 27
55.7 28
55.71 29
55.72 30
55.73 31
55.74 25
55.75 25
55.76 25
55.77 25
55.78 13
55.79 0
55.8 0
55.81 0
55.82 0
55.83 0
55.84 0
55.85 0
55.86 0
55.87 0
55.88 0
55.89 0
55.9 0
55.91 0
55.92 0
55.93 0
55.94 0
55.95 0
55.96 0
55.97 0
55.98 0
55.99 0
56 0
56.01 0
56.02 0
56.03 0
56.04 0
56.05 0
56.06 0
56.07 0
56.08 0
56.09 0
56.1 0
56.11 0
56.12 0
56.13 0
56.14 0
56.15 0
56.16 0
56.17 0
56.18 0
56.19 0
56.2 1
56.21 2
56.22 2
56.23 3
56.24 4
56.25 5
56.26 7
56.27 8
56.28 9
56.29 9
56.3 10
56.31 11
56.32 13
56.33 14
56.34 15
56.35 16
56.36 17
56.37 18
56.38 19
56.39 21
56.4 21
56.41 22
56.42 23
56.43 25
56.44 26
56.45 26
56.46 27
56.47 29
56.48 30
56.49 30
56.5 31
56.51 25
56.52 25
56.53 25
56.54 25
56.55 16
56.56 4
56.57 0
56.58 0
56.59 0
56.6 0
56.61 0
56.62 0
56.63 0
56.64 0
56.65 0
56.66 0
56.67 0
56.68 0
56.69 0
56.7 0
56.71 0
56.72 0
56.73 0
56.74 0
56.75 0
56.76 0
56.77 0
56.78 0
56.79 0
56.8 0
56.81 0
56.82 0
56.83 0
56.84 0
56.85 0
56.86 0
56.87 0
56.88 0
56.89 0
56.9 0
56.91 0
56.92 0
56.93 0
56.94 0
56.95 0
56.96 0
56.97 0
56.98 1
56.99 2
57 4
57.01 4
57.02 6
57.03 8
57.04 8
57.05 10
57.06 11
57.07 12
57.08 13
57.09 14
57.1 15
57.11 16
57.12 17
57.13 18
57.14 20
57.15 20
57.16 21
57.17 22
57.18 23
57.19 24
57.2 25
57.21 26
57.22 27
57.23 28
57.24 29
57.25 30
57.26 31
57.27 25
57.28 25
57.29 25
57.3 25
57.31 18
57.32 15
57.33 14
57.34 1
57.35 0
57.36 0
57.37 0
57.38 0
57.39 0
57.4 0
57.41 0
57.42 0
57.43 0
57.44 0
57.45 0
57.46 0
57.47 0
57.48 0
57.49 0
57.5 0
57.51 0
57.52 0
57.53 0
57.54 0
57.55 0
57.56 0
57.57 0
57.58 0
57.59 0
57.6 0
57.61 0
57.62 0
57.63 0
57.64 0
57.65 0
57.66 0
57.67 0
57.68 0
57.69 0
57.7 0
57.71 0
57.72 0
57.73 0
57.74 1
57.75 1
57.76 3
57.77 4
57.78 5
57.79 6
57.8 7
57.81 9
57.82 9
57.83 11
57.84 13
57.85 13
57.86 14
57.87 15
57.88 17
57.89 17
57.9 18
57.91 19
57.92 21
57.93 21
57.94 22
57.95 23
57.96 25
57.97 25
57.98 26
57.99 27
58 29
58.01 29
58.02 30
58.03 31
58.04 25
58.05 25
58.06 25
58.07 25
58.08 18
58.09 8
58.1 0
58.11 0
58.12 0
58.13 0
58.14 0
58.15 0
58.16 0
58.17 0
58.18 0
58.19 0
58.2 0
58.21 0
58.22 0
58.23 0
58.24 0
58.25 0
58.26 0
58.27 0
58.28 0
58.29 0
58.3 0
58.31 0
58.32 0
58.33 0
58.34 0
58.35 0
58.36 0
58.37 0
58.38 0
58.39 0
58.4 0
58.41 0
58.42 0
58.43 0
58.44 0
58.45 0
58.46 0
58.47 0
58.48 0
58.49 0
58.5 0
58.51 0
58.52 0
58.53 0
58.54 0
58.55 0
58.56 0
58.57 0
58.58 0
58.59 0
58.6 0
58.61 0
58.62 0
58.63 0
58.64 0
58.65 0
58.66 0
58.67 0
58.68 0
58.69 0
58.7 0
58.71 0
58.72 0
58.73 0
58.74 0
58.75 0
58.76 0
58.77 0
58.78 0
58.79 0
58.8 0
58.81 0
58.82 0
58.83 0
58.84 0
58.85 0
58.86 0
58.87 0
58.88 0
58.89 0
58.9 0
58.91 0
58.92 0
58.93 0
58.94 0
58.95 0
58.96 0
58.97 0
58.98 0
58.99 0
59 0
59.01 0
59.02 0
59.03 0
59.04 0
59.05 0
59.06 0
59.07 0
59.08 0
59.09 0
59.1 0
59.11 0
59.12 0
59.13 0
59.14 0
59.15 0
59.16 0
59.17 0
59.18 0
59.19 0
59.2 0
59.21 0
59.22 0
59.23 0
59.24 0
59.25 0
59.26 0
59.27 0
59.28 0
59.29 0
59.3 0
59.31 0
59.32 0
59.33 0
59.34 0
59.35 0
59.36 0
59.37 0
59.38 0
59.39 0
59.4 0
59.41 0
59.42 0
59.43 0
59.44 0
59.45 0
59.46 0
59.47 0
59.48 0
59.49 0
59.5 0
59.51 0
59.52 0
59.53 0
59.54 0
59.55 0
59.56 0
59.57 0
59.58 0
59.59 0
59.6 0
59.61 0
59.62 0
59.63 0
59.64 0
59.65 0
59.66 0
59.67 0
59.68 0
59.69 0
59.7 0
59.71 0
59.72 0
59.73 0
59.74 0
59.75 0
59.76 0
59.77 0
59.78 0
59.79 0
59.8 0
59.81 0
59.82 0
59.83 0
59.84 0
59.85 0
59.86 0
59.87 0
59.88 0
59.89 0
59.9 0
59.91 0
59.92 0
59.93 0
59.94 0
59.95 0
59.96 0
59.97 0
59.98 0
59.99 0
60 0
60.01 0
60.02 0
60.03 0
60.04 0
60.05 0
60.06 0
60.07 0
60.08 0
60.09 0
60.1 0
60.11 0
60.12 0
60.13 0
60.14 0
60.15 0
60.16 0
60.17 0
60.18 0
60.19 0
60.2 0
60.21 0
60.22 0
60.23 0
60.24 0
60.25 0
60.26 0
60.27 0
60.28 0
60.29 0
60.3 0
60.31 0
60.32 0
60.33 0
60.34 0
60.35 0
60.36 0
60.37 0
60.38 0
60.39 0
60.4 0
60.41 0
60.42 0
60.43 0
60.44 0
60.45 0
60.46 0
60.47 0
60.48 0
60.49 0
60.5 0
60.51 0
60.52 0
60.53 0
60.54 0
60.55 0
60.56 0
60.57 0
60.58 0
60.59 0
60.6 0
60.61 0
60.62 0
60.63 0
60.64 0
60.65 0
60.66 0
60.67 0
60.68 0
60.69 0
60.7 0
60.71 0
60.72 0
60.73 0
60.74 0
60.75 0
60.76 0
60.77 0
60.78 0
60.79 0
60.8 0
60.81 0
60.82 0
60.83 0
60.84 0
60.85 0
60.86 0
60.87 0
60.88 0
60.89 0
60.9 0
60.91 0
60.92 0
60.93 0
60.94 0
60.95 0
60.96 0
60.97 0
60.98 0
60.99 0
61 0
61.01 0
61.02 0
61.03 0
61.04 0
61.05 0
61.06 0
61.07 0
61.08 0
61.09 0
61.1 0
61.11 0
61.12 0
61.13 0
61.14 0
61.15 0
61.16 0
61.17 0
61.18 0
61.19 0
61.2 0
61.21 0
61.22 0
61.23 0
61.24 0
61.25 0
61.26 0
61.27 0
61.28 0
61.29 0
61.3 0
61.31 0
61.32 0
61.33 0
61.34 0
61.35 0
61.36 0
61.37 0
61.38 0
61.39 0
61.4 0
61.41 0
61.42 0
61.43 0
61.44 0
61.45 0
61.46 0
61.47 0
61.48 0
61.49 0
61.5 0
61.51 0
61.52 0
61.53 0
61.54 0
61.55 0
61.56 0
61.57 0
61.58 0
61.59 0
61.6 0
61.61 0
61.62 0
61.63 0
61.64 0
61.65 0
61.66 0
61.67 0
61.68 0
61.69 0
61.7 0
61.71 0
61.72 0
61.73 0
61.74 0
61.75 0
61.76 0
61.77 0
61.78 0
61.79 0
61.8 0
61.81 0
61.82 0
61.83 0
61.84 0
61.85 0
61.86 0
61.87 0
61.88 0
61.89 0
61.9 0
61.91 0
61.92 0
61.93 0
61.94 0
61.95 0
61.96 0
61.97 0
61.98 0
61.99 0
62 0
62.01 0
62.02 0
62.03 0
62.04 0
62.05 0
62.06 0
62.07 0
62.08 0
62.09 0
62.1 0
62.11 0
62.12 0
62.13 0
62.14 0
62.15 0
62.16 0
62.17 0
62.18 0
62.19 0
62.2 0
62.21 0
62.22 0
62.23 0
62.24 0
62.25 0
62.26 0
62.27 0
62.28 0
62.29 0
62.3 0
62.31 0
62.32 0
62.33 0
62.34 0
62.35 0
62.36 0
62.37 0
62.38 0
62.39 0
62.4 0
62.41 0
62.42 0
62.43 0
62.44 0
62.45 0
62.46 0
62.47 0
62.48 0
62.49 0
62.5 0
62.51 0
62.52 0
62.53 0
62.54 0
62.55 0
62.56 0
62.57 0
62.58 0
62.59 0
62.6 0
62.61 0
62.62 0
62.63 0
62.64 0
62.65 0
62.66 0
62.67 0
62.68 0
62.69 0
62.7 0
62.71 0
62.72 0
62.73 0
62.74 0
62.75 0
62.76 0
62.77 0
62.78 0
62.79 0
62.8 0
62.81 0
62.82 0
62.83 0
62.84 0
62.85 0
62.86 0
62.87 0
62.88 0
62.89 0
62.9 0
62.91 0
62.92 0
62.93 0
62.94 0
62.95 0
62.96 0
62.97 0
62.98 0
62.99 0
