0 0
0.01 0
0.02 0
0.03 0
0.04 0
0.05 0
0.06 0
0.07 0
0.08 0
0.09 0
0.1 0
0.11 0
0.12 0
0.13 0
0.14 0
0.15 0
0.16 0
0.17 0
0.18 0
0.19 0
0.2 0
0.21 0
0.22 0
0.23 0
0.24 5
0.25 45
0.26 84
0.27 84
0.28 45
0.29 41
0.3 41
0.31 41
0.32 41
0.33 25
0.34 2
0.35 0
0.36 0
0.37 38
0.38 19
0.39 0
0.4 0
0.41 0
0.42 0
0.43 0
0.44 0
0.45 0
0.46 0
0.47 0
0.48 0
0.49 0
0.5 0
0.51 0
0.52 0
0.53 0
0.54 0
0.55 0
0.56 0
0.57 0
0.58 0
0.59 0
0.6 0
0.61 0
0.62 0
0.63 0
0.64 0
0.65 0
0.66 0
0.67 0
0.68 0
0.69 0
0.7 0
0.71 0
0.72 0
0.73 0
0.74 0
0.75 0
0.76 0
0.77 0
0.78 0
0.79 0
0.8 0
0.81 0
0.82 0
0.83 0
0.84 0
0.85 0
0.86 0
0.87 0
0.88 0
0.89 0
0.9 0
0.91 0
0.92 0
0.93 0
0.94 0
0.95 0
0.96 0
0.97 0
0.98 0
0.99 0
1 0
1.01 0
1.02 0
1.03 0
1.04 0
1.05 0
1.06 0
1.07 0
1.08 0
1.09 0
1.1 0
1.11 0
1.12 0
1.13 0
1.14 0
1.15 0
1.16 0
1.17 0
1.18 0
1.19 0
1.2 0
1.21 0
1.22 0
1.23 0
1.24 0
1.25 0
1.26 0
1.27 0
1.28 0
1.29 0
1.3 0
1.31 0
1.32 0
1.33 0
1.34 0
1.35 0
1.36 0
1.37 0
1.38 0
1.39 0
1.4 0
1.41 0
1.42 0
1.43 0
1.44 0
1.45 0
1.46 0
1.47 0
1.48 0
1.49 0
1.5 0
1.51 0
1.52 0
1.53 0
1.54 0
1.55 0
1.56 0
1.57 0
1.58 0
1.59 0
1.6 0
1.61 0
1.62 0
1.63 2
1.64 3
1.65 4
1.66 6
1.67 7
1.68 8
1.69 9
1.7 10
1.71 11
1.72 12
1.73 14
1.74 15
1.75 16
1.76 17
1.77 17
1.78 18
1.79 20
1.8 20
1.81 21
1.82 22
1.83 24
1.84 25
1.85 26
1.86 26
1.87 28
1.88 29
1.89 30
1.9 30
1.91 27
1.92 26
1.93 26
1.94 25
1.95 25
1.96 23
1.97 7
1.98 0
1.99 0
2 0
2.01 0
2.02 0
2.03 0
2.04 0
2.05 0
2.06 0
2.07 0
2.08 0
2.09 0
2.1 0
2.11 0
2.12 0
2.13 0
2.14 0
2.15 0
2.16 0
2.17 0
2.18 0
2.19 0
2.2 0
2.21 0
2.22 0
2.23 0
2.24 1
2.25 3
2.26 3
2.27 4
2.28 6
2.29 7
2.3 8
2.31 9
2.32 10
2.33 10
2.34 12
2.35 13
2.36 14
2.37 15
2.38 16
2.39 18
2.4 18
2.41 20
2.42 21
2.43 22
2.44 22
2.45 24
2.46 25
2.47 26
2.48 26
2.49 28
2.5 29
2.51 30
2.52 30
2.53 25
2.54 26
2.55 26
2.56 25
2.57 20
2.58 17
2.59 0
2.6 0
2.61 0
2.62 0
2.63 0
2.64 0
2.65 0
2.66 0
2.67 0
2.68 0
2.69 0
2.7 0
2.71 0
2.72 0
2.73 0
2.74 0
2.75 0
2.76 0
2.77 1
2.78 2
2.79 3
2.8 5
2.81 5
2.82 7
2.83 7
2.84 9
2.85 10
2.86 11
2.87 13
2.88 13
2.89 15
2.9 15
2.91 17
2.92 18
2.93 19
2.94 20
2.95 21
2.96 22
2.97 23
2.98 23
2.99 24
3 25
3.01 27
3.02 28
3.03 28
3.04 29
3.05 31
3.06 25
3.07 25
3.08 25
3.09 25
3.1 22
3.11 11
3.12 12
3.13 4
3.14 0
3.15 0
3.16 0
3.17 0
3.18 0
3.19 0
3.2 0
3.21 0
3.22 0
3.23 0
3.24 0
3.25 0
3.26 0
3.27 0
3.28 0
3.29 0
3.3 0
3.31 0
3.32 0
3.33 0
3.34 0
3.35 0
3.36 0
3.37 0
3.38 0
3.39 0
3.4 0
3.41 0
3.42 0
3.43 0
3.44 0
3.45 2
3.46 4
3.47 4
3.48 5
3.49 7
3.5 8
3.51 10
3.52 10
3.53 12
3.54 12
3.55 13
3.56 14
3.57 15
3.58 17
3.59 17
3.6 18
3.61 19
3.62 21
3.63 21
3.64 23
3.65 23
3.66 24
3.67 24
3.68 26
3.69 27
3.7 28
3.71 29
3.72 30
3.73 31
3.74 25
3.75 25
3.76 26
3.77 25
3.78 12
3.79 13
3.8 0
3.81 0
3.82 0
3.83 0
3.84 0
3.85 0
3.86 0
3.87 0
3.88 0
3.89 0
3.9 0
3.91 0
3.92 0
3.93 0
3.94 0
3.95 0
3.96 0
3.97 0
3.98 0
3.99 0
4 0
4.01 0
4.02 0
4.03 0
4.04 0
4.05 0
4.06 0
4.07 1
4.08 3
4.09 3
4.1 5
4.11 6
4.12 7
4.13 8
4.14 10
4.15 11
4.16 11
4.17 12
4.18 12
4.19 13
4.2 15
4.21 16
4.22 17
4.23 17
4.24 19
4.25 20
4.26 21
4.27 21
4.28 23
4.29 24
4.3 25
4.31 26
4.32 27
4.33 27
4.34 29
4.35 30
4.36 31
4.37 25
4.38 25
4.39 26
4.4 26
4.41 20
4.42 2
4.43 0
4.44 0
4.45 0
4.46 0
4.47 0
4.48 0
4.49 0
4.5 0
4.51 0
4.52 0
4.53 0
4.54 0
4.55 0
4.56 0
4.57 0
4.58 0
4.59 0
4.6 0
4.61 0
4.62 0
4.63 0
4.64 0
4.65 0
4.66 0
4.67 0
4.68 0
4.69 0
4.7 0
4.71 0
4.72 0
4.73 0
4.74 0
4.75 0
4.76 0
4.77 0
4.78 0
4.79 0
4.8 0
4.81 0
4.82 0
4.83 0
4.84 1
4.85 1
4.86 3
4.87 4
4.88 5
4.89 7
4.9 8
4.91 9
4.92 10
4.93 11
4.94 12
4.95 13
4.96 15
4.97 16
4.98 17
4.99 17
5 19
5.01 20
5.02 21
5.03 22
5.04 23
5.05 24
5.06 25
5.07 27
5.08 27
5.09 28
5.1 29
5.11 30
5.12 31
5.13 25
5.14 25
5.15 26
5.16 25
5.17 25
5.18 25
5.19 25
5.2 3
5.21 0
5.22 0
5.23 0
5.24 0
5.25 0
5.26 0
5.27 0
5.28 0
5.29 0
5.3 0
5.31 0
5.32 0
5.33 0
5.34 0
5.35 0
5.36 0
5.37 0
5.38 0
5.39 0
5.4 0
5.41 0
5.42 0
5.43 0
5.44 0
5.45 0
5.46 0
5.47 0
5.48 0
5.49 2
5.5 3
5.51 4
5.52 5
5.53 7
5.54 8
5.55 9
5.56 10
5.57 11
5.58 12
5.59 13
5.6 14
5.61 15
5.62 16
5.63 18
5.64 18
5.65 19
5.66 20
5.67 22
5.68 22
5.69 23
5.7 24
5.71 26
5.72 26
5.73 27
5.74 27
5.75 28
5.76 28
5.77 30
5.78 25
5.79 25
5.8 25
5.81 25
5.82 18
5.83 14
5.84 14
5.85 6
5.86 0
5.87 0
5.88 0
5.89 0
5.9 0
5.91 0
5.92 0
5.93 0
5.94 0
5.95 0
5.96 0
5.97 0
5.98 0
5.99 0
6 0
6.01 0
6.02 0
6.03 0
6.04 0
6.05 0
6.06 0
6.07 3
6.08 4
6.09 4
6.1 5
6.11 7
6.12 8
6.13 9
6.14 11
6.15 12
6.16 12
6.17 13
6.18 15
6.19 16
6.2 16
6.21 17
6.22 17
6.23 18
6.24 20
6.25 21
6.26 22
6.27 23
6.28 24
6.29 25
6.3 26
6.31 27
6.32 28
6.33 29
6.34 30
6.35 31
6.36 25
6.37 25
6.38 26
6.39 26
6.4 16
6.41 13
6.42 0
6.43 0
6.44 0
6.45 0
6.46 0
6.47 0
6.48 0
6.49 0
6.5 0
6.51 0
6.52 0
6.53 0
6.54 0
6.55 0
6.56 0
6.57 0
6.58 0
6.59 0
6.6 0
6.61 0
6.62 0
6.63 0
6.64 0
6.65 0
6.66 0
6.67 0
6.68 0
6.69 0
6.7 0
6.71 0
6.72 0
6.73 0
6.74 2
6.75 3
6.76 4
6.77 4
6.78 7
6.79 7
6.8 8
6.81 9
6.82 11
6.83 11
6.84 12
6.85 14
6.86 14
6.87 16
6.88 17
6.89 18
6.9 19
6.91 20
6.92 21
6.93 22
6.94 23
6.95 24
6.96 25
6.97 26
6.98 27
6.99 28
7 29
7.01 30
7.02 31
7.03 25
7.04 25
7.05 25
7.06 26
7.07 25
7.08 19
7.09 6
7.1 5
7.11 0
7.12 0
7.13 0
7.14 0
7.15 0
7.16 0
7.17 0
7.18 0
7.19 0
7.2 0
7.21 0
7.22 0
7.23 0
7.24 0
7.25 0
7.26 0
7.27 0
7.28 0
7.29 0
7.3 0
7.31 0
7.32 0
7.33 0
7.34 0
7.35 0
7.36 0
7.37 0
7.38 0
7.39 0
7.4 0
7.41 1
7.42 3
7.43 3
7.44 3
7.45 4
7.46 6
7.47 6
7.48 7
7.49 8
7.5 9
7.51 11
7.52 11
7.53 13
7.54 14
7.55 15
7.56 16
7.57 17
7.58 18
7.59 19
7.6 21
7.61 22
7.62 23
7.63 23
7.64 25
7.65 26
7.66 27
7.67 27
7.68 29
7.69 30
7.7 31
7.71 31
7.72 26
7.73 26
7.74 26
7.75 25
7.76 22
7.77 20
7.78 16
7.79 0
7.8 0
7.81 0
7.82 0
7.83 0
7.84 0
7.85 0
7.86 0
7.87 0
7.88 0
7.89 0
7.9 0
7.91 0
7.92 0
7.93 0
7.94 0
7.95 0
7.96 0
7.97 0
7.98 0
7.99 0
8 0
8.01 0
8.02 0
8.03 0
8.04 0
8.05 0
8.06 0
8.07 0
8.08 0
8.09 0
8.1 0
8.11 0
8.12 0
8.13 0
8.14 0
8.15 0
8.16 0
8.17 0
8.18 0
8.19 1
8.2 3
8.21 3
8.22 5
8.23 5
8.24 6
8.25 8
8.26 9
8.27 10
8.28 10
8.29 12
8.3 13
8.31 14
8.32 15
8.33 16
8.34 17
8.35 18
8.36 19
8.37 20
8.38 21
8.39 22
8.4 23
8.41 24
8.42 26
8.43 26
8.44 27
8.45 28
8.46 30
8.47 30
8.48 31
8.49 25
8.5 26
8.51 25
8.52 25
8.53 18
8.54 15
8.55 3
8.56 0
8.57 0
8.58 0
8.59 0
8.6 0
8.61 0
8.62 0
8.63 0
8.64 0
8.65 0
8.66 0
8.67 0
8.68 0
8.69 0
8.7 0
8.71 0
8.72 0
8.73 0
8.74 0
8.75 0
8.76 0
8.77 0
8.78 0
8.79 0
8.8 0
8.81 0
8.82 0
8.83 0
8.84 1
8.85 2
8.86 3
8.87 4
8.88 6
8.89 7
8.9 7
8.91 9
8.92 10
8.93 11
8.94 13
8.95 14
8.96 15
8.97 15
8.98 16
8.99 17
9 18
9.01 19
9.02 20
9.03 21
9.04 23
9.05 23
9.06 24
9.07 26
9.08 27
9.09 28
9.1 28
9.11 30
9.12 31
9.13 31
9.14 25
9.15 25
9.16 25
9.17 25
9.18 24
9.19 13
9.2 5
9.21 0
9.22 0
9.23 0
9.24 0
9.25 0
9.26 0
9.27 0
9.28 0
9.29 0
9.3 0
9.31 0
9.32 0
9.33 0
9.34 0
9.35 0
9.36 0
9.37 0
9.38 0
9.39 0
9.4 0
9.41 0
9.42 0
9.43 0
9.44 0
9.45 0
9.46 0
9.47 0
9.48 0
9.49 0
9.5 1
9.51 2
9.52 4
9.53 5
9.54 5
9.55 7
9.56 8
9.57 9
9.58 11
9.59 12
9.6 13
9.61 13
9.62 14
9.63 15
9.64 17
9.65 17
9.66 18
9.67 19
9.68 21
9.69 22
9.7 23
9.71 24
9.72 25
9.73 26
9.74 27
9.75 28
9.76 29
9.77 30
9.78 31
9.79 25
9.8 25
9.81 26
9.82 26
9.83 21
9.84 17
9.85 16
9.86 0
9.87 0
9.88 0
9.89 0
9.9 0
9.91 0
9.92 0
9.93 0
9.94 0
9.95 0
9.96 0
9.97 0
9.98 0
9.99 0
10 0
10.01 0
10.02 0
10.03 0
10.04 0
10.05 0
10.06 0
10.07 0
10.08 0
10.09 0
10.1 0
10.11 0
10.12 0
10.13 0
10.14 0
10.15 1
10.16 3
10.17 3
10.18 5
10.19 6
10.2 7
10.21 8
10.22 9
10.23 11
10.24 11
10.25 13
10.26 14
10.27 15
10.28 15
10.29 17
10.3 18
10.31 19
10.32 21
10.33 21
10.34 23
10.35 23
10.36 25
10.37 26
10.38 27
10.39 27
10.4 28
10.41 29
10.42 30
10.43 31
10.44 26
10.45 26
10.46 26
10.47 26
10.48 15
10.49 9
10.5 0
10.51 0
10.52 0
10.53 0
10.54 0
10.55 0
10.56 0
10.57 0
10.58 0
10.59 0
10.6 0
10.61 0
10.62 0
10.63 0
10.64 0
10.65 0
10.66 0
10.67 0
10.68 0
10.69 0
10.7 0
10.71 0
10.72 0
10.73 0
10.74 0
10.75 0
10.76 0
10.77 0
10.78 0
10.79 1
10.8 2
10.81 4
10.82 5
10.83 6
10.84 8
10.85 8
10.86 9
10.87 10
10.88 12
10.89 13
10.9 14
10.91 16
10.92 16
10.93 17
10.94 18
10.95 19
10.96 20
10.97 20
10.98 22
10.99 23
11 24
11.01 24
11.02 26
11.03 27
11.04 28
11.05 28
11.06 29
11.07 30
11.08 25
11.09 25
11.1 26
11.11 25
11.12 19
11.13 11
11.14 9
11.15 3
11.16 0
11.17 0
11.18 0
11.19 0
11.2 0
11.21 0
11.22 0
11.23 0
11.24 0
11.25 0
11.26 0
11.27 0
11.28 0
11.29 0
11.3 0
11.31 0
11.32 0
11.33 0
11.34 0
11.35 0
11.36 0
11.37 0
11.38 0
11.39 0
11.4 0
11.41 0
11.42 0
11.43 0
11.44 0
11.45 0
11.46 0
11.47 0
11.48 0
11.49 0
11.5 0
11.51 0
11.52 0
11.53 0
11.54 0
11.55 1
11.56 2
11.57 3
11.58 4
11.59 5
11.6 7
11.61 8
11.62 9
11.63 10
11.64 11
11.65 12
11.66 13
11.67 15
11.68 16
11.69 17
11.7 18
11.71 19
11.72 20
11.73 21
11.74 22
11.75 23
11.76 24
11.77 25
11.78 26
11.79 27
11.8 28
11.81 29
11.82 30
11.83 31
11.84 25
11.85 25
11.86 25
11.87 25
11.88 16
11.89 0
11.9 0
11.91 0
11.92 0
11.93 0
11.94 0
11.95 0
11.96 0
11.97 0
11.98 0
11.99 0
12 0
12.01 0
12.02 0
12.03 0
12.04 0
12.05 0
12.06 0
12.07 0
12.08 0
12.09 0
12.1 0
12.11 0
12.12 0
12.13 0
12.14 0
12.15 0
12.16 0
12.17 0
12.18 0
12.19 0
12.2 0
12.21 0
12.22 0
12.23 0
12.24 0
12.25 0
12.26 0
12.27 0
12.28 0
12.29 1
12.3 2
12.31 2
12.32 3
12.33 3
12.34 6
12.35 7
12.36 7
12.37 8
12.38 9
12.39 10
12.4 11
12.41 13
12.42 14
12.43 15
12.44 16
12.45 17
12.46 18
12.47 19
12.48 20
12.49 21
12.5 22
12.51 23
12.52 24
12.53 25
12.54 27
12.55 27
12.56 29
12.57 30
12.58 31
12.59 31
12.6 26
12.61 25
12.62 25
12.63 25
12.64 22
12.65 20
12.66 18
12.67 3
12.68 0
12.69 0
12.7 0
12.71 0
12.72 0
12.73 0
12.74 0
12.75 0
12.76 0
12.77 0
12.78 0
12.79 0
12.8 0
12.81 0
12.82 0
12.83 0
12.84 0
12.85 0
12.86 0
12.87 0
12.88 0
12.89 0
12.9 0
12.91 0
12.92 0
12.93 0
12.94 0
12.95 0
12.96 0
12.97 0
12.98 0
12.99 0
13 0
13.01 0
13.02 0
13.03 0
13.04 0
13.05 0
13.06 0
13.07 2
13.08 2
13.09 2
13.1 4
13.11 5
13.12 6
13.13 7
13.14 8
13.15 10
13.16 10
13.17 12
13.18 13
13.19 14
13.2 15
13.21 16
13.22 17
13.23 18
13.24 19
13.25 21
13.26 22
13.27 22
13.28 24
13.29 25
13.3 26
13.31 26
13.32 28
13.33 29
13.34 30
13.35 30
13.36 32
13.37 26
13.38 26
13.39 25
13.4 26
13.41 26
13.42 23
13.43 20
13.44 3
13.45 0
13.46 0
13.47 0
13.48 0
13.49 0
13.5 0
13.51 0
13.52 0
13.53 0
13.54 0
13.55 0
13.56 0
13.57 0
13.58 0
13.59 0
13.6 0
13.61 0
13.62 0
13.63 0
13.64 0
13.65 0
13.66 0
13.67 0
13.68 0
13.69 0
13.7 0
13.71 0
13.72 1
13.73 2
13.74 4
13.75 5
13.76 5
13.77 7
13.78 8
13.79 9
13.8 10
13.81 12
13.82 13
13.83 13
13.84 15
13.85 16
13.86 17
13.87 18
13.88 19
13.89 20
13.9 21
13.91 21
13.92 23
13.93 24
13.94 25
13.95 25
13.96 26
13.97 27
13.98 28
13.99 29
14 30
14.01 31
14.02 25
14.03 25
14.04 26
14.05 25
14.06 17
14.07 9
14.08 8
14.09 0
14.1 0
14.11 0
14.12 0
14.13 0
14.14 0
14.15 0
14.16 0
14.17 0
14.18 0
14.19 0
14.2 0
14.21 0
14.22 0
14.23 0
14.24 0
14.25 0
14.26 0
14.27 0
14.28 0
14.29 0
14.3 0
14.31 0
14.32 0
14.33 0
14.34 0
14.35 0
14.36 0
14.37 1
14.38 3
14.39 4
14.4 5
14.41 7
14.42 8
14.43 9
14.44 9
14.45 11
14.46 12
14.47 13
14.48 14
14.49 16
14.5 16
14.51 17
14.52 19
14.53 20
14.54 21
14.55 21
14.56 23
14.57 24
14.58 25
14.59 25
14.6 27
14.61 28
14.62 29
14.63 29
14.64 31
14.65 25
14.66 26
14.67 25
14.68 25
14.69 22
14.7 0
14.71 0
14.72 0
14.73 0
14.74 0
14.75 0
14.76 0
14.77 0
14.78 0
14.79 0
14.8 0
14.81 0
14.82 0
14.83 0
14.84 0
14.85 0
14.86 0
14.87 0
14.88 0
14.89 0
14.9 0
14.91 0
14.92 0
14.93 0
14.94 0
14.95 0
14.96 0
14.97 0
14.98 0
14.99 0
15 0
15.01 0
15.02 0
15.03 0
15.04 0
15.05 0
15.06 0
15.07 0
15.08 0
15.09 0
15.1 0
15.11 0
15.12 1
15.13 3
15.14 4
15.15 5
15.16 7
15.17 8
15.18 8
15.19 10
15.2 10
15.21 12
15.22 12
15.23 14
15.24 15
15.25 16
15.26 16
15.27 17
15.28 19
15.29 20
15.3 20
15.31 21
15.32 23
15.33 24
15.34 25
15.35 26
15.36 27
15.37 28
15.38 30
15.39 30
15.4 31
15.41 25
15.42 26
15.43 26
15.44 26
15.45 21
15.46 16
15.47 17
15.48 0
15.49 0
15.5 0
15.51 0
15.52 0
15.53 0
15.54 0
15.55 0
15.56 0
15.57 0
15.58 0
15.59 0
15.6 0
15.61 0
15.62 0
15.63 0
15.64 0
15.65 0
15.66 0
15.67 0
15.68 0
15.69 0
15.7 0
15.71 0
15.72 0
15.73 0
15.74 0
15.75 1
15.76 1
15.77 2
15.78 4
15.79 5
15.8 5
15.81 7
15.82 9
15.83 9
15.84 10
15.85 12
15.86 13
15.87 13
15.88 14
15.89 16
15.9 16
15.91 18
15.92 18
15.93 20
15.94 20
15.95 22
15.96 23
15.97 24
15.98 24
15.99 26
16 27
16.01 28
16.02 28
16.03 30
16.04 31
16.05 25
16.06 25
16.07 25
16.08 26
16.09 20
16.1 19
16.11 15
16.12 11
16.13 0
16.14 0
16.15 0
16.16 0
16.17 0
16.18 0
16.19 0
16.2 0
16.21 0
16.22 0
16.23 0
16.24 0
16.25 0
16.26 1
16.27 3
16.28 3
16.29 5
16.3 6
16.31 7
16.32 8
16.33 9
16.34 11
16.35 11
16.36 13
16.37 14
16.38 15
16.39 16
16.4 17
16.41 18
16.42 19
16.43 19
16.44 20
16.45 22
16.46 23
16.47 23
16.48 24
16.49 26
16.5 27
16.51 28
16.52 28
16.53 30
16.54 31
16.55 26
16.56 25
16.57 26
16.58 25
16.59 20
16.6 14
16.61 1
16.62 0
16.63 0
16.64 0
16.65 0
16.66 0
16.67 0
16.68 0
16.69 0
16.7 0
16.71 0
16.72 0
16.73 0
16.74 0
16.75 0
16.76 0
16.77 0
16.78 0
16.79 0
16.8 0
16.81 0
16.82 0
16.83 0
16.84 0
16.85 0
16.86 0
16.87 0
16.88 0
16.89 0
16.9 0
16.91 0
16.92 0
16.93 1
16.94 4
16.95 4
16.96 5
16.97 6
16.98 7
16.99 8
17 9
17.01 11
17.02 12
17.03 13
17.04 13
17.05 14
17.06 15
17.07 17
17.08 18
17.09 19
17.1 20
17.11 21
17.12 22
17.13 23
17.14 24
17.15 24
17.16 25
17.17 27
17.18 28
17.19 28
17.2 29
17.21 31
17.22 27
17.23 25
17.24 25
17.25 26
17.26 26
17.27 15
17.28 13
17.29 0
17.3 0
17.31 0
17.32 0
17.33 0
17.34 0
17.35 0
17.36 0
17.37 0
17.38 0
17.39 0
17.4 0
17.41 0
17.42 0
17.43 0
17.44 0
17.45 0
17.46 0
17.47 0
17.48 0
17.49 0
17.5 0
17.51 0
17.52 0
17.53 0
17.54 2
17.55 3
17.56 4
17.57 6
17.58 6
17.59 7
17.6 9
17.61 10
17.62 11
17.63 12
17.64 13
17.65 14
17.66 15
17.67 16
17.68 17
17.69 18
17.7 19
17.71 19
17.72 21
17.73 22
17.74 23
17.75 23
17.76 24
17.77 26
17.78 27
17.79 27
17.8 28
17.81 30
17.82 31
17.83 25
17.84 25
17.85 26
17.86 26
17.87 23
17.88 7
17.89 0
17.9 0
17.91 0
17.92 0
17.93 0
17.94 0
17.95 0
17.96 0
17.97 0
17.98 0
17.99 0
18 0
18.01 0
18.02 0
18.03 0
18.04 0
18.05 0
18.06 0
18.07 0
18.08 0
18.09 0
18.1 0
18.11 0
18.12 0
18.13 0
18.14 0
18.15 0
18.16 0
18.17 0
18.18 1
18.19 3
18.2 3
18.21 3
18.22 5
18.23 7
18.24 7
18.25 7
18.26 9
18.27 10
18.28 11
18.29 12
18.3 14
18.31 15
18.32 15
18.33 16
18.34 17
18.35 18
18.36 19
18.37 20
18.38 21
18.39 23
18.4 23
18.41 24
18.42 25
18.43 27
18.44 27
18.45 28
18.46 29
18.47 31
18.48 31
18.49 25
18.5 25
18.51 26
18.52 25
18.53 19
18.54 14
18.55 16
18.56 0
18.57 0
18.58 0
18.59 0
18.6 0
18.61 0
18.62 0
18.63 0
18.64 0
18.65 0
18.66 0
18.67 0
18.68 0
18.69 0
18.7 0
18.71 0
18.72 0
18.73 0
18.74 0
18.75 0
18.76 0
18.77 0
18.78 0
18.79 0
18.8 0
18.81 0
18.82 0
18.83 0
18.84 0
18.85 0
18.86 0
18.87 0
18.88 0
18.89 0
18.9 0
18.91 0
18.92 0
18.93 0
18.94 0
18.95 1
18.96 1
18.97 3
18.98 3
18.99 4
19 6
19.01 7
19.02 8
19.03 8
19.04 10
19.05 11
19.06 12
19.07 13
19.08 14
19.09 15
19.1 16
19.11 18
19.12 18
19.13 20
19.14 20
19.15 22
19.16 23
19.17 24
19.18 25
19.19 26
19.2 27
19.21 28
19.22 29
19.23 30
19.24 31
19.25 25
19.26 26
19.27 25
19.28 26
19.29 25
19.3 21
19.31 5
19.32 6
19.33 0
19.34 0
19.35 0
19.36 0
19.37 0
19.38 0
19.39 0
19.4 0
19.41 0
19.42 0
19.43 0
19.44 2
19.45 3
19.46 4
19.47 7
19.48 6
19.49 8
19.5 9
19.51 10
19.52 10
19.53 11
19.54 14
19.55 14
19.56 15
19.57 15
19.58 17
19.59 17
19.6 18
19.61 18
19.62 20
19.63 21
19.64 22
19.65 23
19.66 24
19.67 25
19.68 26
19.69 27
19.7 28
19.71 29
19.72 30
19.73 25
19.74 24
19.75 24
19.76 24
19.77 24
19.78 2
19.79 0
19.8 0
19.81 0
19.82 0
19.83 0
19.84 0
19.85 0
19.86 0
19.87 0
19.88 0
19.89 0
19.9 0
19.91 0
19.92 0
19.93 0
19.94 0
19.95 0
19.96 0
19.97 0
19.98 0
19.99 0
20 0
20.01 0
20.02 0
20.03 0
20.04 0
20.05 0
20.06 0
20.07 0
20.08 0
20.09 0
20.1 0
20.11 2
20.12 2
20.13 4
20.14 5
20.15 6
20.16 7
20.17 8
20.18 9
20.19 10
20.2 11
20.21 12
20.22 14
20.23 14
20.24 15
20.25 18
20.26 18
20.27 19
20.28 20
20.29 21
20.3 22
20.31 23
20.32 24
20.33 25
20.34 26
20.35 27
20.36 28
20.37 30
20.38 30
20.39 31
20.4 25
20.41 25
20.42 25
20.43 25
20.44 14
20.45 0
20.46 0
20.47 0
20.48 0
20.49 0
20.5 0
20.51 0
20.52 0
20.53 0
20.54 0
20.55 0
20.56 0
20.57 0
20.58 0
20.59 0
20.6 0
20.61 0
20.62 0
20.63 0
20.64 0
20.65 0
20.66 0
20.67 0
20.68 0
20.69 0
20.7 0
20.71 0
20.72 0
20.73 0
20.74 0
20.75 0
20.76 1
20.77 3
20.78 4
20.79 5
20.8 6
20.81 7
20.82 9
20.83 10
20.84 11
20.85 12
20.86 13
20.87 14
20.88 15
20.89 17
20.9 17
20.91 19
20.92 19
20.93 21
20.94 22
20.95 23
20.96 24
20.97 25
20.98 26
20.99 27
21 28
21.01 29
21.02 30
21.03 31
21.04 25
21.05 25
21.06 26
21.07 26
21.08 25
21.09 4
21.1 0
21.11 0
21.12 0
21.13 0
21.14 0
21.15 0
21.16 0
21.17 0
21.18 0
21.19 0
21.2 0
21.21 0
21.22 0
21.23 0
21.24 0
21.25 0
21.26 0
21.27 0
21.28 0
21.29 0
21.3 0
21.31 0
21.32 0
21.33 0
21.34 0
21.35 0
21.36 0
21.37 0
21.38 0
21.39 0
21.4 0
21.41 0
21.42 0
21.43 0
21.44 0
21.45 0
21.46 0
21.47 0
21.48 0
21.49 0
21.5 2
21.51 2
21.52 3
21.53 5
21.54 6
21.55 7
21.56 7
21.57 9
21.58 10
21.59 11
21.6 12
21.61 13
21.62 15
21.63 15
21.64 17
21.65 17
21.66 19
21.67 19
21.68 21
21.69 22
21.7 23
21.71 24
21.72 25
21.73 26
21.74 27
21.75 28
21.76 29
21.77 30
21.78 31
21.79 25
21.8 25
21.81 26
21.82 25
21.83 23
21.84 21
21.85 21
21.86 0
21.87 0
21.88 0
21.89 0
21.9 0
21.91 0
21.92 0
21.93 0
21.94 0
21.95 0
21.96 0
21.97 0
21.98 0
21.99 0
22 0
22.01 0
22.02 0
22.03 0
22.04 0
22.05 0
22.06 0
22.07 0
22.08 0
22.09 0
22.1 0
22.11 0
22.12 0
22.13 0
22.14 0
22.15 0
22.16 0
22.17 0
22.18 0
22.19 0
22.2 0
22.21 0
22.22 0
22.23 0
22.24 0
22.25 0
22.26 0
22.27 2
22.28 3
22.29 4
22.3 5
22.31 6
22.32 8
22.33 9
22.34 10
22.35 11
22.36 12
22.37 13
22.38 14
22.39 16
22.4 17
22.41 18
22.42 18
22.43 19
22.44 20
22.45 22
22.46 22
22.47 23
22.48 24
22.49 26
22.5 26
22.51 27
22.52 28
22.53 30
22.54 30
22.55 31
22.56 25
22.57 25
22.58 25
22.59 25
22.6 25
22.61 19
22.62 11
22.63 0
22.64 0
22.65 0
22.66 0
22.67 0
22.68 0
22.69 0
22.7 0
22.71 0
22.72 0
22.73 0
22.74 0
22.75 0
22.76 2
22.77 3
22.78 5
22.79 5
22.8 6
22.81 8
22.82 8
22.83 10
22.84 11
22.85 12
22.86 13
22.87 14
22.88 15
22.89 16
22.9 18
22.91 19
22.92 20
22.93 21
22.94 22
22.95 23
22.96 24
22.97 26
22.98 26
22.99 27
23 28
23.01 29
23.02 30
23.03 31
23.04 25
23.05 26
23.06 26
23.07 26
23.08 16
23.09 16
23.1 0
23.11 0
23.12 0
23.13 0
23.14 0
23.15 0
23.16 0
23.17 0
23.18 0
23.19 0
23.2 0
23.21 0
23.22 0
23.23 0
23.24 0
23.25 0
23.26 0
23.27 0
23.28 0
23.29 0
23.3 0
23.31 2
23.32 2
23.33 4
23.34 5
23.35 6
23.36 7
23.37 8
23.38 10
23.39 10
23.4 12
23.41 13
23.42 14
23.43 15
23.44 16
23.45 18
23.46 18
23.47 19
23.48 20
23.49 22
23.5 22
23.51 24
23.52 25
23.53 26
23.54 27
23.55 28
23.56 29
23.57 30
23.58 31
23.59 28
23.6 26
23.61 26
23.62 26
23.63 25
23.64 25
23.65 8
23.66 5
23.67 0
23.68 0
23.69 0
23.7 0
23.71 0
23.72 0
23.73 0
23.74 0
23.75 0
23.76 0
23.77 0
23.78 0
23.79 0
23.8 0
23.81 0
23.82 0
23.83 0
23.84 0
23.85 0
23.86 0
23.87 0
23.88 0
23.89 0
23.9 0
23.91 0
23.92 0
23.93 0
23.94 0
23.95 0
23.96 0
23.97 2
23.98 3
23.99 4
24 5
24.01 7
24.02 8
24.03 9
24.04 10
24.05 11
24.06 12
24.07 12
24.08 14
24.09 15
24.1 16
24.11 17
24.12 18
24.13 20
24.14 20
24.15 21
24.16 22
24.17 24
24.18 24
24.19 24
24.2 25
24.21 27
24.22 28
24.23 29
24.24 29
24.25 31
24.26 25
24.27 25
24.28 25
24.29 25
24.3 15
24.31 15
24.32 2
24.33 0
24.34 0
24.35 0
24.36 0
24.37 0
24.38 0
24.39 0
24.4 0
24.41 0
24.42 0
24.43 0
24.44 0
24.45 0
24.46 0
24.47 0
24.48 0
24.49 0
24.5 0
24.51 0
24.52 0
24.53 0
24.54 0
24.55 1
24.56 1
24.57 4
24.58 5
24.59 5
24.6 6
24.61 8
24.62 8
24.63 9
24.64 11
24.65 12
24.66 13
24.67 13
24.68 14
24.69 15
24.7 17
24.71 18
24.72 19
24.73 20
24.74 21
24.75 22
24.76 23
24.77 24
24.78 25
24.79 26
24.8 27
24.81 28
24.82 29
24.83 30
24.84 31
24.85 25
24.86 25
24.87 25
24.88 26
24.89 13
24.9 14
24.91 12
24.92 0
24.93 0
24.94 0
24.95 0
24.96 0
24.97 0
24.98 0
24.99 0
25 0
25.01 0
25.02 0
25.03 0
25.04 0
25.05 0
25.06 0
25.07 0
25.08 0
25.09 0
25.1 0
25.11 0
25.12 0
25.13 0
25.14 0
25.15 0
25.16 0
25.17 0
25.18 0
25.19 0
25.2 0
25.21 0
25.22 1
25.23 2
25.24 4
25.25 5
25.26 5
25.27 7
25.28 9
25.29 9
25.3 10
25.31 13
25.32 13
25.33 13
25.34 15
25.35 16
25.36 17
25.37 18
25.38 20
25.39 21
25.4 21
25.41 22
25.42 24
25.43 25
25.44 25
25.45 26
25.46 27
25.47 28
25.48 29
25.49 30
25.5 32
25.51 25
25.52 25
25.53 26
25.54 26
25.55 16
25.56 1
25.57 0
25.58 0
25.59 0
25.6 0
25.61 0
25.62 0
25.63 0
25.64 0
25.65 0
25.66 0
25.67 0
25.68 0
25.69 0
25.7 0
25.71 0
25.72 0
25.73 0
25.74 0
25.75 0
25.76 0
25.77 0
25.78 0
25.79 0
25.8 0
25.81 0
25.82 0
25.83 0
25.84 0
25.85 0
25.86 0
25.87 0
25.88 1
25.89 3
25.9 3
25.91 5
25.92 6
25.93 7
25.94 8
25.95 10
25.96 11
25.97 12
25.98 13
25.99 14
26 15
26.01 16
26.02 17
26.03 19
26.04 19
26.05 20
26.06 21
26.07 23
26.08 23
26.09 24
26.1 25
26.11 27
26.12 27
26.13 28
26.14 29
26.15 31
26.16 31
26.17 25
26.18 26
26.19 26
26.2 25
26.21 16
26.22 17
26.23 5
26.24 0
26.25 0
26.26 0
26.27 0
26.28 0
26.29 0
26.3 0
26.31 0
26.32 0
26.33 0
26.34 0
26.35 0
26.36 0
26.37 0
26.38 0
26.39 0
26.4 0
26.41 0
26.42 0
26.43 0
26.44 0
26.45 0
26.46 0
26.47 0
26.48 0
26.49 0
26.5 0
26.51 0
26.52 0
26.53 2
26.54 2
26.55 4
26.56 5
26.57 6
26.58 7
26.59 8
26.6 9
26.61 10
26.62 10
26.63 11
26.64 13
26.65 14
26.66 15
26.67 16
26.68 17
26.69 18
26.7 19
26.71 20
26.72 22
26.73 22
26.74 23
26.75 25
26.76 26
26.77 26
26.78 27
26.79 29
26.8 30
26.81 30
26.82 31
26.83 26
26.84 26
26.85 25
26.86 25
26.87 20
26.88 20
26.89 17
26.9 2
26.91 0
26.92 0
26.93 0
26.94 0
26.95 0
26.96 0
26.97 0
26.98 0
26.99 0
27 0
27.01 0
27.02 0
27.03 0
27.04 0
27.05 0
27.06 0
27.07 0
27.08 0
27.09 0
27.1 0
27.11 0
27.12 0
27.13 0
27.14 0
27.15 0
27.16 0
27.17 0
27.18 2
27.19 3
27.2 4
27.21 5
27.22 7
27.23 8
27.24 9
27.25 10
27.26 11
27.27 12
27.28 13
27.29 15
27.3 15
27.31 16
27.32 17
27.33 18
27.34 20
27.35 20
27.36 21
27.37 22
27.38 24
27.39 24
27.4 25
27.41 26
27.42 28
27.43 28
27.44 29
27.45 30
27.46 32
27.47 25
27.48 25
27.49 25
27.5 25
27.51 10
27.52 0
27.53 0
27.54 0
27.55 0
27.56 0
27.57 0
27.58 0
27.59 0
27.6 0
27.61 0
27.62 0
27.63 0
27.64 0
27.65 0
27.66 0
27.67 0
27.68 0
27.69 0
27.7 0
27.71 0
27.72 0
27.73 0
27.74 0
27.75 0
27.76 0
27.77 0
27.78 0
27.79 0
27.8 0
27.81 0
27.82 1
27.83 2
27.84 5
27.85 5
27.86 5
27.87 6
27.88 7
27.89 9
27.9 9
27.91 10
27.92 11
27.93 12
27.94 13
27.95 14
27.96 16
27.97 17
27.98 17
27.99 19
28 20
28.01 21
28.02 22
28.03 24
28.04 24
28.05 25
28.06 26
28.07 27
28.08 28
28.09 29
28.1 30
28.11 31
28.12 25
28.13 25
28.14 26
28.15 25
28.16 19
28.17 19
28.18 20
28.19 0
28.2 0
28.21 0
28.22 0
28.23 0
28.24 0
28.25 0
28.26 0
28.27 0
28.28 0
28.29 0
28.3 0
28.31 0
28.32 0
28.33 0
28.34 0
28.35 0
28.36 0
28.37 0
28.38 0
28.39 0
28.4 0
28.41 1
28.42 1
28.43 1
28.44 3
28.45 4
28.46 5
28.47 7
28.48 8
28.49 9
28.5 10
28.51 11
28.52 12
28.53 13
28.54 15
28.55 16
28.56 17
28.57 17
28.58 19
28.59 20
28.6 21
28.61 22
28.62 23
28.63 24
28.64 25
28.65 26
28.66 27
28.67 28
28.68 29
28.69 30
28.7 31
28.71 25
28.72 25
28.73 26
28.74 25
28.75 16
28.76 12
28.77 0
28.78 0
28.79 0
28.8 0
28.81 0
28.82 0
28.83 0
28.84 0
28.85 0
28.86 0
28.87 0
28.88 0
28.89 0
28.9 0
28.91 0
28.92 0
28.93 0
28.94 0
28.95 0
28.96 0
28.97 0
28.98 0
28.99 0
29 0
29.01 0
29.02 0
29.03 0
29.04 0
29.05 0
29.06 0
29.07 1
29.08 2
29.09 4
29.1 4
29.11 6
29.12 6
29.13 7
29.14 7
29.15 9
29.16 10
29.17 11
29.18 13
29.19 13
29.2 15
29.21 15
29.22 17
29.23 18
29.24 19
29.25 19
29.26 21
29.27 22
29.28 23
29.29 23
29.3 24
29.31 25
29.32 27
29.33 28
29.34 28
29.35 30
29.36 31
29.37 26
29.38 25
29.39 25
29.4 26
29.41 25
29.42 16
29.43 14
29.44 0
29.45 0
29.46 0
29.47 0
29.48 0
29.49 0
29.5 0
29.51 0
29.52 0
29.53 0
29.54 0
29.55 0
29.56 0
29.57 0
29.58 0
29.59 0
29.6 0
29.61 0
29.62 0
29.63 0
29.64 0
29.65 0
29.66 0
29.67 0
29.68 0
29.69 1
29.7 2
29.71 3
29.72 5
29.73 5
29.74 7
29.75 8
29.76 9
29.77 10
29.78 12
29.79 13
29.8 13
29.81 15
29.82 16
29.83 17
29.84 18
29.85 19
29.86 20
29.87 21
29.88 22
29.89 23
29.9 24
29.91 25
29.92 26
29.93 28
29.94 28
29.95 29
29.96 30
29.97 31
29.98 25
29.99 25
30 25
30.01 25
30.02 13
30.03 0
30.04 0
30.05 0
30.06 0
30.07 0
30.08 0
30.09 0
30.1 0
30.11 0
30.12 0
30.13 0
30.14 0
30.15 0
30.16 0
30.17 0
30.18 0
30.19 0
30.2 0
30.21 0
30.22 0
30.23 0
30.24 0
30.25 0
30.26 0
30.27 0
30.28 0
30.29 0
30.3 0
30.31 0
30.32 0
30.33 0
30.34 0
30.35 0
30.36 0
30.37 0
30.38 0
30.39 0
30.4 0
30.41 0
30.42 0
30.43 0
30.44 1
30.45 2
30.46 3
30.47 4
30.48 6
30.49 7
30.5 8
30.51 9
30.52 11
30.53 12
30.54 12
30.55 14
30.56 16
30.57 16
30.58 17
30.59 18
30.6 19
30.61 20
30.62 21
30.63 23
30.64 24
30.65 24
30.66 24
30.67 26
30.68 27
30.69 28
30.7 28
30.71 30
30.72 31
30.73 25
30.74 25
30.75 26
30.76 26
30.77 17
30.78 15
30.79 3
30.8 0
30.81 0
30.82 0
30.83 0
30.84 0
30.85 0
30.86 0
30.87 0
30.88 0
30.89 0
30.9 0
30.91 0
30.92 0
30.93 0
30.94 0
30.95 0
30.96 0
30.97 0
30.98 0
30.99 0
31 0
31.01 0
31.02 0
31.03 0
31.04 0
31.05 0
31.06 0
31.07 1
31.08 2
31.09 3
31.1 5
31.11 6
31.12 7
31.13 8
31.14 9
31.15 11
31.16 11
31.17 13
31.18 14
31.19 15
31.2 16
31.21 17
31.22 18
31.23 19
31.24 20
31.25 21
31.26 23
31.27 23
31.28 24
31.29 25
31.3 27
31.31 27
31.32 28
31.33 29
31.34 32
31.35 31
31.36 25
31.37 25
31.38 26
31.39 25
31.4 9
31.41 0
31.42 0
31.43 0
31.44 0
31.45 0
31.46 0
31.47 0
31.48 0
31.49 0
31.5 0
31.51 0
31.52 0
31.53 0
31.54 0
31.55 0
31.56 0
31.57 0
31.58 0
31.59 0
31.6 0
31.61 0
31.62 0
31.63 0
31.64 0
31.65 0
31.66 0
31.67 0
31.68 0
31.69 0
31.7 0
31.71 0
31.72 0
31.73 0
31.74 0
31.75 0
31.76 0
31.77 0
31.78 0
31.79 0
31.8 0
31.81 0
31.82 1
31.83 3
31.84 4
31.85 5
31.86 5
31.87 6
31.88 8
31.89 9
31.9 10
31.91 11
31.92 12
31.93 13
31.94 14
31.95 16
31.96 17
31.97 18
31.98 18
31.99 20
32 21
32.01 22
32.02 23
32.03 24
32.04 25
32.05 26
32.06 27
32.07 28
32.08 29
32.09 30
32.1 31
32.11 25
32.12 26
32.13 25
32.14 26
32.15 23
32.16 23
32.17 18
32.18 0
32.19 0
32.2 0
32.21 0
32.22 0
32.23 0
32.24 0
32.25 0
32.26 0
32.27 0
32.28 0
32.29 0
32.3 0
32.31 0
32.32 0
32.33 0
32.34 0
32.35 0
32.36 0
32.37 0
32.38 0
32.39 0
32.4 0
32.41 0
32.42 0
32.43 0
32.44 0
32.45 0
32.46 0
32.47 0
32.48 0
32.49 0
32.5 0
32.51 0
32.52 0
32.53 0
32.54 2
32.55 3
32.56 3
32.57 5
32.58 6
32.59 7
32.6 8
32.61 10
32.62 11
32.63 11
32.64 13
32.65 14
32.66 15
32.67 16
32.68 18
32.69 18
32.7 19
32.71 20
32.72 22
32.73 23
32.74 23
32.75 25
32.76 26
32.77 27
32.78 27
32.79 28
32.8 29
32.81 30
32.82 31
32.83 26
32.84 25
32.85 26
32.86 25
32.87 8
32.88 0
32.89 0
32.9 0
32.91 0
32.92 0
32.93 0
32.94 0
32.95 0
32.96 0
32.97 0
32.98 0
32.99 0
33 0
33.01 0
33.02 0
33.03 0
33.04 0
33.05 0
33.06 0
33.07 0
33.08 0
33.09 0
33.1 0
33.11 0
33.12 0
33.13 0
33.14 0
33.15 0
33.16 0
33.17 0
33.18 0
33.19 0
33.2 0
33.21 0
33.22 0
33.23 0
33.24 0
33.25 0
33.26 0
33.27 0
33.28 0
33.29 0
33.3 2
33.31 3
33.32 4
33.33 6
33.34 7
33.35 8
33.36 8
33.37 9
33.38 10
33.39 12
33.4 13
33.41 13
33.42 15
33.43 16
33.44 17
33.45 18
33.46 20
33.47 20
33.48 21
33.49 22
33.5 24
33.51 24
33.52 25
33.53 26
33.54 28
33.55 29
33.56 29
33.57 30
33.58 32
33.59 26
33.6 25
33.61 25
33.62 25
33.63 8
33.64 0
33.65 0
33.66 0
33.67 0
33.68 0
33.69 0
33.7 0
33.71 0
33.72 0
33.73 0
33.74 0
33.75 0
33.76 0
33.77 0
33.78 0
33.79 0
33.8 0
33.81 0
33.82 0
33.83 0
33.84 0
33.85 0
33.86 0
33.87 0
33.88 0
33.89 0
33.9 0
33.91 0
33.92 0
33.93 0
33.94 0
33.95 0
33.96 0
33.97 0
33.98 0
33.99 0
34 0
34.01 0
34.02 0
34.03 0
34.04 0
34.05 1
34.06 2
34.07 4
34.08 5
34.09 6
34.1 7
34.11 9
34.12 9
34.13 10
34.14 12
34.15 13
34.16 14
34.17 15
34.18 16
34.19 17
34.2 18
34.21 19
34.22 21
34.23 21
34.24 22
34.25 24
34.26 25
34.27 26
34.28 26
34.29 28
34.3 29
34.31 30
34.32 30
34.33 32
34.34 25
34.35 25
34.36 25
34.37 26
34.38 8
34.39 9
34.4 0
34.41 0
34.42 0
34.43 0
34.44 0
34.45 0
34.46 0
34.47 0
34.48 0
34.49 0
34.5 0
34.51 0
34.52 0
34.53 0
34.54 0
34.55 0
34.56 0
34.57 0
34.58 0
34.59 0
34.6 0
34.61 0
34.62 0
34.63 0
34.64 0
34.65 2
34.66 2
34.67 3
34.68 5
34.69 5
34.7 6
34.71 8
34.72 9
34.73 10
34.74 11
34.75 13
34.76 13
34.77 14
34.78 16
34.79 17
34.8 18
34.81 19
34.82 20
34.83 21
34.84 22
34.85 23
34.86 23
34.87 24
34.88 25
34.89 26
34.9 26
34.91 27
34.92 29
34.93 30
34.94 30
34.95 25
34.96 25
34.97 25
34.98 25
34.99 18
35 11
35.01 3
35.02 0
35.03 0
35.04 0
35.05 0
35.06 0
35.07 0
35.08 0
35.09 0
35.1 0
35.11 0
35.12 0
35.13 0
35.14 0
35.15 0
35.16 0
35.17 0
35.18 0
35.19 0
35.2 0
35.21 0
35.22 0
35.23 0
35.24 0
35.25 0
35.26 0
35.27 0
35.28 0
35.29 0
35.3 1
35.31 2
35.32 3
35.33 4
35.34 6
35.35 6
35.36 7
35.37 9
35.38 10
35.39 11
35.4 12
35.41 14
35.42 14
35.43 16
35.44 17
35.45 18
35.46 19
35.47 20
35.48 21
35.49 22
35.5 23
35.51 23
35.52 24
35.53 25
35.54 27
35.55 27
35.56 28
35.57 29
35.58 31
35.59 31
35.6 25
35.61 25
35.62 27
35.63 25
35.64 6
35.65 0
35.66 0
35.67 0
35.68 0
35.69 0
35.7 0
35.71 0
35.72 0
35.73 0
35.74 0
35.75 0
35.76 0
35.77 0
35.78 0
35.79 0
35.8 0
35.81 0
35.82 0
35.83 0
35.84 0
35.85 0
35.86 0
35.87 0
35.88 0
35.89 0
35.9 0
35.91 0
35.92 0
35.93 0
35.94 0
35.95 1
35.96 3
35.97 3
35.98 4
35.99 6
36 7
36.01 8
36.02 8
36.03 10
36.04 10
36.05 12
36.06 13
36.07 14
36.08 16
36.09 16
36.1 18
36.11 18
36.12 20
36.13 20
36.14 22
36.15 22
36.16 24
36.17 24
36.18 25
36.19 26
36.2 28
36.21 28
36.22 29
36.23 30
36.24 32
36.25 25
36.26 26
36.27 26
36.28 26
36.29 16
36.3 17
36.31 17
36.32 0
36.33 0
36.34 0
36.35 0
36.36 0
36.37 0
36.38 0
36.39 0
36.4 0
36.41 0
36.42 0
36.43 0
36.44 0
36.45 0
36.46 0
36.47 0
36.48 0
36.49 0
36.5 0
36.51 0
36.52 0
36.53 0
36.54 0
36.55 0
36.56 0
36.57 0
36.58 0
36.59 0
36.6 0
36.61 1
36.62 2
36.63 3
36.64 5
36.65 6
36.66 7
36.67 8
36.68 8
36.69 10
36.7 11
36.71 12
36.72 12
36.73 13
36.74 15
36.75 16
36.76 16
36.77 17
36.78 19
36.79 20
36.8 21
36.81 22
36.82 24
36.83 24
36.84 25
36.85 27
36.86 28
36.87 28
36.88 29
36.89 31
36.9 32
36.91 25
36.92 26
36.93 25
36.94 26
36.95 25
36.96 26
36.97 15
36.98 0
36.99 0
37 0
37.01 0
37.02 0
37.03 0
37.04 0
37.05 0
37.06 0
37.07 0
37.08 0
37.09 0
37.1 0
37.11 0
37.12 0
37.13 0
37.14 0
37.15 0
37.16 0
37.17 0
37.18 0
37.19 0
37.2 0
37.21 0
37.22 1
37.23 2
37.24 2
37.25 4
37.26 5
37.27 6
37.28 7
37.29 8
37.3 10
37.31 11
37.32 12
37.33 13
37.34 14
37.35 15
37.36 16
37.37 17
37.38 18
37.39 20
37.4 20
37.41 22
37.42 23
37.43 24
37.44 25
37.45 26
37.46 27
37.47 28
37.48 29
37.49 30
37.5 31
37.51 25
37.52 26
37.53 26
37.54 26
37.55 23
37.56 0
37.57 0
37.58 0
37.59 0
37.6 0
37.61 0
37.62 0
37.63 0
37.64 0
37.65 0
37.66 0
37.67 0
37.68 0
37.69 0
37.7 0
37.71 0
37.72 0
37.73 0
37.74 0
37.75 0
37.76 0
37.77 0
37.78 0
37.79 0
37.8 0
37.81 0
37.82 0
37.83 0
37.84 0
37.85 0
37.86 0
37.87 0
37.88 1
37.89 2
37.9 3
37.91 5
37.92 6
37.93 7
37.94 7
37.95 9
37.96 10
37.97 11
37.98 12
37.99 13
38 15
38.01 15
38.02 16
38.03 17
38.04 19
38.05 19
38.06 21
38.07 22
38.08 23
38.09 24
38.1 25
38.11 26
38.12 27
38.13 28
38.14 29
38.15 31
38.16 31
38.17 25
38.18 26
38.19 26
38.2 25
38.21 23
38.22 1
38.23 0
38.24 0
38.25 0
38.26 0
38.27 0
38.28 0
38.29 0
38.3 0
38.31 0
38.32 0
38.33 0
38.34 0
38.35 0
38.36 0
38.37 0
38.38 0
38.39 0
38.4 0
38.41 0
38.42 0
38.43 0
38.44 0
38.45 0
38.46 0
38.47 0
38.48 0
38.49 0
38.5 0
38.51 0
38.52 0
38.53 0
38.54 0
38.55 0
38.56 0
38.57 0
38.58 0
38.59 0
38.6 0
38.61 0
38.62 0
38.63 0
38.64 2
38.65 3
38.66 4
38.67 5
38.68 7
38.69 8
38.7 9
38.71 10
38.72 11
38.73 12
38.74 13
38.75 15
38.76 15
38.77 17
38.78 18
38.79 19
38.8 20
38.81 21
38.82 22
38.83 23
38.84 24
38.85 25
38.86 26
38.87 27
38.88 28
38.89 29
38.9 30
38.91 31
38.92 25
38.93 26
38.94 25
38.95 25
38.96 19
38.97 3
38.98 0
38.99 0
39 0
39.01 0
39.02 0
39.03 0
39.04 0
39.05 0
39.06 0
39.07 0
39.08 0
39.09 0
39.1 0
39.11 0
39.12 0
39.13 0
39.14 0
39.15 0
39.16 0
39.17 0
39.18 0
39.19 0
39.2 0
39.21 0
39.22 0
39.23 0
39.24 0
39.25 0
39.26 0
39.27 2
39.28 3
39.29 4
39.3 5
39.31 6
39.32 7
39.33 8
39.34 10
39.35 11
39.36 12
39.37 13
39.38 14
39.39 15
39.4 16
39.41 17
39.42 17
39.43 19
39.44 19
39.45 20
39.46 22
39.47 23
39.48 23
39.49 24
39.5 26
39.51 27
39.52 27
39.53 28
39.54 30
39.55 31
39.56 25
39.57 25
39.58 26
39.59 26
39.6 24
39.61 10
39.62 9
39.63 3
39.64 0
39.65 0
39.66 0
39.67 0
39.68 0
39.69 0
39.7 0
39.71 0
39.72 0
39.73 0
39.74 0
39.75 0
39.76 0
39.77 0
39.78 0
39.79 0
39.8 0
39.81 0
39.82 0
39.83 0
39.84 0
39.85 0
39.86 0
39.87 0
39.88 0
39.89 0
39.9 0
39.91 0
39.92 1
39.93 2
39.94 4
39.95 5
39.96 6
39.97 7
39.98 8
39.99 10
40 10
40.01 12
40.02 13
40.03 14
40.04 15
40.05 16
40.06 17
40.07 18
40.08 20
40.09 20
40.1 22
40.11 22
40.12 24
40.13 24
40.14 26
40.15 27
40.16 28
40.17 28
40.18 29
40.19 30
40.2 31
40.21 25
40.22 26
40.23 25
40.24 26
40.25 14
40.26 15
40.27 0
40.28 0
40.29 0
40.3 0
40.31 0
40.32 0
40.33 0
40.34 0
40.35 0
40.36 0
40.37 0
40.38 0
40.39 0
40.4 0
40.41 0
40.42 0
40.43 0
40.44 0
40.45 0
40.46 0
40.47 0
40.48 0
40.49 0
40.5 0
40.51 0
40.52 0
40.53 0
40.54 0
40.55 0
40.56 1
40.57 2
40.58 3
40.59 4
40.6 6
40.61 7
40.62 8
40.63 10
40.64 10
40.65 12
40.66 12
40.67 14
40.68 16
40.69 16
40.7 17
40.71 18
40.72 19
40.73 20
40.74 22
40.75 22
40.76 23
40.77 24
40.78 26
40.79 26
40.8 28
40.81 28
40.82 30
40.83 30
40.84 31
40.85 25
40.86 25
40.87 25
40.88 25
40.89 23
40.9 16
40.91 16
40.92 0
40.93 0
40.94 0
40.95 0
40.96 0
40.97 0
40.98 0
40.99 0
41 0
41.01 0
41.02 0
41.03 0
41.04 0
41.05 0
41.06 0
41.07 0
41.08 0
41.09 0
41.1 0
41.11 0
41.12 0
41.13 0
41.14 0
41.15 0
41.16 0
41.17 0
41.18 0
41.19 0
41.2 0
41.21 0
41.22 1
41.23 2
41.24 4
41.25 5
41.26 6
41.27 7
41.28 8
41.29 9
41.3 10
41.31 12
41.32 13
41.33 14
41.34 15
41.35 16
41.36 17
41.37 17
41.38 18
41.39 19
41.4 21
41.41 21
41.42 22
41.43 24
41.44 25
41.45 25
41.46 27
41.47 27
41.48 28
41.49 29
41.5 30
41.51 31
41.52 25
41.53 25
41.54 26
41.55 26
41.56 9
41.57 2
41.58 3
41.59 0
41.6 0
41.61 0
41.62 0
41.63 0
41.64 0
41.65 0
41.66 0
41.67 0
41.68 0
41.69 0
41.7 0
41.71 0
41.72 0
41.73 0
41.74 0
41.75 0
41.76 0
41.77 0
41.78 0
41.79 0
41.8 0
41.81 0
41.82 0
41.83 1
41.84 2
41.85 3
41.86 4
41.87 5
41.88 6
41.89 8
41.9 9
41.91 10
41.92 11
41.93 12
41.94 13
41.95 14
41.96 16
41.97 17
41.98 18
41.99 18
42 20
42.01 21
42.02 22
42.03 23
42.04 24
42.05 25
42.06 26
42.07 27
42.08 28
42.09 29
42.1 30
42.11 31
42.12 25
42.13 25
42.14 26
42.15 26
42.16 18
42.17 0
42.18 0
42.19 0
42.2 0
42.21 0
42.22 0
42.23 0
42.24 0
42.25 0
42.26 0
42.27 0
42.28 0
42.29 0
42.3 0
42.31 0
42.32 0
42.33 0
42.34 0
42.35 0
42.36 0
42.37 0
42.38 0
42.39 0
42.4 0
42.41 0
42.42 0
42.43 0
42.44 0
42.45 0
42.46 0
42.47 0
42.48 0
42.49 2
42.5 3
42.51 4
42.52 6
42.53 6
42.54 8
42.55 9
42.56 10
42.57 11
42.58 12
42.59 14
42.6 14
42.61 16
42.62 16
42.63 17
42.64 18
42.65 20
42.66 20
42.67 21
42.68 22
42.69 24
42.7 25
42.71 25
42.72 26
42.73 27
42.74 28
42.75 28
42.76 29
42.77 30
42.78 26
42.79 25
42.8 25
42.81 25
42.82 15
42.83 0
42.84 0
42.85 0
42.86 0
42.87 0
42.88 0
42.89 0
42.9 0
42.91 0
42.92 0
42.93 0
42.94 0
42.95 0
42.96 0
42.97 0
42.98 0
42.99 0
43 0
43.01 0
43.02 0
43.03 0
43.04 0
43.05 0
43.06 0
43.07 0
43.08 0
43.09 0
43.1 0
43.11 0
43.12 0
43.13 0
43.14 0
43.15 0
43.16 0
43.17 0
43.18 0
43.19 0
43.2 0
43.21 0
43.22 0
43.23 0
43.24 1
43.25 1
43.26 3
43.27 4
43.28 5
43.29 6
43.3 8
43.31 9
43.32 9
43.33 11
43.34 12
43.35 13
43.36 13
43.37 15
43.38 16
43.39 17
43.4 18
43.41 19
43.42 20
43.43 21
43.44 22
43.45 23
43.46 24
43.47 25
43.48 26
43.49 27
43.5 28
43.51 29
43.52 30
43.53 31
43.54 25
43.55 25
43.56 25
43.57 25
43.58 20
43.59 17
43.6 14
43.61 0
43.62 0
43.63 0
43.64 0
43.65 0
43.66 0
43.67 0
43.68 0
43.69 0
43.7 0
43.71 0
43.72 0
43.73 0
43.74 0
43.75 0
43.76 0
43.77 0
43.78 0
43.79 0
43.8 0
43.81 0
43.82 0
43.83 0
43.84 0
43.85 0
43.86 0
43.87 0
43.88 1
43.89 1
43.9 3
43.91 4
43.92 5
43.93 6
43.94 8
43.95 9
43.96 9
43.97 11
43.98 12
43.99 14
44 13
44.01 14
44.02 15
44.03 16
44.04 18
44.05 18
44.06 19
44.07 20
44.08 22
44.09 22
44.1 24
44.11 24
44.12 26
44.13 26
44.14 28
44.15 28
44.16 30
44.17 30
44.18 25
44.19 25
44.2 25
44.21 25
44.22 24
44.23 16
44.24 8
44.25 8
44.26 3
44.27 0
44.28 0
44.29 0
44.3 0
44.31 0
44.32 0
44.33 0
44.34 0
44.35 0
44.36 0
44.37 0
44.38 0
44.39 0
44.4 0
44.41 0
44.42 0
44.43 0
44.44 0
44.45 0
44.46 0
44.47 0
44.48 0
44.49 0
44.5 0
44.51 0
44.52 0
44.53 0
44.54 1
44.55 1
44.56 2
44.57 4
44.58 5
44.59 6
44.6 7
44.61 9
44.62 9
44.63 10
44.64 12
44.65 13
44.66 14
44.67 15
44.68 17
44.69 17
44.7 18
44.71 19
44.72 21
44.73 21
44.74 22
44.75 24
44.76 25
44.77 27
44.78 27
44.79 28
44.8 29
44.81 30
44.82 30
44.83 31
44.84 25
44.85 26
44.86 25
44.87 26
44.88 12
44.89 13
44.9 2
44.91 3
44.92 3
44.93 0
44.94 0
44.95 1
44.96 1
44.97 2
44.98 6
44.99 6
45 7
45.01 8
45.02 10
45.03 11
45.04 11
45.05 13
45.06 13
45.07 15
45.08 15
45.09 17
45.1 17
45.11 19
45.12 20
45.13 21
45.14 22
45.15 23
45.16 24
45.17 25
45.18 26
45.19 27
45.2 27
45.21 28
45.22 29
45.23 23
45.24 23
45.25 23
45.26 24
45.27 9
45.28 0
45.29 0
45.3 0
45.31 0
45.32 0
45.33 0
45.34 0
45.35 0
45.36 0
45.37 0
45.38 0
45.39 0
45.4 0
45.41 0
45.42 0
45.43 0
45.44 0
45.45 0
45.46 0
45.47 0
45.48 0
45.49 0
45.5 0
45.51 0
45.52 0
45.53 0
45.54 1
45.55 2
45.56 3
45.57 4
45.58 5
45.59 6
45.6 7
45.61 9
45.62 10
45.63 11
45.64 13
45.65 13
45.66 14
45.67 15
45.68 17
45.69 17
45.7 19
45.71 20
45.72 21
45.73 22
45.74 24
45.75 24
45.76 25
45.77 26
45.78 27
45.79 28
45.8 29
45.81 30
45.82 31
45.83 25
45.84 25
45.85 26
45.86 25
45.87 19
45.88 4
45.89 5
45.9 0
45.91 0
45.92 0
45.93 0
45.94 0
45.95 0
45.96 0
45.97 0
45.98 0
45.99 0
46 0
46.01 0
46.02 0
46.03 0
46.04 0
46.05 0
46.06 0
46.07 0
46.08 0
46.09 0
46.1 0
46.11 0
46.12 0
46.13 0
46.14 0
46.15 0
46.16 1
46.17 2
46.18 2
46.19 3
46.2 5
46.21 6
46.22 7
46.23 9
46.24 10
46.25 10
46.26 11
46.27 12
46.28 13
46.29 14
46.3 16
46.31 16
46.32 18
46.33 18
46.34 20
46.35 21
46.36 22
46.37 23
46.38 24
46.39 25
46.4 26
46.41 26
46.42 27
46.43 28
46.44 30
46.45 30
46.46 25
46.47 26
46.48 26
46.49 25
46.5 23
46.51 0
46.52 0
46.53 0
46.54 0
46.55 0
46.56 0
46.57 0
46.58 0
46.59 0
46.6 0
46.61 0
46.62 0
46.63 0
46.64 0
46.65 0
46.66 0
46.67 0
46.68 0
46.69 0
46.7 0
46.71 0
46.72 0
46.73 0
46.74 0
46.75 0
46.76 0
46.77 0
46.78 0
46.79 0
46.8 0
46.81 0
46.82 0
46.83 0
46.84 0
46.85 0
46.86 0
46.87 0
46.88 0
46.89 0
46.9 0
46.91 0
46.92 0
46.93 1
46.94 1
46.95 3
46.96 4
46.97 5
46.98 6
46.99 7
47 9
47.01 9
47.02 11
47.03 12
47.04 13
47.05 13
47.06 14
47.07 15
47.08 17
47.09 18
47.1 19
47.11 20
47.12 21
47.13 22
47.14 23
47.15 24
47.16 25
47.17 26
47.18 27
47.19 28
47.2 29
47.21 30
47.22 31
47.23 25
47.24 25
47.25 25
47.26 26
47.27 17
47.28 14
47.29 15
47.3 16
47.31 0
47.32 0
47.33 0
47.34 0
47.35 0
47.36 0
47.37 0
47.38 0
47.39 0
47.4 0
47.41 0
47.42 0
47.43 0
47.44 0
47.45 0
47.46 0
47.47 0
47.48 0
47.49 0
47.5 0
47.51 0
47.52 0
47.53 0
47.54 0
47.55 0
47.56 0
47.57 0
47.58 0
47.59 0
47.6 0
47.61 0
47.62 0
47.63 0
47.64 0
47.65 0
47.66 0
47.67 0
47.68 0
47.69 0
47.7 0
47.71 2
47.72 3
47.73 4
47.74 6
47.75 6
47.76 7
47.77 9
47.78 10
47.79 11
47.8 11
47.81 13
47.82 13
47.83 15
47.84 16
47.85 17
47.86 18
47.87 19
47.88 20
47.89 21
47.9 23
47.91 23
47.92 25
47.93 25
47.94 27
47.95 27
47.96 29
47.97 29
47.98 31
47.99 31
48 26
48.01 25
48.02 26
48.03 25
48.04 11
48.05 5
48.06 2
48.07 0
48.08 0
48.09 0
48.1 0
48.11 0
48.12 0
48.13 0
48.14 0
48.15 0
48.16 0
48.17 0
48.18 0
48.19 0
48.2 0
48.21 0
48.22 0
48.23 0
48.24 0
48.25 0
48.26 0
48.27 0
48.28 0
48.29 0
48.3 0
48.31 0
48.32 1
48.33 3
48.34 4
48.35 5
48.36 5
48.37 7
48.38 8
48.39 9
48.4 10
48.41 11
48.42 13
48.43 13
48.44 15
48.45 16
48.46 17
48.47 18
48.48 19
48.49 20
48.5 21
48.51 22
48.52 23
48.53 24
48.54 25
48.55 25
48.56 26
48.57 27
48.58 29
48.59 29
48.6 30
48.61 25
48.62 25
48.63 25
48.64 25
48.65 20
48.66 10
48.67 6
48.68 0
48.69 0
48.7 0
48.71 0
48.72 0
48.73 0
48.74 0
48.75 0
48.76 0
48.77 0
48.78 0
48.79 0
48.8 0
48.81 0
48.82 0
48.83 0
48.84 0
48.85 0
48.86 0
48.87 0
48.88 0
48.89 0
48.9 0
48.91 0
48.92 0
48.93 0
48.94 0
48.95 0
48.96 0
48.97 0
48.98 0
48.99 0
49 0
49.01 0
49.02 0
49.03 0
49.04 0
49.05 0
49.06 0
49.07 0
49.08 0
49.09 0
49.1 1
49.11 2
49.12 3
49.13 4
49.14 5
49.15 6
49.16 5
49.17 2
49.18 2
49.19 3
49.2 4
49.21 4
49.22 5
49.23 5
49.24 6
49.25 7
49.26 8
49.27 9
49.28 9
49.29 11
49.3 11
49.31 12
49.32 13
49.33 14
49.34 15
49.35 15
49.36 17
49.37 17
49.38 18
49.39 18
49.4 20
49.41 20
49.42 21
49.43 21
49.44 22
49.45 23
49.46 24
49.47 24
49.48 25
49.49 26
49.5 27
49.51 27
49.52 28
49.53 29
49.54 24
49.55 24
49.56 24
49.57 25
49.58 19
49.59 6
49.6 0
49.61 0
49.62 0
49.63 0
49.64 0
49.65 0
49.66 0
49.67 0
49.68 0
49.69 0
49.7 0
49.71 0
49.72 0
49.73 0
49.74 0
49.75 0
49.76 0
49.77 0
49.78 0
49.79 0
49.8 0
49.81 0
49.82 0
49.83 0
49.84 0
49.85 0
49.86 0
49.87 0
49.88 0
49.89 0
49.9 0
49.91 0
49.92 0
49.93 0
49.94 0
49.95 0
49.96 0
49.97 0
49.98 0
49.99 1
50 2
50.01 4
50.02 5
50.03 5
50.04 8
50.05 8
50.06 9
50.07 10
50.08 12
50.09 13
50.1 13
50.11 15
50.12 16
50.13 17
50.14 17
50.15 19
50.16 19
50.17 21
50.18 21
50.19 23
50.2 23
50.21 25
50.22 25
50.23 27
50.24 27
50.25 29
50.26 29
50.27 31
50.28 25
50.29 25
50.3 25
50.31 25
50.32 22
50.33 14
50.34 9
50.35 1
50.36 0
50.37 0
50.38 0
50.39 0
50.4 0
50.41 0
50.42 0
50.43 0
50.44 0
50.45 0
50.46 0
50.47 0
50.48 0
50.49 0
50.5 0
50.51 0
50.52 0
50.53 0
50.54 0
50.55 0
50.56 0
50.57 0
50.58 0
50.59 0
50.6 0
50.61 0
50.62 0
50.63 0
50.64 0
50.65 0
50.66 0
50.67 1
50.68 2
50.69 2
50.7 4
50.71 6
50.72 6
50.73 8
50.74 9
50.75 10
50.76 11
50.77 12
50.78 14
50.79 14
50.8 16
50.81 16
50.82 18
50.83 18
50.84 20
50.85 20
50.86 22
50.87 23
50.88 24
50.89 24
50.9 26
50.91 27
50.92 28
50.93 29
50.94 30
50.95 31
50.96 25
50.97 25
50.98 25
50.99 26
51 23
51.01 24
51.02 10
51.03 10
51.04 0
51.05 0
51.06 0
51.07 0
51.08 0
51.09 0
51.1 0
51.11 0
51.12 0
51.13 0
51.14 1
51.15 3
51.16 3
51.17 5
51.18 6
51.19 7
51.2 8
51.21 10
51.22 11
51.23 11
51.24 13
51.25 14
51.26 15
51.27 16
51.28 17
51.29 18
51.3 19
51.31 20
51.32 21
51.33 23
51.34 23
51.35 25
51.36 26
51.37 27
51.38 27
51.39 29
51.4 31
51.41 31
51.42 31
51.43 26
51.44 26
51.45 26
51.46 25
51.47 26
51.48 7
51.49 0
51.5 0
51.51 0
51.52 0
51.53 0
51.54 0
51.55 0
51.56 0
51.57 0
51.58 0
51.59 0
51.6 0
51.61 0
51.62 0
51.63 0
51.64 0
51.65 0
51.66 0
51.67 0
51.68 0
51.69 0
51.7 0
51.71 0
51.72 0
51.73 0
51.74 0
51.75 0
51.76 0
51.77 0
51.78 0
51.79 0
51.8 0
51.81 0
51.82 0
51.83 0
51.84 0
51.85 0
51.86 0
51.87 0
51.88 0
51.89 0
51.9 2
51.91 3
51.92 4
51.93 5
51.94 7
51.95 7
51.96 8
51.97 10
51.98 11
51.99 12
52 13
52.01 15
52.02 15
52.03 16
52.04 17
52.05 19
52.06 19
52.07 19
52.08 20
52.09 23
52.1 23
52.11 23
52.12 25
52.13 27
52.14 27
52.15 27
52.16 29
52.17 30
52.18 32
52.19 25
52.2 26
52.21 26
52.22 26
52.23 19
52.24 5
52.25 1
52.26 0
52.27 0
52.28 0
52.29 0
52.3 0
52.31 0
52.32 0
52.33 0
52.34 0
52.35 0
52.36 0
52.37 0
52.38 0
52.39 0
52.4 0
52.41 0
52.42 0
52.43 0
52.44 0
52.45 0
52.46 0
52.47 0
52.48 0
52.49 0
52.5 0
52.51 0
52.52 0
52.53 0
52.54 0
52.55 0
52.56 0
52.57 0
52.58 0
52.59 0
52.6 0
52.61 0
52.62 0
52.63 0
52.64 0
52.65 0
52.66 1
52.67 3
52.68 3
52.69 4
52.7 6
52.71 7
52.72 8
52.73 9
52.74 11
52.75 11
52.76 12
52.77 13
52.78 15
52.79 16
52.8 17
52.81 18
52.82 19
52.83 20
52.84 21
52.85 22
52.86 23
52.87 24
52.88 25
52.89 27
52.9 27
52.91 28
52.92 29
52.93 31
52.94 31
52.95 25
52.96 26
52.97 25
52.98 25
52.99 16
53 5
53.01 0
53.02 0
53.03 0
53.04 0
53.05 0
53.06 0
53.07 0
53.08 0
53.09 0
53.1 0
53.11 0
53.12 0
53.13 0
53.14 0
53.15 0
53.16 0
53.17 0
53.18 0
53.19 0
53.2 0
53.21 0
53.22 0
53.23 0
53.24 0
53.25 0
53.26 0
53.27 0
53.28 0
53.29 0
53.3 0
53.31 0
53.32 0
53.33 0
53.34 0
53.35 0
53.36 0
53.37 0
53.38 0
53.39 0
53.4 1
53.41 2
53.42 3
53.43 4
53.44 5
53.45 6
53.46 6
53.47 7
53.48 8
53.49 9
53.5 11
53.51 12
53.52 13
53.53 13
53.54 15
53.55 16
53.56 17
53.57 18
53.58 20
53.59 20
53.6 21
53.61 23
53.62 24
53.63 25
53.64 25
53.65 27
53.66 28
53.67 29
53.68 29
53.69 31
53.7 32
53.71 26
53.72 25
53.73 25
53.74 27
53.75 23
53.76 19
53.77 11
53.78 0
53.79 0
53.8 0
53.81 0
53.82 0
53.83 0
53.84 0
53.85 0
53.86 0
53.87 0
53.88 0
53.89 0
53.9 0
53.91 0
53.92 0
53.93 0
53.94 0
53.95 0
53.96 0
53.97 0
53.98 0
53.99 0
54 0
54.01 0
54.02 0
54.03 0
54.04 0
54.05 0
54.06 0
54.07 0
54.08 0
54.09 0
54.1 0
54.11 0
54.12 0
54.13 0
54.14 0
54.15 0
54.16 0
54.17 0
54.18 0
54.19 0
54.2 0
54.21 0
54.22 0
54.23 0
54.24 0
54.25 0
54.26 0
54.27 0
54.28 1
54.29 3
54.3 3
54.31 4
54.32 5
54.33 6
54.34 6
54.35 7
54.36 9
54.37 9
54.38 10
54.39 10
54.4 11
54.41 11
54.42 14
54.43 14
54.44 14
54.45 16
54.46 16
54.47 17
54.48 17
54.49 18
54.5 19
54.51 20
54.52 20
54.53 21
54.54 23
54.55 23
54.56 23
54.57 24
54.58 25
54.59 26
54.6 26
54.61 27
54.62 28
54.63 29
54.64 24
54.65 24
54.66 25
54.67 24
54.68 19
54.69 11
54.7 12
54.71 0
54.72 0
54.73 0
54.74 0
54.75 0
54.76 0
54.77 0
54.78 0
54.79 0
54.8 0
54.81 0
54.82 0
54.83 0
54.84 0
54.85 0
54.86 0
54.87 0
54.88 0
54.89 0
54.9 0
54.91 0
54.92 0
54.93 0
54.94 0
54.95 0
54.96 0
54.97 0
54.98 0
54.99 0
55 0
55.01 0
55.02 0
55.03 0
55.04 0
55.05 0
55.06 0
55.07 0
55.08 0
55.09 2
55.1 2
55.11 3
55.12 5
55.13 6
55.14 7
55.15 8
55.16 10
55.17 10
55.18 11
55.19 12
55.2 15
55.21 15
55.22 15
55.23 17
55.24 18
55.25 19
55.26 20
55.27 21
55.28 22
55.29 22
55.3 23
55.31 24
55.32 26
55.33 26
55.34 27
55.35 28
55.36 30
55.37 30
55.38 28
55.39 26
55.4 25
55.41 25
55.42 25
55.43 8
55.44 4
55.45 4
55.46 3
55.47 0
55.48 0
55.49 0
55.5 0
55.51 0
55.52 0
55.53 0
55.54 0
55.55 0
55.56 0
55.57 0
55.58 0
55.59 0
55.6 0
55.61 0
55.62 0
55.63 0
55.64 0
55.65 0
55.66 0
55.67 0
55.68 0
55.69 0
55.7 0
55.71 1
55.72 2
55.73 3
55.74 5
55.75 6
55.76 7
55.77 8
55.78 9
55.79 10
55.8 11
55.81 12
55.82 13
55.83 15
55.84 16
55.85 16
55.86 17
55.87 19
55.88 20
55.89 21
55.9 21
55.91 23
55.92 23
55.93 24
55.94 24
55.95 27
55.96 27
55.97 28
55.98 28
55.99 30
56 30
56.01 25
56.02 25
56.03 25
56.04 25
56.05 12
56.06 1
56.07 0
56.08 0
56.09 0
56.1 0
56.11 0
56.12 0
56.13 0
56.14 0
56.15 0
56.16 0
56.17 0
56.18 0
56.19 0
56.2 0
56.21 0
56.22 0
56.23 0
56.24 0
56.25 0
56.26 0
56.27 0
56.28 0
56.29 0
56.3 0
56.31 0
56.32 0
56.33 0
56.34 1
56.35 3
56.36 4
56.37 5
56.38 6
56.39 8
56.4 9
56.41 10
56.42 11
56.43 12
56.44 13
56.45 14
56.46 15
56.47 16
56.48 17
56.49 19
56.5 20
56.51 20
56.52 21
56.53 22
56.54 23
56.55 24
56.56 25
56.57 26
56.58 27
56.59 28
56.6 28
56.61 30
56.62 31
56.63 25
56.64 25
56.65 25
56.66 25
56.67 14
56.68 7
56.69 5
56.7 0
56.71 0
56.72 0
56.73 0
56.74 0
56.75 0
56.76 0
56.77 0
56.78 0
56.79 0
56.8 0
56.81 0
56.82 0
56.83 0
56.84 0
56.85 0
56.86 0
56.87 1
56.88 1
56.89 3
56.9 5
56.91 5
56.92 7
56.93 9
56.94 9
56.95 11
56.96 12
56.97 13
56.98 13
56.99 15
57 16
57.01 17
57.02 17
57.03 18
57.04 20
57.05 21
57.06 21
57.07 22
57.08 24
57.09 25
57.1 25
57.11 27
57.12 28
57.13 29
57.14 29
57.15 30
57.16 25
57.17 26
57.18 25
57.19 25
57.2 26
57.21 25
57.22 19
57.23 7
57.24 0
57.25 0
57.26 0
57.27 0
57.28 0
57.29 0
57.3 0
57.31 0
57.32 0
57.33 0
57.34 0
57.35 0
57.36 0
57.37 0
57.38 0
57.39 0
57.4 0
57.41 0
57.42 0
57.43 0
57.44 0
57.45 0
57.46 0
57.47 0
57.48 0
57.49 0
57.5 0
57.51 0
57.52 0
57.53 0
57.54 0
57.55 0
57.56 0
57.57 0
57.58 0
57.59 0
57.6 0
57.61 0
57.62 0
57.63 0
57.64 1
57.65 1
57.66 3
57.67 4
57.68 5
57.69 6
57.7 7
57.71 9
57.72 10
57.73 12
57.74 12
57.75 13
57.76 14
57.77 15
57.78 17
57.79 17
57.8 19
57.81 20
57.82 21
57.83 22
57.84 23
57.85 23
57.86 25
57.87 26
57.88 27
57.89 27
57.9 29
57.91 30
57.92 32
57.93 25
57.94 25
57.95 25
57.96 25
57.97 24
57.98 4
57.99 0
58 0
58.01 0
58.02 0
58.03 0
58.04 0
58.05 0
58.06 0
58.07 0
58.08 0
58.09 0
58.1 0
58.11 0
58.12 0
58.13 0
58.14 0
58.15 0
58.16 0
58.17 0
58.18 0
58.19 0
58.2 0
58.21 0
58.22 0
58.23 0
58.24 0
58.25 0
58.26 0
58.27 0
58.28 0
58.29 0
58.3 0
58.31 0
58.32 0
58.33 0
58.34 0
58.35 0
58.36 0
58.37 0
58.38 0
58.39 0
58.4 0
58.41 0
58.42 0
58.43 0
58.44 0
58.45 0
58.46 0
58.47 0
58.48 0
58.49 0
58.5 0
58.51 0
58.52 0
58.53 0
58.54 0
58.55 0
58.56 0
58.57 0
58.58 0
58.59 0
58.6 0
58.61 0
58.62 0
58.63 0
58.64 0
58.65 0
58.66 0
58.67 0
58.68 0
58.69 0
58.7 0
58.71 0
58.72 0
58.73 0
58.74 0
58.75 0
58.76 0
58.77 0
58.78 0
58.79 0
58.8 0
58.81 0
58.82 0
58.83 0
58.84 0
58.85 0
58.86 0
58.87 0
58.88 0
58.89 0
58.9 0
58.91 0
58.92 0
58.93 0
58.94 0
58.95 0
58.96 0
58.97 0
58.98 0
58.99 0
59 0
59.01 0
59.02 0
59.03 0
59.04 0
59.05 0
59.06 0
59.07 0
59.08 0
59.09 0
59.1 0
59.11 0
59.12 0
59.13 0
59.14 0
59.15 0
59.16 0
59.17 0
59.18 0
59.19 0
59.2 0
59.21 0
59.22 0
59.23 0
59.24 0
59.25 0
59.26 0
59.27 0
59.28 0
59.29 0
59.3 0
59.31 0
59.32 0
59.33 0
59.34 0
59.35 0
59.36 0
59.37 0
59.38 0
59.39 0
59.4 0
59.41 0
59.42 0
59.43 0
59.44 0
59.45 0
59.46 0
59.47 0
59.48 0
59.49 0
59.5 0
59.51 0
59.52 0
59.53 0
59.54 0
59.55 0
59.56 0
59.57 0
59.58 0
59.59 0
59.6 0
59.61 0
59.62 0
59.63 0
59.64 0
59.65 0
59.66 0
59.67 0
59.68 0
59.69 0
59.7 0
59.71 0
59.72 0
59.73 0
59.74 0
59.75 0
59.76 0
59.77 0
59.78 0
59.79 0
59.8 0
59.81 0
59.82 0
59.83 0
59.84 0
59.85 0
59.86 0
59.87 0
59.88 0
59.89 0
59.9 0
59.91 0
59.92 0
59.93 0
59.94 0
59.95 0
59.96 0
59.97 0
59.98 0
59.99 0
60 0
60.01 0
60.02 0
60.03 0
60.04 0
60.05 0
60.06 0
60.07 0
60.08 0
60.09 0
60.1 0
60.11 0
60.12 0
60.13 0
60.14 0
60.15 0
60.16 0
60.17 0
60.18 0
60.19 0
60.2 0
60.21 0
60.22 0
60.23 0
60.24 0
60.25 0
60.26 0
60.27 0
60.28 0
60.29 0
60.3 0
60.31 0
60.32 0
60.33 0
60.34 0
60.35 0
60.36 0
60.37 0
60.38 0
60.39 0
60.4 0
60.41 0
60.42 0
60.43 0
60.44 0
60.45 0
60.46 0
60.47 0
60.48 0
60.49 0
60.5 0
60.51 0
60.52 0
60.53 0
60.54 0
60.55 0
60.56 0
60.57 0
60.58 0
60.59 0
60.6 0
60.61 0
60.62 0
60.63 0
60.64 0
60.65 0
60.66 0
60.67 0
60.68 0
60.69 0
60.7 0
60.71 0
60.72 0
60.73 0
60.74 0
60.75 0
60.76 0
60.77 0
60.78 0
60.79 0
60.8 0
60.81 0
60.82 0
60.83 0
60.84 0
60.85 0
60.86 0
60.87 0
60.88 0
60.89 0
60.9 0
60.91 0
60.92 0
60.93 0
60.94 0
60.95 0
60.96 0
60.97 0
60.98 0
60.99 0
61 0
61.01 0
61.02 0
61.03 0
61.04 0
61.05 0
61.06 0
61.07 0
61.08 0
61.09 0
61.1 0
61.11 0
61.12 0
61.13 0
61.14 0
61.15 0
61.16 0
61.17 0
61.18 0
61.19 0
61.2 0
61.21 0
61.22 0
61.23 0
61.24 0
61.25 0
61.26 0
61.27 0
61.28 0
61.29 0
61.3 0
61.31 0
61.32 0
61.33 0
61.34 0
61.35 0
61.36 0
61.37 0
61.38 0
61.39 0
61.4 0
61.41 0
61.42 0
61.43 0
61.44 0
61.45 0
61.46 0
61.47 0
61.48 0
61.49 0
61.5 0
61.51 0
61.52 0
61.53 0
61.54 0
61.55 0
61.56 0
61.57 0
61.58 0
61.59 0
61.6 0
61.61 0
61.62 0
61.63 0
61.64 0
61.65 0
61.66 0
61.67 0
61.68 0
61.69 0
61.7 0
61.71 0
61.72 0
61.73 0
61.74 0
61.75 0
61.76 0
61.77 0
61.78 0
61.79 0
61.8 0
61.81 0
61.82 0
61.83 0
61.84 0
61.85 0
61.86 0
61.87 0
61.88 0
61.89 0
61.9 0
61.91 0
61.92 0
61.93 0
61.94 0
61.95 0
61.96 0
61.97 0
61.98 0
61.99 0
62 0
62.01 0
62.02 0
62.03 0
62.04 0
62.05 0
62.06 0
62.07 0
62.08 0
62.09 0
62.1 0
62.11 0
62.12 0
62.13 0
62.14 0
62.15 0
62.16 0
62.17 0
62.18 0
62.19 0
62.2 0
62.21 0
62.22 0
62.23 0
62.24 0
62.25 0
62.26 0
62.27 0
62.28 0
62.29 0
62.3 0
62.31 0
62.32 0
62.33 0
62.34 0
62.35 0
62.36 0
62.37 0
62.38 0
62.39 0
62.4 0
62.41 0
62.42 0
62.43 0
62.44 0
62.45 0
62.46 0
62.47 0
62.48 0
62.49 0
62.5 0
62.51 0
62.52 0
62.53 0
62.54 0
62.55 0
62.56 0
62.57 0
62.58 0
62.59 0
62.6 0
62.61 0
62.62 0
62.63 0
62.64 0
62.65 0
62.66 0
62.67 0
62.68 0
62.69 0
62.7 0
62.71 0
62.72 0
62.73 0
62.74 0
62.75 0
62.76 0
62.77 0
62.78 0
62.79 0
62.8 0
62.81 0
62.82 0
62.83 0
62.84 0
62.85 0
62.86 0
62.87 0
62.88 0
62.89 0
62.9 0
62.91 0
62.92 0
62.93 0
62.94 0
62.95 0
62.96 0
62.97 0
62.98 0
62.99 0
