0 0
0.01 0
0.02 0
0.03 0
0.04 0
0.05 0
0.06 0
0.07 0
0.08 0
0.09 0
0.1 0
0.11 0
0.12 0
0.13 0
0.14 0
0.15 0
0.16 0
0.17 0
0.18 0
0.19 0
0.2 0
0.21 31
0.22 42
0.23 39
0.24 0
0.25 0
0.26 0
0.27 0
0.28 0
0.29 0
0.3 0
0.31 0
0.32 0
0.33 0
0.34 0
0.35 0
0.36 0
0.37 0
0.38 0
0.39 0
0.4 0
0.41 0
0.42 0
0.43 0
0.44 0
0.45 0
0.46 0
0.47 0
0.48 0
0.49 0
0.5 0
0.51 0
0.52 0
0.53 0
0.54 0
0.55 0
0.56 0
0.57 0
0.58 0
0.59 0
0.6 0
0.61 0
0.62 0
0.63 0
0.64 0
0.65 0
0.66 0
0.67 0
0.68 0
0.69 0
0.7 0
0.71 0
0.72 0
0.73 0
0.74 0
0.75 0
0.76 0
0.77 0
0.78 0
0.79 0
0.8 0
0.81 0
0.82 0
0.83 0
0.84 0
0.85 0
0.86 0
0.87 0
0.88 0
0.89 0
0.9 0
0.91 0
0.92 0
0.93 0
0.94 0
0.95 0
0.96 0
0.97 0
0.98 0
0.99 0
1 0
1.01 0
1.02 0
1.03 0
1.04 0
1.05 0
1.06 0
1.07 0
1.08 0
1.09 0
1.1 0
1.11 0
1.12 0
1.13 0
1.14 0
1.15 0
1.16 0
1.17 0
1.18 0
1.19 0
1.2 0
1.21 0
1.22 0
1.23 0
1.24 0
1.25 0
1.26 0
1.27 0
1.28 0
1.29 0
1.3 0
1.31 0
1.32 1
1.33 5
1.34 11
1.35 15
1.36 20
1.37 24
1.38 28
1.39 33
1.4 27
1.41 0
1.42 0
1.43 0
1.44 0
1.45 0
1.46 0
1.47 0
1.48 0
1.49 0
1.5 4
1.51 8
1.52 13
1.53 17
1.54 23
1.55 26
1.56 31
1.57 27
1.58 2
1.59 0
1.6 0
1.61 0
1.62 0
1.63 0
1.64 0
1.65 0
1.66 0
1.67 2
1.68 8
1.69 12
1.7 14
1.71 19
1.72 24
1.73 29
1.74 31
1.75 22
1.76 0
1.77 0
1.78 0
1.79 0
1.8 0
1.81 0
1.82 3
1.83 8
1.84 13
1.85 17
1.86 22
1.87 27
1.88 31
1.89 26
1.9 0
1.91 0
1.92 0
1.93 0
1.94 0
1.95 0
1.96 0
1.97 0
1.98 0
1.99 1
2 6
2.01 10
2.02 16
2.03 21
2.04 25
2.05 30
2.06 26
2.07 17
2.08 0
2.09 0
2.1 0
2.11 0
2.12 0
2.13 1
2.14 6
2.15 11
2.16 16
2.17 21
2.18 25
2.19 28
2.2 25
2.21 10
2.22 0
2.23 0
2.24 0
2.25 0
2.26 0
2.27 0
2.28 0
2.29 0
2.3 0
2.31 5
2.32 11
2.33 16
2.34 20
2.35 24
2.36 28
2.37 33
2.38 27
2.39 0
2.4 0
2.41 0
2.42 0
2.43 0
2.44 4
2.45 8
2.46 13
2.47 17
2.48 21
2.49 26
2.5 30
2.51 26
2.52 0
2.53 0
2.54 0
2.55 0
2.56 0
2.57 0
2.58 0
2.59 3
2.6 8
2.61 14
2.62 18
2.63 21
2.64 26
2.65 31
2.66 26
2.67 0
2.68 0
2.69 0
2.7 0
2.71 0
2.72 0
2.73 0
2.74 0
2.75 0
2.76 2
2.77 6
2.78 11
2.79 15
2.8 21
2.81 26
2.82 30
2.83 26
2.84 12
2.85 0
2.86 0
2.87 1
2.88 6
2.89 11
2.9 15
2.91 20
2.92 25
2.93 29
2.94 25
2.95 13
2.96 0
2.97 0
2.98 0
2.99 0
3 3
3.01 8
3.02 13
3.03 17
3.04 22
3.05 26
3.06 30
3.07 26
3.08 12
3.09 0
3.1 0
3.11 0
3.12 0
3.13 0
3.14 0
3.15 0
3.16 0
3.17 1
3.18 6
3.19 11
3.2 16
3.21 21
3.22 26
3.23 29
3.24 26
3.25 26
3.26 0
3.27 0
3.28 0
3.29 0
3.3 0
3.31 1
3.32 6
3.33 11
3.34 16
3.35 21
3.36 23
3.37 26
3.38 31
3.39 27
3.4 9
3.41 0
3.42 0
3.43 0
3.44 0
3.45 0
3.46 0
3.47 5
3.48 12
3.49 16
3.5 20
3.51 24
3.52 29
3.53 29
3.54 22
3.55 0
3.56 0
3.57 0
3.58 0
3.59 0
3.6 3
3.61 7
3.62 12
3.63 16
3.64 20
3.65 23
3.66 27
3.67 25
3.68 14
3.69 0
3.7 0
3.71 0
3.72 0
3.73 0
3.74 0
3.75 0
3.76 0
3.77 0
3.78 4
3.79 9
3.8 14
3.81 18
3.82 23
3.83 27
3.84 30
3.85 25
3.86 3
3.87 0
3.88 0
3.89 0
3.9 0
3.91 0
3.92 0
3.93 0
3.94 0
3.95 2
3.96 7
3.97 13
3.98 16
3.99 20
4 25
4.01 29
4.02 26
4.03 26
4.04 0
4.05 0
4.06 0
4.07 0
4.08 0
4.09 0
4.1 0
4.11 0
4.12 0
4.13 3
4.14 6
4.15 12
4.16 16
4.17 21
4.18 26
4.19 30
4.2 26
4.21 14
4.22 11
4.23 0
4.24 4
4.25 9
4.26 13
4.27 19
4.28 23
4.29 27
4.3 31
4.31 25
4.32 0
4.33 0
4.34 0
4.35 0
4.36 0
4.37 3
4.38 8
4.39 13
4.4 18
4.41 22
4.42 27
4.43 30
4.44 25
4.45 10
4.46 0
4.47 0
4.48 0
4.49 0
4.5 0
4.51 0
4.52 0
4.53 0
4.54 1
4.55 7
4.56 12
4.57 17
4.58 21
4.59 26
4.6 30
4.61 26
4.62 18
4.63 0
4.64 0
4.65 0
4.66 0
4.67 0
4.68 0
4.69 4
4.7 9
4.71 14
4.72 18
4.73 22
4.74 26
4.75 31
4.76 27
4.77 3
4.78 0
4.79 0
4.8 0
4.81 0
4.82 2
4.83 7
4.84 11
4.85 17
4.86 21
4.87 26
4.88 30
4.89 26
4.9 10
4.91 0
4.92 0
4.93 0
4.94 0
4.95 0
4.96 0
4.97 5
4.98 9
4.99 14
5 17
5.01 20
5.02 24
5.03 29
5.04 26
5.05 8
5.06 0
5.07 0
5.08 0
5.09 0
5.1 0
5.11 0
5.12 2
5.13 8
5.14 13
5.15 18
5.16 22
5.17 27
5.18 31
5.19 26
5.2 0
5.21 0
5.22 0
5.23 0
5.24 0
5.25 0
5.26 0
5.27 0
5.28 0
5.29 3
5.3 6
5.31 11
5.32 16
5.33 22
5.34 26
5.35 31
5.36 27
5.37 17
5.38 0
5.39 0
5.4 1
5.41 7
5.42 11
5.43 17
5.44 21
5.45 25
5.46 29
5.47 26
5.48 19
5.49 0
5.5 0
5.51 0
5.52 0
5.53 5
5.54 9
5.55 14
5.56 19
5.57 23
5.58 27
5.59 32
5.6 26
5.61 0
5.62 0
5.63 0
5.64 0
5.65 0
5.66 0
5.67 0
5.68 5
5.69 9
5.7 14
5.71 17
5.72 22
5.73 26
5.74 31
5.75 27
5.76 14
5.77 0
5.78 0
5.79 0
5.8 0
5.81 0
5.82 0
5.83 5
5.84 11
5.85 14
5.86 19
5.87 24
5.88 28
5.89 31
5.9 25
5.91 0
5.92 2
5.93 6
5.94 12
5.95 17
5.96 20
5.97 26
5.98 30
5.99 25
6 17
6.01 0
6.02 0
6.03 0
6.04 0
6.05 0
6.06 0
6.07 0
6.08 3
6.09 8
6.1 12
6.11 19
6.12 23
6.13 26
6.14 31
6.15 27
6.16 3
6.17 0
6.18 0
6.19 0
6.2 0
6.21 0
6.22 0
6.23 2
6.24 6
6.25 12
6.26 16
6.27 21
6.28 23
6.29 28
6.3 25
6.31 18
6.32 0
6.33 0
6.34 0
6.35 0
6.36 0
6.37 0
6.38 3
6.39 7
6.4 13
6.41 18
6.42 22
6.43 26
6.44 30
6.45 26
6.46 15
6.47 0
6.48 0
6.49 0
6.5 0
6.51 0
6.52 1
6.53 6
6.54 11
6.55 14
6.56 19
6.57 23
6.58 27
6.59 31
6.6 26
6.61 0
6.62 0
6.63 0
6.64 0
6.65 0
6.66 0
6.67 0
6.68 4
6.69 10
6.7 16
6.71 19
6.72 24
6.73 28
6.74 32
6.75 26
6.76 4
6.77 0
6.78 0
6.79 0
6.8 0
6.81 0
6.82 3
6.83 8
6.84 12
6.85 17
6.86 20
6.87 25
6.88 29
6.89 26
6.9 2
6.91 0
6.92 0
6.93 0
6.94 0
6.95 0
6.96 0
6.97 1
6.98 6
6.99 12
7 16
7.01 22
7.02 26
7.03 29
7.04 27
7.05 21
7.06 0
7.07 0
7.08 0
7.09 0
7.1 0
7.11 1
7.12 6
7.13 10
7.14 15
7.15 19
7.16 23
7.17 27
7.18 33
7.19 27
7.2 0
7.21 0
7.22 0
7.23 0
7.24 0
7.25 5
7.26 9
7.27 13
7.28 19
7.29 24
7.3 28
7.31 32
7.32 26
7.33 0
7.34 0
7.35 0
7.36 0
7.37 0
7.38 5
7.39 10
7.4 15
7.41 20
7.42 24
7.43 28
7.44 32
7.45 25
7.46 0
7.47 0
7.48 0
7.49 0
7.5 0
7.51 0
7.52 0
7.53 0
7.54 0
7.55 2
7.56 8
7.57 14
7.58 18
7.59 23
7.6 27
7.61 31
7.62 26
7.63 3
7.64 0
7.65 0
7.66 0
7.67 0
7.68 0
7.69 5
7.7 8
7.71 12
7.72 18
7.73 21
7.74 24
7.75 29
7.76 26
7.77 22
7.78 0
7.79 0
7.8 0
7.81 0
7.82 0
7.83 0
7.84 0
7.85 0
7.86 0
7.87 5
7.88 9
7.89 13
7.9 19
7.91 23
7.92 27
7.93 30
7.94 25
7.95 0
7.96 0
7.97 0
7.98 0
7.99 0
8 0
8.01 0
8.02 0
8.03 0
8.04 1
8.05 5
8.06 12
8.07 16
8.08 21
8.09 25
8.1 30
8.11 26
8.12 21
8.13 0
8.14 0
8.15 3
8.16 8
8.17 12
8.18 17
8.19 22
8.2 26
8.21 31
8.22 26
8.23 23
8.24 0
8.25 0
8.26 0
8.27 0
8.28 0
8.29 0
8.3 0
8.31 3
8.32 7
8.33 13
8.34 17
8.35 23
8.36 27
8.37 31
8.38 26
8.39 15
8.4 0
8.41 0
8.42 0
8.43 0
8.44 0
8.45 4
8.46 9
8.47 14
8.48 18
8.49 23
8.5 27
8.51 31
8.52 26
8.53 3
8.54 0
8.55 0
8.56 0
8.57 0
8.58 0
8.59 0
8.6 4
8.61 8
8.62 13
8.63 17
8.64 23
8.65 27
8.66 31
8.67 26
8.68 9
8.69 0
8.7 0
8.71 0
8.72 0
8.73 0
8.74 0
8.75 4
8.76 9
8.77 14
8.78 19
8.79 23
8.8 27
8.81 30
8.82 25
8.83 2
8.84 0
8.85 0
8.86 0
8.87 0
8.88 0
8.89 0
8.9 3
8.91 8
8.92 13
8.93 19
8.94 23
8.95 27
8.96 32
8.97 27
8.98 0
8.99 0
9 0
9.01 0
9.02 0
9.03 0
9.04 0
9.05 0
9.06 0
9.07 5
9.08 8
9.09 13
9.1 16
9.11 21
9.12 25
9.13 29
9.14 27
9.15 15
9.16 0
9.17 0
9.18 0
9.19 0
9.2 0
9.21 0
9.22 0
9.23 0
9.24 1
9.25 7
9.26 11
9.27 16
9.28 20
9.29 23
9.3 26
9.31 30
9.32 26
9.33 0
9.34 0
9.35 0
9.36 0
9.37 0
9.38 0
9.39 0
9.4 0
9.41 0
9.42 3
9.43 8
9.44 13
9.45 18
9.46 22
9.47 26
9.48 31
9.49 26
9.5 14
9.51 0
9.52 0
9.53 4
9.54 9
9.55 13
9.56 18
9.57 23
9.58 27
9.59 30
9.6 25
9.61 4
9.62 0
9.63 0
9.64 0
9.65 0
9.66 5
9.67 10
9.68 13
9.69 18
9.7 22
9.71 27
9.72 31
9.73 26
9.74 9
9.75 0
9.76 0
9.77 0
9.78 0
9.79 0
9.8 0
9.81 0
9.82 0
9.83 2
9.84 7
9.85 11
9.86 16
9.87 21
9.88 25
9.89 29
9.9 25
9.91 16
9.92 0
9.93 0
9.94 2
9.95 7
9.96 11
9.97 16
9.98 19
9.99 23
10 29
10.01 26
10.02 27
10.03 0
10.04 0
10.05 0
10.06 0
10.07 0
10.08 0
10.09 0
10.1 4
10.11 10
10.12 14
10.13 19
10.14 24
10.15 28
10.16 32
10.17 25
10.18 0
10.19 0
10.2 0
10.21 1
10.22 6
10.23 10
10.24 16
10.25 20
10.26 24
10.27 28
10.28 25
10.29 17
10.3 0
10.31 0
10.32 0
10.33 2
10.34 7
10.35 11
10.36 14
10.37 18
10.38 22
10.39 27
10.4 32
10.41 26
10.42 0
10.43 0
10.44 0
10.45 0
10.46 0
10.47 0
10.48 0
10.49 0
10.5 0
10.51 0
10.52 0
10.53 0
10.54 1
10.55 5
10.56 8
10.57 12
10.58 16
10.59 19
10.6 21
10.61 24
10.62 28
10.63 26
10.64 13
10.65 0
10.66 0
10.67 0
10.68 0
10.69 0
10.7 0
10.71 0
10.72 0
10.73 0
10.74 0
10.75 0
10.76 0
10.77 0
10.78 0
10.79 0
10.8 0
10.81 0
10.82 2
10.83 4
10.84 7
10.85 10
10.86 12
10.87 13
10.88 15
10.89 17
10.9 20
10.91 22
10.92 24
10.93 26
10.94 25
10.95 17
10.96 0
10.97 0
10.98 1
10.99 3
11 7
11.01 10
11.02 12
11.03 14
11.04 16
11.05 18
11.06 20
11.07 21
11.08 23
11.09 25
11.1 24
11.11 0
11.12 0
11.13 0
11.14 0
11.15 0
11.16 0
11.17 0
11.18 0
11.19 0
11.2 0
11.21 0
11.22 0
11.23 0
11.24 0
11.25 0
11.26 0
11.27 0
11.28 2
11.29 4
11.3 7
11.31 9
11.32 11
11.33 14
11.34 16
11.35 18
11.36 21
11.37 23
11.38 24
11.39 26
11.4 23
11.41 0
11.42 0
11.43 0
11.44 0
11.45 0
11.46 0
11.47 0
11.48 0
11.49 0
11.5 0
11.51 1
11.52 4
11.53 7
11.54 11
11.55 15
11.56 18
11.57 20
11.58 24
11.59 27
11.6 25
11.61 25
11.62 0
11.63 0
11.64 0
11.65 0
11.66 0
11.67 0
11.68 0
11.69 0
11.7 5
11.71 8
11.72 13
11.73 19
11.74 23
11.75 27
11.76 31
11.77 25
11.78 2
11.79 0
11.8 0
11.81 0
11.82 0
11.83 0
11.84 0
11.85 2
11.86 7
11.87 11
11.88 15
11.89 20
11.9 25
11.91 29
11.92 26
11.93 23
11.94 0
11.95 0
11.96 0
11.97 2
11.98 7
11.99 13
12 18
12.01 23
12.02 27
12.03 31
12.04 26
12.05 0
12.06 0
12.07 0
12.08 0
12.09 0
12.1 0
12.11 0
12.12 0
12.13 0
12.14 3
12.15 8
12.16 12
12.17 16
12.18 20
12.19 27
12.2 31
12.21 26
12.22 7
12.23 0
12.24 0
12.25 0
12.26 0
12.27 0
12.28 0
12.29 0
12.3 0
12.31 3
12.32 8
12.33 12
12.34 17
12.35 19
12.36 24
12.37 28
12.38 27
12.39 25
12.4 0
12.41 0
12.42 0
12.43 0
12.44 0
12.45 0
12.46 0
12.47 0
12.48 1
12.49 6
12.5 10
12.51 14
12.52 19
12.53 24
12.54 28
12.55 31
12.56 25
12.57 0
12.58 0
12.59 0
12.6 0
12.61 0
12.62 0
12.63 4
12.64 9
12.65 13
12.66 18
12.67 21
12.68 27
12.69 31
12.7 26
12.71 16
12.72 3
12.73 8
12.74 11
12.75 15
12.76 21
12.77 26
12.78 30
12.79 24
12.8 0
12.81 0
12.82 0
12.83 0
12.84 0
12.85 0
12.86 0
12.87 2
12.88 8
12.89 12
12.9 17
12.91 21
12.92 26
12.93 30
12.94 25
12.95 13
12.96 0
12.97 0
12.98 0
12.99 0
13 0
13.01 2
13.02 8
13.03 11
13.04 15
13.05 19
13.06 24
13.07 28
13.08 27
13.09 16
13.1 0
13.11 0
13.12 0
13.13 0
13.14 0
13.15 0
13.16 0
13.17 0
13.18 0
13.19 5
13.2 10
13.21 14
13.22 19
13.23 23
13.24 27
13.25 31
13.26 27
13.27 6
13.28 0
13.29 0
13.3 0
13.31 0
13.32 0
13.33 0
13.34 0
13.35 0
13.36 2
13.37 5
13.38 10
13.39 17
13.4 19
13.41 24
13.42 27
13.43 31
13.44 26
13.45 0
13.46 0
13.47 0
13.48 0
13.49 0
13.5 0
13.51 0
13.52 0
13.53 0
13.54 3
13.55 8
13.56 12
13.57 18
13.58 21
13.59 25
13.6 29
13.61 27
13.62 25
13.63 0
13.64 0
13.65 0
13.66 0
13.67 0
13.68 0
13.69 3
13.7 7
13.71 10
13.72 15
13.73 19
13.74 25
13.75 30
13.76 26
13.77 11
13.78 0
13.79 0
13.8 0
13.81 0
13.82 0
13.83 0
13.84 3
13.85 8
13.86 13
13.87 18
13.88 23
13.89 26
13.9 30
13.91 26
13.92 5
13.93 0
13.94 0
13.95 0
13.96 0
13.97 2
13.98 7
13.99 11
14 17
14.01 20
14.02 25
14.03 30
14.04 26
14.05 7
14.06 0
14.07 0
14.08 0
14.09 0
14.1 0
14.11 0
14.12 1
14.13 7
14.14 11
14.15 16
14.16 19
14.17 24
14.18 28
14.19 29
14.2 25
14.21 7
14.22 0
14.23 0
14.24 0
14.25 3
14.26 7
14.27 12
14.28 17
14.29 21
14.3 25
14.31 28
14.32 25
14.33 9
14.34 0
14.35 0
14.36 0
14.37 0
14.38 0
14.39 0
14.4 2
14.41 7
14.42 13
14.43 18
14.44 22
14.45 27
14.46 31
14.47 26
14.48 10
14.49 0
14.5 0
14.51 0
14.52 5
14.53 11
14.54 15
14.55 19
14.56 24
14.57 28
14.58 32
14.59 24
14.6 0
14.61 0
14.62 0
14.63 0
14.64 0
14.65 0
14.66 2
14.67 7
14.68 11
14.69 14
14.7 18
14.71 23
14.72 28
14.73 33
14.74 26
14.75 0
14.76 0
14.77 0
14.78 0
14.79 0
14.8 0
14.81 0
14.82 3
14.83 7
14.84 12
14.85 17
14.86 23
14.87 27
14.88 29
14.89 26
14.9 0
14.91 0
14.92 0
14.93 0
14.94 0
14.95 0
14.96 0
14.97 0
14.98 0
14.99 2
15 6
15.01 11
15.02 15
15.03 21
15.04 26
15.05 30
15.06 26
15.07 20
15.08 6
15.09 0
15.1 0
15.11 0
15.12 2
15.13 5
15.14 9
15.15 13
15.16 17
15.17 19
15.18 14
15.19 17
15.2 20
15.21 24
15.22 28
15.23 24
15.24 0
15.25 0
15.26 0
15.27 0
15.28 0
15.29 0
15.3 0
15.31 0
15.32 2
15.33 6
15.34 10
15.35 14
15.36 17
15.37 20
15.38 22
15.39 25
15.4 28
15.41 25
15.42 0
15.43 0
15.44 0
15.45 0
15.46 0
15.47 0
15.48 0
15.49 3
15.5 8
15.51 11
15.52 15
15.53 18
15.54 22
15.55 24
15.56 27
15.57 29
15.58 23
15.59 0
15.6 0
15.61 0
15.62 0
15.63 0
15.64 0
15.65 0
15.66 0
15.67 0
15.68 0
15.69 0
15.7 2
15.71 5
15.72 9
15.73 13
15.74 16
15.75 20
15.76 23
15.77 25
15.78 28
15.79 24
15.8 16
15.81 0
15.82 0
15.83 0
15.84 0
15.85 0
15.86 0
15.87 3
15.88 6
15.89 10
15.9 14
15.91 17
15.92 21
15.93 23
15.94 27
15.95 30
15.96 24
15.97 0
15.98 0
15.99 0
16 0
16.01 0
16.02 4
16.03 8
16.04 12
16.05 15
16.06 18
16.07 22
16.08 25
16.09 30
16.1 25
16.11 13
16.12 0
16.13 0
16.14 0
16.15 0
16.16 0
16.17 4
16.18 10
16.19 15
16.2 19
16.21 24
16.22 28
16.23 32
16.24 26
16.25 0
16.26 0
16.27 0
16.28 0
16.29 0
16.3 0
16.31 0
16.32 0
16.33 0
16.34 4
16.35 8
16.36 12
16.37 17
16.38 22
16.39 27
16.4 31
16.41 26
16.42 14
16.43 0
16.44 0
16.45 0
16.46 0
16.47 0
16.48 1
16.49 6
16.5 10
16.51 14
16.52 19
16.53 24
16.54 28
16.55 31
16.56 25
16.57 0
16.58 0
16.59 0
16.6 0
16.61 0
16.62 0
16.63 0
16.64 3
16.65 8
16.66 13
16.67 19
16.68 23
16.69 27
16.7 31
16.71 26
16.72 8
16.73 0
16.74 0
16.75 0
16.76 0
16.77 0
16.78 2
16.79 8
16.8 13
16.81 17
16.82 21
16.83 25
16.84 28
16.85 25
16.86 25
16.87 0
16.88 0
16.89 0
16.9 0
16.91 0
16.92 0
16.93 0
16.94 3
16.95 9
16.96 14
16.97 18
16.98 22
16.99 26
17 30
17.01 26
17.02 18
17.03 0
17.04 0
17.05 0
17.06 0
17.07 0
17.08 3
17.09 8
17.1 12
17.11 16
17.12 21
17.13 25
17.14 29
17.15 25
17.16 15
17.17 0
17.18 0
17.19 0
17.2 0
17.21 0
17.22 0
17.23 0
17.24 0
17.25 0
17.26 4
17.27 10
17.28 13
17.29 18
17.3 23
17.31 28
17.32 31
17.33 25
17.34 14
17.35 0
17.36 0
17.37 0
17.38 0
17.39 0
17.4 3
17.41 7
17.42 12
17.43 16
17.44 20
17.45 25
17.46 29
17.47 26
17.48 26
17.49 9
17.5 0
17.51 0
17.52 0
17.53 0
17.54 3
17.55 9
17.56 14
17.57 18
17.58 23
17.59 26
17.6 30
17.61 26
17.62 0
17.63 0
17.64 0
17.65 0
17.66 0
17.67 0
17.68 0
17.69 2
17.7 7
17.71 11
17.72 16
17.73 20
17.74 25
17.75 29
17.76 26
17.77 21
17.78 0
17.79 0
17.8 0
17.81 0
17.82 0
17.83 3
17.84 10
17.85 14
17.86 18
17.87 23
17.88 27
17.89 31
17.9 28
17.91 2
17.92 0
17.93 0
17.94 0
17.95 0
17.96 0
17.97 0
17.98 4
17.99 10
18 13
18.01 17
18.02 21
18.03 26
18.04 30
18.05 26
18.06 0
18.07 0
18.08 0
18.09 0
18.1 0
18.11 0
18.12 0
18.13 0
18.14 0
18.15 3
18.16 8
18.17 12
18.18 17
18.19 21
18.2 25
18.21 28
18.22 25
18.23 26
18.24 1
18.25 0
18.26 0
18.27 0
18.28 0
18.29 0
18.3 2
18.31 6
18.32 12
18.33 18
18.34 22
18.35 26
18.36 31
18.37 27
18.38 20
18.39 0
18.4 0
18.41 0
18.42 0
18.43 0
18.44 0
18.45 0
18.46 0
18.47 0
18.48 5
18.49 9
18.5 13
18.51 18
18.52 23
18.53 27
18.54 30
18.55 27
18.56 11
18.57 0
18.58 0
18.59 0
18.6 0
18.61 0
18.62 5
18.63 8
18.64 12
18.65 15
18.66 15
18.67 13
18.68 16
18.69 20
18.7 23
18.71 27
18.72 26
18.73 24
18.74 0
18.75 0
18.76 0
18.77 0
18.78 0
18.79 0
18.8 0
18.81 0
18.82 0
18.83 0
18.84 0
18.85 0
18.86 5
18.87 8
18.88 11
18.89 15
18.9 18
18.91 21
18.92 25
18.93 27
18.94 24
18.95 16
18.96 0
18.97 0
18.98 0
18.99 0
19 0
19.01 0
19.02 0
19.03 0
19.04 0
19.05 0
19.06 0
19.07 3
19.08 6
19.09 10
19.1 14
19.11 17
19.12 20
19.13 23
19.14 26
19.15 29
19.16 25
19.17 2
19.18 0
19.19 0
19.2 0
19.21 0
19.22 0
19.23 0
19.24 0
19.25 0
19.26 0
19.27 0
19.28 0
19.29 4
19.3 8
19.31 11
19.32 13
19.33 17
19.34 21
19.35 24
19.36 27
19.37 26
19.38 14
19.39 0
19.4 0
19.41 0
19.42 0
19.43 0
19.44 0
19.45 0
19.46 0
19.47 0
19.48 0
19.49 0
19.5 2
19.51 6
19.52 8
19.53 11
19.54 17
19.55 20
19.56 24
19.57 27
19.58 31
19.59 25
19.6 0
19.61 0
19.62 0
19.63 0
19.64 0
19.65 0
19.66 0
19.67 0
19.68 2
19.69 7
19.7 11
19.71 16
19.72 19
19.73 23
19.74 28
19.75 33
19.76 27
19.77 0
19.78 0
19.79 0
19.8 0
19.81 0
19.82 0
19.83 0
19.84 0
19.85 0
19.86 5
19.87 10
19.88 15
19.89 19
19.9 22
19.91 25
19.92 30
19.93 26
19.94 12
19.95 0
19.96 0
19.97 6
19.98 10
19.99 15
20 19
20.01 23
20.02 27
20.03 25
20.04 16
20.05 0
20.06 0
20.07 0
20.08 0
20.09 0
20.1 0
20.11 0
20.12 2
20.13 9
20.14 14
20.15 18
20.16 22
20.17 27
20.18 31
20.19 26
20.2 0
20.21 0
20.22 0
20.23 0
20.24 0
20.25 0
20.26 0
20.27 0
20.28 0
20.29 2
20.3 7
20.31 12
20.32 18
20.33 22
20.34 26
20.35 30
20.36 26
20.37 13
20.38 0
20.39 0
20.4 0
20.41 0
20.42 0
20.43 1
20.44 6
20.45 11
20.46 16
20.47 20
20.48 24
20.49 27
20.5 31
20.51 25
20.52 0
20.53 0
20.54 0
20.55 0
20.56 0
20.57 0
20.58 2
20.59 6
20.6 11
20.61 17
20.62 22
20.63 26
20.64 29
20.65 26
20.66 24
20.67 0
20.68 0
20.69 0
20.7 0
20.71 0
20.72 0
20.73 0
20.74 0
20.75 0
20.76 0
20.77 0
20.78 0
20.79 1
20.8 5
20.81 10
20.82 13
20.83 16
20.84 19
20.85 23
20.86 26
20.87 29
20.88 25
20.89 1
20.9 0
20.91 0
20.92 0
20.93 0
20.94 0
20.95 0
20.96 1
20.97 5
20.98 6
20.99 10
21 14
21.01 18
21.02 22
21.03 25
21.04 28
21.05 25
21.06 15
21.07 0
21.08 0
21.09 0
21.1 0
21.11 0
21.12 0
21.13 0
21.14 0
21.15 0
21.16 0
21.17 0
21.18 1
21.19 4
21.2 9
21.21 13
21.22 15
21.23 19
21.24 22
21.25 25
21.26 28
21.27 24
21.28 8
21.29 0
21.3 0
21.31 0
21.32 0
21.33 0
21.34 0
21.35 2
21.36 5
21.37 8
21.38 11
21.39 15
21.4 18
21.41 22
21.42 26
21.43 29
21.44 25
21.45 6
21.46 0
21.47 0
21.48 0
21.49 0
21.5 0
21.51 0
21.52 0
21.53 0
21.54 0
21.55 0
21.56 0
21.57 1
21.58 5
21.59 10
21.6 14
21.61 17
21.62 20
21.63 24
21.64 27
21.65 30
21.66 24
21.67 0
21.68 0
21.69 0
21.7 0
21.71 0
21.72 0
21.73 0
21.74 0
21.75 3
21.76 7
21.77 12
21.78 17
21.79 21
21.8 26
21.81 30
21.82 26
21.83 11
21.84 0
21.85 0
21.86 0
21.87 0
21.88 0
21.89 0
21.9 0
21.91 0
21.92 1
21.93 5
21.94 11
21.95 14
21.96 18
21.97 23
21.98 28
21.99 32
22 26
22.01 0
22.02 0
22.03 0
22.04 6
22.05 10
22.06 14
22.07 19
22.08 23
22.09 27
22.1 32
22.11 26
22.12 0
22.13 0
22.14 0
22.15 0
22.16 0
22.17 0
22.18 0
22.19 4
22.2 9
22.21 13
22.22 19
22.23 23
22.24 27
22.25 31
22.26 26
22.27 0
22.28 0
22.29 0
22.3 0
22.31 0
22.32 0
22.33 0
22.34 0
22.35 0
22.36 2
22.37 8
22.38 13
22.39 17
22.4 21
22.41 25
22.42 30
22.43 27
22.44 17
22.45 0
22.46 0
22.47 0
22.48 0
22.49 0
22.5 0
22.51 5
22.52 10
22.53 13
22.54 17
22.55 20
22.56 26
22.57 31
22.58 27
22.59 18
22.6 0
22.61 0
22.62 0
22.63 0
22.64 0
22.65 0
22.66 0
22.67 0
22.68 1
22.69 6
22.7 11
22.71 16
22.72 21
22.73 24
22.74 28
22.75 32
22.76 26
22.77 0
22.78 0
22.79 0
22.8 0
22.81 0
22.82 0
22.83 0
22.84 0
22.85 1
22.86 6
22.87 11
22.88 15
22.89 20
22.9 24
22.91 28
22.92 31
22.93 25
22.94 4
22.95 0
22.96 2
22.97 7
22.98 11
22.99 16
23 20
23.01 25
23.02 28
23.03 25
23.04 5
23.05 0
23.06 0
23.07 0
23.08 0
23.09 0
23.1 0
23.11 1
23.12 5
23.13 10
23.14 14
23.15 19
23.16 24
23.17 28
23.18 32
23.19 26
23.2 0
23.21 0
23.22 0
23.23 0
23.24 0
23.25 0
23.26 5
23.27 10
23.28 15
23.29 19
23.3 24
23.31 27
23.32 31
23.33 25
23.34 0
23.35 0
23.36 0
23.37 0
23.38 0
23.39 0
23.4 0
23.41 3
23.42 8
23.43 13
23.44 19
23.45 23
23.46 27
23.47 32
23.48 26
23.49 4
23.5 0
23.51 0
23.52 0
23.53 0
23.54 1
23.55 6
23.56 11
23.57 15
23.58 20
23.59 25
23.6 28
23.61 30
23.62 22
23.63 0
23.64 0
23.65 0
23.66 0
23.67 0
23.68 0
23.69 0
23.7 0
23.71 0
23.72 3
23.73 9
23.74 14
23.75 19
23.76 23
23.77 28
23.78 32
23.79 26
23.8 0
23.81 0
23.82 0
23.83 0
23.84 0
23.85 0
23.86 1
23.87 5
23.88 10
23.89 15
23.9 18
23.91 23
23.92 28
23.93 32
23.94 27
23.95 0
23.96 0
23.97 0
23.98 0
23.99 0
24 0
24.01 0
24.02 6
24.03 11
24.04 15
24.05 19
24.06 23
24.07 28
24.08 32
24.09 25
24.1 0
24.11 0
24.12 0
24.13 0
24.14 0
24.15 0
24.16 0
24.17 0
24.18 0
24.19 3
24.2 8
24.21 13
24.22 19
24.23 23
24.24 27
24.25 30
24.26 27
24.27 1
24.28 0
24.29 0
24.3 0
24.31 0
24.32 0
24.33 5
24.34 9
24.35 14
24.36 18
24.37 23
24.38 25
24.39 30
24.4 25
24.41 15
24.42 0
24.43 0
24.44 0
24.45 0
24.46 5
24.47 9
24.48 13
24.49 18
24.5 23
24.51 28
24.52 32
24.53 26
24.54 0
24.55 0
24.56 0
24.57 0
24.58 0
24.59 0
24.6 0
24.61 4
24.62 9
24.63 12
24.64 17
24.65 22
24.66 26
24.67 29
24.68 26
24.69 14
24.7 0
24.71 0
24.72 0
24.73 0
24.74 2
24.75 7
24.76 10
24.77 14
24.78 18
24.79 23
24.8 28
24.81 32
24.82 26
24.83 0
24.84 0
24.85 0
24.86 0
24.87 0
24.88 0
24.89 0
24.9 5
24.91 11
24.92 15
24.93 19
24.94 22
24.95 26
24.96 30
24.97 25
24.98 0
24.99 0
25 0
25.01 0
25.02 0
25.03 0
25.04 0
25.05 0
25.06 0
25.07 1
25.08 6
25.09 12
25.1 16
25.11 20
25.12 25
25.13 29
25.14 26
25.15 15
25.16 0
25.17 0
25.18 3
25.19 10
25.2 15
25.21 19
25.22 23
25.23 27
25.24 31
25.25 25
25.26 0
25.27 0
25.28 0
25.29 0
25.3 0
25.31 0
25.32 0
25.33 4
25.34 9
25.35 14
25.36 17
25.37 22
25.38 27
25.39 31
25.4 26
25.41 19
25.42 1
25.43 5
25.44 9
25.45 12
25.46 18
25.47 22
25.48 27
25.49 32
25.5 26
25.51 0
25.52 0
25.53 0
25.54 0
25.55 0
25.56 0
25.57 0
25.58 5
25.59 10
25.6 15
25.61 20
25.62 24
25.63 27
25.64 31
25.65 25
25.66 0
25.67 0
25.68 0
25.69 0
25.7 0
25.71 0
25.72 0
25.73 0
25.74 0
25.75 2
25.76 8
25.77 12
25.78 17
25.79 21
25.8 27
25.81 31
25.82 26
25.83 11
25.84 0
25.85 0
25.86 0
25.87 0
25.88 0
25.89 0
25.9 0
25.91 0
25.92 0
25.93 0
25.94 0
25.95 3
25.96 6
25.97 10
25.98 13
25.99 16
26 20
26.01 23
26.02 26
26.03 30
26.04 26
26.05 0
26.06 0
26.07 0
26.08 0
26.09 0
26.1 0
26.11 0
26.12 0
26.13 0
26.14 0
26.15 0
26.16 1
26.17 5
26.18 7
26.19 10
26.2 14
26.21 18
26.22 22
26.23 25
26.24 28
26.25 25
26.26 19
26.27 0
26.28 0
26.29 0
26.3 0
26.31 0
26.32 0
26.33 0
26.34 0
26.35 0
26.36 0
26.37 0
26.38 1
26.39 5
26.4 9
26.41 12
26.42 16
26.43 19
26.44 22
26.45 25
26.46 28
26.47 25
26.48 2
26.49 0
26.5 0
26.51 0
26.52 0
26.53 0
26.54 0
26.55 0
26.56 0
26.57 0
26.58 0
26.59 0
26.6 2
26.61 6
26.62 10
26.63 13
26.64 16
26.65 19
26.66 23
26.67 25
26.68 28
26.69 25
26.7 12
26.71 0
26.72 0
26.73 0
26.74 0
26.75 0
26.76 0
26.77 0
26.78 0
26.79 0
26.8 0
26.81 0
26.82 3
26.83 9
26.84 12
26.85 16
26.86 25
26.87 28
26.88 32
26.89 27
26.9 0
26.91 0
26.92 0
26.93 0
26.94 0
26.95 0
26.96 0
26.97 0
26.98 0
26.99 3
27 8
27.01 13
27.02 17
27.03 22
27.04 26
27.05 30
27.06 25
27.07 6
27.08 0
27.09 0
27.1 0
27.11 0
27.12 0
27.13 0
27.14 1
27.15 5
27.16 10
27.17 15
27.18 20
27.19 25
27.2 29
27.21 28
27.22 21
27.23 0
27.24 0
27.25 0
27.26 0
27.27 0
27.28 0
27.29 3
27.3 8
27.31 13
27.32 18
27.33 22
27.34 25
27.35 29
27.36 26
27.37 22
27.38 0
27.39 0
27.4 0
27.41 0
27.42 0
27.43 0
27.44 3
27.45 7
27.46 11
27.47 17
27.48 21
27.49 27
27.5 31
27.51 26
27.52 4
27.53 0
27.54 0
27.55 0
27.56 0
27.57 0
27.58 0
27.59 0
27.6 0
27.61 1
27.62 6
27.63 11
27.64 15
27.65 20
27.66 24
27.67 29
27.68 26
27.69 22
27.7 0
27.71 0
27.72 0
27.73 5
27.74 10
27.75 14
27.76 18
27.77 24
27.78 28
27.79 25
27.8 18
27.81 0
27.82 0
27.83 0
27.84 0
27.85 2
27.86 8
27.87 12
27.88 17
27.89 20
27.9 26
27.91 30
27.92 26
27.93 15
27.94 0
27.95 0
27.96 0
27.97 0
27.98 0
27.99 0
28 4
28.01 9
28.02 0
28.03 0
28.04 0
28.05 0
28.06 0
28.07 0
28.08 0
28.09 0
28.1 0
28.11 0
28.12 0
28.13 0
28.14 0
28.15 0
28.16 0
28.17 0
28.18 0
28.19 0
28.2 0
28.21 0
28.22 0
28.23 0
28.24 0
28.25 0
28.26 0
28.27 0
28.28 0
28.29 0
28.3 0
28.31 0
28.32 0
28.33 0
28.34 0
28.35 0
28.36 0
28.37 0
28.38 0
28.39 0
28.4 0
28.41 0
28.42 0
28.43 0
28.44 0
28.45 0
28.46 0
28.47 0
28.48 0
28.49 0
28.5 0
28.51 0
28.52 0
28.53 0
28.54 0
28.55 0
28.56 0
28.57 0
28.58 0
28.59 0
28.6 0
28.61 0
28.62 0
28.63 0
28.64 0
28.65 0
28.66 0
28.67 0
28.68 0
28.69 0
28.7 0
28.71 0
28.72 0
28.73 0
28.74 0
28.75 0
28.76 0
28.77 0
28.78 0
28.79 0
28.8 0
28.81 0
28.82 0
28.83 0
28.84 0
28.85 0
28.86 0
28.87 0
28.88 0
28.89 0
28.9 0
28.91 0
28.92 0
28.93 0
28.94 0
28.95 0
28.96 0
28.97 0
28.98 0
28.99 0
29 0
29.01 0
29.02 0
29.03 0
29.04 0
29.05 0
29.06 0
29.07 0
29.08 0
29.09 0
29.1 0
29.11 0
29.12 0
29.13 0
29.14 0
29.15 0
29.16 0
29.17 0
29.18 0
29.19 0
29.2 0
29.21 0
29.22 0
29.23 0
29.24 0
29.25 0
29.26 0
29.27 0
29.28 0
29.29 0
29.3 0
29.31 0
29.32 0
29.33 0
29.34 0
29.35 0
29.36 0
29.37 0
29.38 0
29.39 0
29.4 0
29.41 0
29.42 0
29.43 0
29.44 0
29.45 0
29.46 0
29.47 0
29.48 0
29.49 0
29.5 0
29.51 0
29.52 0
29.53 0
29.54 0
29.55 0
29.56 0
29.57 0
29.58 0
29.59 0
29.6 0
29.61 0
29.62 0
29.63 0
29.64 0
29.65 0
29.66 0
29.67 0
29.68 0
29.69 0
29.7 0
29.71 0
29.72 0
29.73 0
29.74 0
29.75 0
29.76 0
29.77 0
29.78 0
29.79 0
29.8 0
29.81 0
29.82 0
29.83 0
29.84 0
29.85 0
29.86 0
29.87 0
29.88 0
29.89 0
29.9 0
29.91 0
29.92 0
29.93 0
29.94 0
29.95 0
29.96 0
29.97 0
29.98 0
29.99 0
30 0
30.01 0
30.02 0
30.03 0
30.04 0
30.05 0
30.06 0
30.07 0
30.08 0
30.09 0
30.1 0
30.11 0
30.12 0
30.13 0
30.14 0
30.15 0
30.16 0
30.17 0
30.18 0
30.19 0
30.2 0
30.21 0
30.22 0
30.23 0
30.24 0
30.25 0
30.26 0
30.27 0
30.28 0
30.29 0
30.3 0
30.31 0
30.32 0
30.33 0
30.34 0
30.35 0
30.36 0
30.37 0
30.38 0
30.39 0
30.4 0
30.41 0
30.42 0
30.43 0
30.44 0
30.45 0
30.46 0
30.47 0
30.48 0
30.49 0
30.5 0
30.51 0
30.52 0
30.53 0
30.54 0
30.55 0
30.56 0
30.57 0
30.58 0
30.59 0
30.6 0
30.61 0
30.62 0
30.63 0
30.64 0
30.65 0
30.66 0
30.67 0
30.68 0
30.69 0
30.7 0
30.71 0
30.72 0
30.73 0
30.74 0
30.75 0
30.76 0
30.77 0
30.78 0
30.79 0
30.8 0
30.81 0
30.82 0
30.83 0
30.84 0
30.85 0
30.86 0
30.87 0
30.88 0
30.89 0
30.9 0
30.91 0
30.92 0
30.93 0
30.94 0
30.95 0
30.96 0
30.97 0
30.98 0
30.99 0
31 0
31.01 0
31.02 0
31.03 0
31.04 0
31.05 0
31.06 0
31.07 0
31.08 0
31.09 0
31.1 0
31.11 0
31.12 0
31.13 0
31.14 0
31.15 0
31.16 0
31.17 0
31.18 0
31.19 0
31.2 0
31.21 0
31.22 0
31.23 0
31.24 0
31.25 0
31.26 0
31.27 0
31.28 0
31.29 0
31.3 0
31.31 0
31.32 0
31.33 0
31.34 0
31.35 0
31.36 0
31.37 0
31.38 0
31.39 0
31.4 0
31.41 0
31.42 0
31.43 0
31.44 0
31.45 0
31.46 0
31.47 0
31.48 0
31.49 0
31.5 0
31.51 0
31.52 0
31.53 0
31.54 0
31.55 0
31.56 0
31.57 0
31.58 0
31.59 0
31.6 0
31.61 0
31.62 0
31.63 0
31.64 0
31.65 0
31.66 0
31.67 0
31.68 0
31.69 0
31.7 0
31.71 0
31.72 0
31.73 0
31.74 0
31.75 0
31.76 0
31.77 0
31.78 0
31.79 0
31.8 0
31.81 0
31.82 0
31.83 0
31.84 0
31.85 0
31.86 0
31.87 0
31.88 0
31.89 0
31.9 0
31.91 0
31.92 0
31.93 0
31.94 0
31.95 0
31.96 0
31.97 0
31.98 0
31.99 0
32 0
32.01 0
32.02 0
32.03 0
32.04 0
32.05 0
32.06 0
32.07 0
32.08 0
32.09 0
32.1 0
32.11 0
32.12 0
32.13 0
32.14 0
32.15 0
32.16 0
32.17 0
32.18 0
32.19 0
32.2 0
32.21 0
32.22 0
32.23 0
32.24 0
32.25 0
32.26 0
32.27 0
32.28 0
32.29 0
32.3 0
32.31 0
32.32 0
32.33 0
32.34 0
32.35 0
32.36 0
32.37 0
32.38 0
32.39 0
32.4 0
32.41 0
32.42 0
32.43 0
32.44 0
32.45 0
32.46 0
32.47 0
32.48 0
32.49 0
32.5 0
32.51 0
32.52 0
32.53 0
32.54 0
32.55 0
32.56 0
32.57 0
32.58 0
32.59 0
32.6 0
32.61 0
32.62 0
32.63 0
32.64 0
32.65 0
32.66 0
32.67 0
32.68 0
32.69 0
32.7 0
32.71 0
32.72 0
32.73 0
32.74 0
32.75 0
32.76 0
32.77 0
32.78 0
32.79 0
32.8 0
32.81 0
32.82 0
32.83 0
32.84 0
32.85 0
32.86 0
32.87 0
32.88 0
32.89 0
32.9 0
32.91 0
32.92 0
32.93 0
32.94 0
32.95 0
32.96 0
32.97 0
32.98 0
32.99 0
