0 0
0.01 0
0.02 0
0.03 0
0.04 0
0.05 0
0.06 0
0.07 0
0.08 0
0.09 0
0.1 0
0.11 0
0.12 0
0.13 0
0.14 0
0.15 0
0.16 0
0.17 0
0.18 0
0.19 0
0.2 0
0.21 60
0.22 35
0.23 0
0.24 4
0.25 0
0.26 13
0.27 24
0.28 33
0.29 30
0.3 29
0.31 0
0.32 0
0.33 0
0.34 2
0.35 13
0.36 24
0.37 34
0.38 27
0.39 27
0.4 0
0.41 0
0.42 0
0.43 6
0.44 15
0.45 24
0.46 34
0.47 27
0.48 17
0.49 0
0.5 0
0.51 0
0.52 8
0.53 18
0.54 28
0.55 38
0.56 27
0.57 0
0.58 0
0.59 0
0.6 3
0.61 14
0.62 25
0.63 34
0.64 26
0.65 25
0.66 0
0.67 0
0.68 7
0.69 18
0.7 27
0.71 37
0.72 26
0.73 13
0.74 0
0.75 0
0.76 3
0.77 13
0.78 22
0.79 32
0.8 41
0.81 29
0.82 0
0.83 0
0.84 10
0.85 20
0.86 31
0.87 39
0.88 27
0.89 0
0.9 0
0.91 0
0.92 6
0.93 17
0.94 26
0.95 37
0.96 28
0.97 7
0.98 0
0.99 0
1 0
1.01 0
1.02 8
1.03 18
1.04 28
1.05 38
1.06 28
1.07 10
1.08 0
1.09 0
1.1 6
1.11 15
1.12 25
1.13 33
1.14 26
1.15 18
1.16 0
1.17 0
1.18 0
1.19 0
1.2 8
1.21 18
1.22 27
1.23 37
1.24 30
1.25 21
1.26 0
1.27 0
1.28 4
1.29 16
1.3 25
1.31 35
1.32 27
1.33 7
1.34 0
1.35 0
1.36 0
1.37 8
1.38 19
1.39 30
1.4 41
1.41 27
1.42 0
1.43 0
1.44 0
1.45 0
1.46 5
1.47 15
1.48 28
1.49 36
1.5 28
1.51 10
1.52 0
1.53 0
1.54 0
1.55 7
1.56 18
1.57 28
1.58 36
1.59 28
1.6 0
1.61 0
1.62 0
1.63 0
1.64 8
1.65 17
1.66 27
1.67 37
1.68 29
1.69 10
1.7 0
1.71 0
1.72 0
1.73 0
1.74 9
1.75 20
1.76 29
1.77 37
1.78 28
1.79 18
1.8 0
1.81 0
1.82 3
1.83 13
1.84 23
1.85 32
1.86 34
1.87 27
1.88 0
1.89 0
1.9 0
1.91 0
1.92 5
1.93 16
1.94 24
1.95 32
1.96 27
1.97 20
1.98 0
1.99 0
2 0
2.01 8
2.02 17
2.03 24
2.04 33
2.05 28
2.06 11
2.07 0
2.08 0
2.09 0
2.1 0
2.11 7
2.12 15
2.13 23
2.14 30
2.15 37
2.16 27
2.17 0
2.18 0
2.19 0
2.2 0
2.21 4
2.22 15
2.23 23
2.24 30
2.25 39
2.26 29
2.27 0
2.28 0
2.29 0
2.3 7
2.31 17
2.32 24
2.33 32
2.34 27
2.35 20
2.36 0
2.37 0
2.38 0
2.39 6
2.4 17
2.41 27
2.42 35
2.43 27
2.44 16
2.45 0
2.46 0
2.47 0
2.48 0
2.49 9
2.5 19
2.51 29
2.52 38
2.53 29
2.54 18
2.55 0
2.56 0
2.57 4
2.58 10
2.59 21
2.6 29
2.61 37
2.62 27
2.63 2
2.64 0
2.65 0
2.66 5
2.67 13
2.68 20
2.69 28
2.7 38
2.71 28
2.72 10
2.73 0
2.74 0
2.75 7
2.76 16
2.77 25
2.78 35
2.79 26
2.8 12
2.81 0
2.82 5
2.83 15
2.84 25
2.85 33
2.86 27
2.87 20
2.88 0
2.89 0
2.9 0
2.91 10
2.92 20
2.93 29
2.94 36
2.95 26
2.96 0
2.97 0
2.98 0
2.99 3
3 12
3.01 21
3.02 29
3.03 37
3.04 28
3.05 0
3.06 0
3.07 0
3.08 4
3.09 15
3.1 25
3.11 34
3.12 28
3.13 25
3.14 0
3.15 0
3.16 0
3.17 4
3.18 17
3.19 26
3.2 35
3.21 27
3.22 3
3.23 0
3.24 0
3.25 9
3.26 17
3.27 25
3.28 33
3.29 27
3.3 8
3.31 3
3.32 5
3.33 13
3.34 21
3.35 28
3.36 35
3.37 25
3.38 0
3.39 0
3.4 0
3.41 4
3.42 13
3.43 20
3.44 28
3.45 34
3.46 26
3.47 0
3.48 0
3.49 0
3.5 0
3.51 7
3.52 15
3.53 23
3.54 31
3.55 37
3.56 27
3.57 0
3.58 0
3.59 0
3.6 0
3.61 5
3.62 14
3.63 21
3.64 29
3.65 35
3.66 26
3.67 10
3.68 0
3.69 0
3.7 0
3.71 1
3.72 10
3.73 17
3.74 23
3.75 31
3.76 26
3.77 17
3.78 0
3.79 0
3.8 0
3.81 0
3.82 7
3.83 15
3.84 21
3.85 27
3.86 34
3.87 27
3.88 25
3.89 0
3.9 0
3.91 0
3.92 0
3.93 0
3.94 2
3.95 11
3.96 18
3.97 22
3.98 20
3.99 27
4 25
4.01 17
4.02 0
4.03 0
4.04 0
4.05 2
4.06 10
4.07 15
4.08 21
4.09 28
4.1 34
4.11 28
4.12 1
4.13 0
4.14 0
4.15 0
4.16 1
4.17 7
4.18 13
4.19 19
4.2 26
4.21 33
4.22 27
4.23 17
4.24 0
4.25 0
4.26 0
4.27 0
4.28 5
4.29 15
4.3 24
4.31 31
4.32 37
4.33 27
4.34 13
4.35 0
4.36 2
4.37 12
4.38 21
4.39 29
4.4 37
4.41 26
4.42 0
4.43 0
4.44 0
4.45 0
4.46 8
4.47 17
4.48 25
4.49 33
4.5 27
4.51 10
4.52 0
4.53 0
4.54 0
4.55 0
4.56 0
4.57 6
4.58 17
4.59 27
4.6 37
4.61 29
4.62 15
4.63 0
4.64 0
4.65 0
4.66 3
4.67 13
4.68 22
4.69 31
4.7 38
4.71 27
4.72 0
4.73 0
4.74 0
4.75 0
4.76 0
4.77 3
4.78 13
4.79 22
4.8 31
4.81 40
4.82 28
4.83 0
4.84 0
4.85 0
4.86 0
4.87 0
4.88 7
4.89 15
4.9 23
4.91 34
4.92 29
4.93 23
4.94 0
4.95 0
4.96 0
4.97 7
4.98 8
4.99 16
5 25
5.01 35
5.02 27
5.03 19
5.04 0
5.05 0
5.06 8
5.07 16
5.08 22
5.09 29
5.1 28
5.11 22
5.12 0
5.13 0
5.14 0
5.15 1
5.16 10
5.17 20
5.18 28
5.19 36
5.2 27
5.21 0
5.22 0
5.23 0
5.24 0
5.25 0
5.26 4
5.27 15
5.28 22
5.29 31
5.3 40
5.31 28
5.32 0
5.33 0
5.34 0
5.35 4
5.36 14
5.37 21
5.38 31
5.39 39
5.4 27
5.41 0
5.42 0
5.43 0
5.44 1
5.45 11
5.46 20
5.47 27
5.48 35
5.49 26
5.5 11
5.51 0
5.52 0
5.53 0
5.54 4
5.55 13
5.56 22
5.57 29
5.58 37
5.59 27
5.6 5
5.61 0
5.62 0
5.63 14
5.64 23
5.65 32
5.66 28
5.67 7
5.68 0
5.69 0
5.7 0
5.71 7
5.72 17
5.73 27
5.74 35
5.75 27
5.76 16
5.77 2
5.78 0
5.79 7
5.8 16
5.81 26
5.82 35
5.83 27
5.84 12
5.85 0
5.86 0
5.87 1
5.88 13
5.89 27
5.9 38
5.91 27
5.92 20
5.93 2
5.94 0
5.95 11
5.96 20
5.97 30
5.98 39
5.99 28
6 0
6.01 0
6.02 0
6.03 6
6.04 17
6.05 26
6.06 36
6.07 27
6.08 16
6.09 1
6.1 6
6.11 14
6.12 22
6.13 31
6.14 39
6.15 26
6.16 1
6.17 0
6.18 0
6.19 11
6.2 22
6.21 29
6.22 37
6.23 27
6.24 0
6.25 0
6.26 0
6.27 0
6.28 11
6.29 21
6.3 32
6.31 38
6.32 27
6.33 0
6.34 0
6.35 0
6.36 0
6.37 4
6.38 13
6.39 24
6.4 34
6.41 28
6.42 8
6.43 0
6.44 0
6.45 0
6.46 0
6.47 0
6.48 10
6.49 19
6.5 29
6.51 38
6.52 29
6.53 13
6.54 0
6.55 0
6.56 10
6.57 17
6.58 27
6.59 37
6.6 26
6.61 7
6.62 0
6.63 4
6.64 14
6.65 24
6.66 33
6.67 26
6.68 16
6.69 0
6.7 0
6.71 0
6.72 2
6.73 11
6.74 19
6.75 28
6.76 36
6.77 27
6.78 13
6.79 0
6.8 0
6.81 0
6.82 8
6.83 18
6.84 26
6.85 34
6.86 27
6.87 16
6.88 0
6.89 0
6.9 2
6.91 12
6.92 21
6.93 30
6.94 37
6.95 28
6.96 0
6.97 0
6.98 0
6.99 0
7 4
7.01 14
7.02 21
7.03 30
7.04 38
7.05 27
7.06 0
7.07 0
7.08 0
7.09 0
7.1 6
7.11 16
7.12 26
7.13 34
7.14 27
7.15 14
7.16 0
7.17 0
7.18 2
7.19 12
7.2 23
7.21 34
7.22 27
7.23 18
7.24 10
7.25 0
7.26 3
7.27 14
7.28 23
7.29 33
7.3 27
7.31 18
7.32 0
7.33 0
7.34 0
7.35 0
7.36 9
7.37 18
7.38 27
7.39 35
7.4 28
7.41 16
7.42 0
7.43 0
7.44 0
7.45 6
7.46 15
7.47 24
7.48 33
7.49 27
7.5 16
7.51 0
7.52 0
7.53 0
7.54 0
7.55 5
7.56 14
7.57 25
7.58 33
7.59 28
7.6 23
7.61 0
7.62 0
7.63 0
7.64 0
7.65 3
7.66 12
7.67 21
7.68 27
7.69 36
7.7 27
7.71 20
7.72 0
7.73 0
7.74 0
7.75 0
7.76 4
7.77 15
7.78 25
7.79 34
7.8 28
7.81 20
7.82 0
7.83 0
7.84 0
7.85 10
7.86 21
7.87 31
7.88 40
7.89 28
7.9 6
7.91 0
7.92 3
7.93 11
7.94 22
7.95 29
7.96 39
7.97 27
7.98 0
7.99 0
8 0
8.01 0
8.02 4
8.03 14
8.04 23
8.05 33
8.06 28
8.07 24
8.08 0
8.09 0
8.1 0
8.11 2
8.12 13
8.13 23
8.14 32
8.15 27
8.16 19
8.17 0
8.18 0
8.19 0
8.2 5
8.21 15
8.22 23
8.23 32
8.24 26
8.25 23
8.26 0
8.27 0
8.28 1
8.29 11
8.3 19
8.31 30
8.32 38
8.33 26
8.34 2
8.35 8
8.36 17
8.37 24
8.38 33
8.39 25
8.4 0
8.41 0
8.42 0
8.43 0
8.44 10
8.45 21
8.46 30
8.47 38
8.48 28
8.49 5
8.5 0
8.51 0
8.52 6
8.53 16
8.54 26
8.55 35
8.56 27
8.57 3
8.58 0
8.59 0
8.6 0
8.61 0
8.62 8
8.63 19
8.64 30
8.65 39
8.66 29
8.67 0
8.68 0
8.69 0
8.7 0
8.71 6
8.72 15
8.73 26
8.74 34
8.75 29
8.76 20
8.77 0
8.78 0
8.79 0
8.8 0
8.81 10
8.82 19
8.83 30
8.84 39
8.85 28
8.86 0
8.87 0
8.88 0
8.89 0
8.9 9
8.91 17
8.92 27
8.93 38
8.94 28
8.95 11
8.96 0
8.97 0
8.98 0
8.99 10
9 19
9.01 28
9.02 36
9.03 27
9.04 11
9.05 0
9.06 0
9.07 0
9.08 8
9.09 17
9.1 24
9.11 32
9.12 27
9.13 18
9.14 0
9.15 0
9.16 2
9.17 11
9.18 19
9.19 27
9.2 36
9.21 27
9.22 11
9.23 0
9.24 5
9.25 15
9.26 23
9.27 32
9.28 27
9.29 24
9.3 7
9.31 0
9.32 0
9.33 1
9.34 13
9.35 22
9.36 30
9.37 38
9.38 28
9.39 0
9.4 0
9.41 0
9.42 0
9.43 3
9.44 12
9.45 21
9.46 29
9.47 36
9.48 27
9.49 20
9.5 0
9.51 0
9.52 0
9.53 0
9.54 0
9.55 8
9.56 17
9.57 26
9.58 33
9.59 27
9.6 18
9.61 0
9.62 0
9.63 0
9.64 0
9.65 11
9.66 20
9.67 29
9.68 35
9.69 26
9.7 7
9.71 0
9.72 0
9.73 0
9.74 7
9.75 16
9.76 24
9.77 32
9.78 29
9.79 25
9.8 14
9.81 0
9.82 0
9.83 0
9.84 0
9.85 8
9.86 16
9.87 24
9.88 30
9.89 37
9.9 27
9.91 0
9.92 0
9.93 0
9.94 0
9.95 5
9.96 13
9.97 13
9.98 16
9.99 24
10 31
10.01 27
10.02 22
10.03 0
10.04 0
10.05 3
10.06 12
10.07 20
10.08 29
10.09 38
10.1 27
10.11 0
10.12 0
10.13 0
10.14 2
10.15 12
10.16 21
10.17 30
10.18 38
10.19 27
10.2 0
10.21 0
10.22 0
10.23 0
10.24 5
10.25 15
10.26 26
10.27 34
10.28 27
10.29 21
10.3 0
10.31 0
10.32 3
10.33 11
10.34 20
10.35 29
10.36 37
10.37 27
10.38 0
10.39 0
10.4 0
10.41 10
10.42 20
10.43 29
10.44 37
10.45 27
10.46 0
10.47 0
10.48 0
10.49 0
10.5 8
10.51 16
10.52 25
10.53 33
10.54 27
10.55 14
10.56 0
10.57 0
10.58 4
10.59 12
10.6 23
10.61 32
10.62 25
10.63 20
10.64 0
10.65 0
10.66 0
10.67 5
10.68 15
10.69 23
10.7 32
10.71 27
10.72 25
10.73 0
10.74 0
10.75 0
10.76 0
10.77 2
10.78 14
10.79 24
10.8 33
10.81 38
10.82 26
10.83 0
10.84 0
10.85 0
10.86 0
10.87 10
10.88 22
10.89 31
10.9 39
10.91 27
10.92 0
10.93 0
10.94 0
10.95 1
10.96 11
10.97 21
10.98 30
10.99 39
11 28
11.01 11
11.02 0
11.03 0
11.04 4
11.05 14
11.06 24
11.07 33
11.08 28
11.09 17
11.1 0
11.11 0
11.12 0
11.13 11
11.14 23
11.15 35
11.16 29
11.17 29
11.18 10
11.19 0
11.2 0
11.21 0
11.22 0
11.23 12
11.24 23
11.25 34
11.26 35
11.27 28
11.28 0
11.29 0
11.3 0
11.31 11
11.32 22
11.33 34
11.34 27
11.35 28
11.36 0
11.37 0
11.38 0
11.39 1
11.4 12
11.41 21
11.42 31
11.43 38
11.44 28
11.45 0
11.46 0
11.47 0
11.48 1
11.49 11
11.5 22
11.51 33
11.52 28
11.53 22
11.54 1
11.55 3
11.56 13
11.57 21
11.58 33
11.59 24
11.6 11
11.61 0
11.62 0
11.63 0
11.64 9
11.65 20
11.66 29
11.67 39
11.68 28
11.69 0
11.7 0
11.71 0
11.72 0
11.73 11
11.74 21
11.75 33
11.76 36
11.77 27
11.78 0
11.79 0
11.8 0
11.81 2
11.82 13
11.83 23
11.84 31
11.85 39
11.86 27
11.87 0
11.88 0
11.89 0
11.9 12
11.91 23
11.92 33
11.93 27
11.94 17
11.95 4
11.96 4
11.97 15
11.98 24
11.99 34
12 26
12.01 14
12.02 0
12.03 0
12.04 0
12.05 11
12.06 23
12.07 34
12.08 26
12.09 25
12.1 0
12.11 0
12.12 10
12.13 21
12.14 31
12.15 40
12.16 28
12.17 0
12.18 0
12.19 0
12.2 0
12.21 9
12.22 20
12.23 31
12.24 39
12.25 29
12.26 6
12.27 0
12.28 0
12.29 6
12.3 18
12.31 29
12.32 39
12.33 27
12.34 5
12.35 0
12.36 0
12.37 8
12.38 18
12.39 27
12.4 36
12.41 27
12.42 6
12.43 0
12.44 0
12.45 0
12.46 0
12.47 9
12.48 19
12.49 28
12.5 37
12.51 27
12.52 14
12.53 0
12.54 0
12.55 0
12.56 8
12.57 18
12.58 26
12.59 35
12.6 27
12.61 6
12.62 0
12.63 0
12.64 0
12.65 0
12.66 8
12.67 19
12.68 29
12.69 37
12.7 29
12.71 16
12.72 0
12.73 0
12.74 0
12.75 0
12.76 9
12.77 17
12.78 27
12.79 38
12.8 29
12.81 13
12.82 0
12.83 0
12.84 0
12.85 2
12.86 9
12.87 19
12.88 29
12.89 37
12.9 28
12.91 0
12.92 0
12.93 0
12.94 0
12.95 9
12.96 19
12.97 29
12.98 38
12.99 27
13 5
13.01 0
13.02 0
13.03 2
13.04 12
13.05 20
13.06 29
13.07 37
13.08 28
13.09 0
13.1 0
13.11 0
13.12 7
13.13 17
13.14 25
13.15 33
13.16 27
13.17 23
13.18 11
13.19 0
13.2 10
13.21 18
13.22 26
13.23 35
13.24 25
13.25 8
13.26 0
13.27 0
13.28 0
13.29 10
13.3 19
13.31 28
13.32 36
13.33 27
13.34 18
13.35 0
13.36 0
13.37 0
13.38 6
13.39 16
13.4 26
13.41 34
13.42 29
13.43 17
13.44 0
13.45 0
13.46 0
13.47 0
13.48 9
13.49 19
13.5 27
13.51 38
13.52 30
13.53 3
13.54 0
13.55 0
13.56 0
13.57 11
13.58 20
13.59 30
13.6 38
13.61 27
13.62 8
13.63 0
13.64 0
13.65 5
13.66 17
13.67 28
13.68 38
13.69 27
13.7 0
13.71 0
13.72 0
13.73 0
13.74 4
13.75 12
13.76 22
13.77 32
13.78 41
13.79 28
13.8 0
13.81 0
13.82 0
13.83 5
13.84 14
13.85 24
13.86 32
13.87 27
13.88 19
13.89 3
13.9 0
13.91 11
13.92 21
13.93 28
13.94 38
13.95 27
13.96 0
13.97 0
13.98 0
13.99 0
14 2
14.01 13
14.02 20
14.03 29
14.04 37
14.05 28
14.06 13
14.07 0
14.08 0
14.09 1
14.1 10
14.11 19
14.12 27
14.13 37
14.14 27
14.15 8
14.16 0
14.17 0
14.18 10
14.19 21
14.2 31
14.21 39
14.22 27
14.23 0
14.24 0
14.25 0
14.26 0
14.27 11
14.28 23
14.29 32
14.3 41
14.31 29
14.32 0
14.33 0
14.34 0
14.35 8
14.36 18
14.37 28
14.38 39
14.39 28
14.4 17
14.41 0
14.42 0
14.43 0
14.44 9
14.45 18
14.46 29
14.47 38
14.48 28
14.49 0
14.5 0
14.51 0
14.52 0
14.53 2
14.54 13
14.55 25
14.56 35
14.57 28
14.58 18
14.59 0
14.6 0
14.61 0
14.62 1
14.63 12
14.64 24
14.65 34
14.66 28
14.67 22
14.68 0
14.69 0
14.7 0
14.71 5
14.72 15
14.73 25
14.74 35
14.75 28
14.76 15
14.77 0
14.78 0
14.79 0
14.8 2
14.81 11
14.82 20
14.83 29
14.84 37
14.85 28
14.86 14
14.87 0
14.88 4
14.89 13
14.9 22
14.91 30
14.92 25
14.93 27
14.94 0
14.95 0
14.96 8
14.97 16
14.98 23
14.99 30
15 25
15.01 18
15.02 0
15.03 0
15.04 0
15.05 0
15.06 2
15.07 10
15.08 21
15.09 28
15.1 36
15.11 28
15.12 18
15.13 0
15.14 0
15.15 5
15.16 16
15.17 24
15.18 33
15.19 27
15.2 14
15.21 0
15.22 0
15.23 0
15.24 9
15.25 17
15.26 24
15.27 32
15.28 27
15.29 18
15.3 0
15.31 0
15.32 0
15.33 4
15.34 14
15.35 23
15.36 29
15.37 38
15.38 27
15.39 0
15.4 0
15.41 4
15.42 15
15.43 24
15.44 32
15.45 27
15.46 13
15.47 0
15.48 0
15.49 0
15.5 3
15.51 14
15.52 21
15.53 30
15.54 38
15.55 27
15.56 0
15.57 0
15.58 0
15.59 0
15.6 8
15.61 18
15.62 28
15.63 35
15.64 28
15.65 1
15.66 0
15.67 0
15.68 0
15.69 2
15.7 12
15.71 22
15.72 31
15.73 40
15.74 28
15.75 0
15.76 0
15.77 0
15.78 5
15.79 16
15.8 24
15.81 35
15.82 28
15.83 20
15.84 0
15.85 0
15.86 4
15.87 17
15.88 26
15.89 34
15.9 29
15.91 8
15.92 0
15.93 0
15.94 0
15.95 3
15.96 14
15.97 25
15.98 34
15.99 28
16 27
16.01 0
16.02 0
16.03 8
16.04 17
16.05 25
16.06 30
16.07 26
16.08 28
16.09 11
16.1 10
16.11 20
16.12 29
16.13 23
16.14 6
16.15 0
16.16 0
16.17 1
16.18 11
16.19 22
16.2 31
16.21 40
16.22 27
16.23 0
16.24 0
16.25 7
16.26 18
16.27 28
16.28 38
16.29 28
16.3 9
16.31 0
16.32 0
16.33 0
16.34 8
16.35 17
16.36 27
16.37 36
16.38 27
16.39 12
16.4 0
16.41 0
16.42 0
16.43 4
16.44 14
16.45 24
16.46 33
16.47 28
16.48 29
16.49 0
16.5 0
16.51 0
16.52 6
16.53 12
16.54 22
16.55 32
16.56 32
16.57 25
16.58 0
16.59 0
16.6 0
16.61 8
16.62 16
16.63 25
16.64 33
16.65 28
16.66 16
16.67 0
16.68 0
16.69 4
16.7 13
16.71 22
16.72 28
16.73 36
16.74 26
16.75 0
16.76 0
16.77 0
16.78 0
16.79 6
16.8 17
16.81 24
16.82 31
16.83 26
16.84 24
16.85 10
16.86 3
16.87 13
16.88 21
16.89 28
16.9 24
16.91 10
16.92 0
16.93 0
16.94 0
16.95 0
16.96 6
16.97 15
16.98 24
16.99 30
17 33
17.01 25
17.02 0
17.03 0
17.04 0
17.05 3
17.06 13
17.07 21
17.08 30
17.09 38
17.1 28
17.11 0
17.12 0
17.13 0
17.14 0
17.15 3
17.16 12
17.17 22
17.18 29
17.19 36
17.2 28
17.21 7
17.22 0
17.23 0
17.24 9
17.25 18
17.26 27
17.27 36
17.28 27
17.29 10
17.3 0
17.31 0
17.32 0
17.33 10
17.34 19
17.35 27
17.36 35
17.37 27
17.38 13
17.39 0
17.4 0
17.41 3
17.42 14
17.43 23
17.44 31
17.45 38
17.46 27
17.47 18
17.48 0
17.49 0
17.5 0
17.51 0
17.52 7
17.53 18
17.54 27
17.55 34
17.56 29
17.57 22
17.58 0
17.59 0
17.6 2
17.61 13
17.62 22
17.63 30
17.64 39
17.65 27
17.66 0
17.67 0
17.68 0
17.69 3
17.7 16
17.71 25
17.72 34
17.73 27
17.74 19
17.75 0
17.76 0
17.77 0
17.78 6
17.79 17
17.8 28
17.81 36
17.82 28
17.83 22
17.84 0
17.85 0
17.86 1
17.87 10
17.88 21
17.89 31
17.9 36
17.91 27
17.92 0
17.93 0
17.94 0
17.95 5
17.96 13
17.97 21
17.98 28
17.99 37
18 27
18.01 1
18.02 0
18.03 6
18.04 14
18.05 15
18.06 22
18.07 29
18.08 35
18.09 25
18.1 0
18.11 0
18.12 0
18.13 0
18.14 0
18.15 0
18.16 4
18.17 14
18.18 21
18.19 28
18.2 35
18.21 28
18.22 12
18.23 0
18.24 0
18.25 0
18.26 9
18.27 16
18.28 22
18.29 30
18.3 26
18.31 17
18.32 0
18.33 0
18.34 0
18.35 1
18.36 9
18.37 17
18.38 24
18.39 30
18.4 27
18.41 17
18.42 0
18.43 0
18.44 0
18.45 0
18.46 1
18.47 9
18.48 18
18.49 25
18.5 32
18.51 28
18.52 10
18.53 0
18.54 0
18.55 0
18.56 0
18.57 0
18.58 8
18.59 16
18.6 24
18.61 32
18.62 27
18.63 27
18.64 0
18.65 0
18.66 3
18.67 8
18.68 16
18.69 25
18.7 33
18.71 28
18.72 10
18.73 0
18.74 0
18.75 0
18.76 5
18.77 13
18.78 21
18.79 30
18.8 37
18.81 27
18.82 0
18.83 0
18.84 0
18.85 6
18.86 14
18.87 20
18.88 28
18.89 35
18.9 27
18.91 7
18.92 0
18.93 6
18.94 16
18.95 25
18.96 34
18.97 25
18.98 4
18.99 0
19 3
19.01 13
19.02 23
19.03 34
19.04 26
19.05 14
19.06 0
19.07 0
19.08 4
19.09 14
19.1 24
19.11 34
19.12 27
19.13 16
19.14 0
19.15 0
19.16 0
19.17 7
19.18 19
19.19 30
19.2 38
19.21 28
19.22 15
19.23 0
19.24 0
19.25 5
19.26 17
19.27 26
19.28 36
19.29 28
19.3 17
19.31 0
19.32 0
19.33 4
19.34 16
19.35 25
19.36 33
19.37 28
19.38 16
19.39 1
19.4 0
19.41 6
19.42 15
19.43 24
19.44 30
19.45 25
19.46 13
19.47 0
19.48 0
19.49 0
19.5 6
19.51 16
19.52 25
19.53 35
19.54 26
19.55 21
19.56 0
19.57 0
19.58 0
19.59 11
19.6 21
19.61 29
19.62 39
19.63 28
19.64 1
19.65 0
19.66 0
19.67 0
19.68 1
19.69 11
19.7 19
19.71 28
19.72 36
19.73 27
19.74 7
19.75 0
19.76 0
19.77 1
19.78 7
19.79 12
19.8 20
19.81 28
19.82 36
19.83 27
19.84 3
19.85 0
19.86 0
19.87 0
19.88 3
19.89 11
19.9 20
19.91 27
19.92 33
19.93 27
19.94 10
19.95 0
19.96 0
19.97 0
19.98 0
19.99 0
20 7
20.01 15
20.02 23
20.03 30
20.04 37
20.05 28
20.06 0
20.07 0
20.08 0
20.09 0
20.1 8
20.11 18
20.12 26
20.13 34
20.14 28
20.15 19
20.16 0
20.17 0
20.18 8
20.19 16
20.2 23
20.21 31
20.22 26
20.23 18
20.24 0
20.25 0
20.26 0
20.27 7
20.28 16
20.29 26
20.3 35
20.31 27
20.32 18
20.33 0
20.34 0
20.35 0
20.36 7
20.37 15
20.38 21
20.39 30
20.4 37
20.41 27
20.42 0
20.43 0
20.44 0
20.45 0
20.46 2
20.47 13
20.48 23
20.49 32
20.5 39
20.51 28
20.52 0
20.53 0
20.54 0
20.55 0
20.56 8
20.57 18
20.58 27
20.59 35
20.6 27
20.61 14
20.62 0
20.63 0
20.64 0
20.65 3
20.66 14
20.67 25
20.68 35
20.69 27
20.7 11
20.71 0
20.72 0
20.73 0
20.74 5
20.75 14
20.76 23
20.77 32
20.78 28
20.79 25
20.8 0
20.81 0
20.82 0
20.83 11
20.84 22
20.85 31
20.86 27
20.87 24
20.88 0
20.89 0
20.9 0
20.91 6
20.92 18
20.93 24
20.94 33
20.95 27
20.96 22
20.97 0
20.98 0
20.99 0
21 3
21.01 17
21.02 27
21.03 35
21.04 26
21.05 3
21.06 0
21.07 0
21.08 0
21.09 5
21.1 15
21.11 25
21.12 35
21.13 28
21.14 0
21.15 0
21.16 0
21.17 0
21.18 0
21.19 9
21.2 22
21.21 32
21.22 41
21.23 28
21.24 4
21.25 0
21.26 0
21.27 0
21.28 9
21.29 19
21.3 29
21.31 39
21.32 28
21.33 10
21.34 0
21.35 0
21.36 4
21.37 17
21.38 28
21.39 39
21.4 29
21.41 14
21.42 0
21.43 0
21.44 3
21.45 14
21.46 27
21.47 37
21.48 28
21.49 12
21.5 0
21.51 0
21.52 0
21.53 3
21.54 13
21.55 23
21.56 32
21.57 27
21.58 19
21.59 0
21.6 0
21.61 6
21.62 17
21.63 27
21.64 36
21.65 27
21.66 12
21.67 0
21.68 0
21.69 0
21.7 8
21.71 16
21.72 22
21.73 30
21.74 26
21.75 23
21.76 0
21.77 0
21.78 0
21.79 0
21.8 8
21.81 18
21.82 25
21.83 35
21.84 27
21.85 10
21.86 0
21.87 0
21.88 0
21.89 1
21.9 12
21.91 22
21.92 31
21.93 41
21.94 29
21.95 0
21.96 0
21.97 0
21.98 10
21.99 20
22 27
22.01 35
22.02 26
22.03 17
22.04 0
22.05 0
22.06 2
22.07 13
22.08 23
22.09 32
22.1 26
22.11 21
22.12 2
22.13 0
22.14 1
22.15 9
22.16 19
22.17 30
22.18 39
22.19 28
22.2 4
22.21 0
22.22 0
22.23 7
22.24 17
22.25 26
22.26 35
22.27 28
22.28 4
22.29 0
22.3 0
22.31 0
22.32 4
22.33 13
22.34 22
22.35 30
22.36 38
22.37 27
22.38 8
22.39 0
22.4 0
22.41 0
22.42 1
22.43 10
22.44 19
22.45 26
22.46 35
22.47 27
22.48 14
22.49 0
22.5 0
22.51 0
22.52 0
22.53 4
22.54 16
22.55 25
22.56 34
22.57 28
22.58 26
22.59 7
22.6 0
22.61 0
22.62 5
22.63 13
22.64 22
22.65 31
22.66 27
22.67 27
22.68 0
22.69 0
22.7 0
22.71 8
22.72 18
22.73 27
22.74 36
22.75 29
22.76 0
22.77 0
22.78 0
22.79 0
22.8 4
22.81 16
22.82 26
22.83 35
22.84 28
22.85 21
22.86 1
22.87 0
22.88 0
22.89 4
22.9 16
22.91 25
22.92 32
22.93 27
22.94 23
22.95 0
22.96 0
22.97 0
22.98 0
22.99 0
23 10
23.01 20
23.02 29
23.03 36
23.04 28
23.05 17
23.06 0
23.07 0
23.08 0
23.09 2
23.1 12
23.11 21
23.12 30
23.13 38
23.14 28
23.15 0
23.16 0
23.17 0
23.18 5
23.19 12
23.2 22
23.21 30
23.22 37
23.23 27
23.24 18
23.25 0
23.26 0
23.27 0
23.28 0
23.29 9
23.3 17
23.31 26
23.32 34
23.33 28
23.34 20
23.35 0
23.36 0
23.37 0
23.38 3
23.39 12
23.4 20
23.41 29
23.42 37
23.43 27
23.44 0
23.45 0
23.46 0
23.47 0
23.48 8
23.49 16
23.5 26
23.51 34
23.52 27
23.53 20
23.54 0
23.55 0
23.56 0
23.57 3
23.58 14
23.59 24
23.6 33
23.61 28
23.62 29
23.63 0
23.64 0
23.65 0
23.66 5
23.67 13
23.68 24
23.69 31
23.7 27
23.71 21
23.72 0
23.73 0
23.74 0
23.75 2
23.76 13
23.77 20
23.78 29
23.79 37
23.8 27
23.81 10
23.82 0
23.83 0
23.84 9
23.85 18
23.86 28
23.87 36
23.88 27
23.89 0
23.9 0
23.91 0
23.92 0
23.93 8
23.94 18
23.95 25
23.96 35
23.97 29
23.98 12
23.99 0
24 0
24.01 0
24.02 8
24.03 19
24.04 29
24.05 38
24.06 26
24.07 7
24.08 0
24.09 0
24.1 0
24.11 8
24.12 19
24.13 29
24.14 37
24.15 26
24.16 0
24.17 0
24.18 0
24.19 0
24.2 10
24.21 20
24.22 29
24.23 40
24.24 27
24.25 0
24.26 0
24.27 0
24.28 4
24.29 15
24.3 24
24.31 31
24.32 30
24.33 22
24.34 0
24.35 0
24.36 0
24.37 0
24.38 10
24.39 21
24.4 30
24.41 40
24.42 29
24.43 0
24.44 0
24.45 0
24.46 5
24.47 16
24.48 26
24.49 36
24.5 27
24.51 5
24.52 0
24.53 0
24.54 0
24.55 7
24.56 19
24.57 29
24.58 39
24.59 28
24.6 7
24.61 0
24.62 0
24.63 0
24.64 9
24.65 19
24.66 30
24.67 36
24.68 27
24.69 1
24.7 0
24.71 0
24.72 4
24.73 13
24.74 22
24.75 31
24.76 39
24.77 27
24.78 0
24.79 0
24.8 0
24.81 0
24.82 8
24.83 17
24.84 26
24.85 34
24.86 29
24.87 24
24.88 0
24.89 0
24.9 0
24.91 2
24.92 13
24.93 21
24.94 30
24.95 39
24.96 28
24.97 3
24.98 0
24.99 0
25 8
25.01 17
25.02 24
25.03 31
25.04 26
25.05 15
25.06 0
25.07 0
25.08 0
25.09 0
25.1 7
25.11 14
25.12 22
25.13 30
25.14 30
25.15 27
25.16 0
25.17 0
25.18 0
25.19 6
25.2 15
25.21 21
25.22 28
25.23 37
25.24 27
25.25 0
25.26 0
25.27 0
25.28 0
25.29 10
25.3 22
25.31 30
25.32 39
25.33 27
25.34 1
25.35 0
25.36 0
25.37 0
25.38 8
25.39 18
25.4 27
25.41 36
25.42 27
25.43 0
25.44 0
25.45 0
25.46 0
25.47 2
25.48 14
25.49 24
25.5 33
25.51 27
25.52 26
25.53 0
25.54 0
25.55 0
25.56 0
25.57 0
25.58 11
25.59 22
25.6 28
25.61 37
25.62 28
25.63 0
25.64 0
25.65 0
25.66 0
25.67 1
25.68 10
25.69 21
25.7 30
25.71 39
25.72 27
25.73 3
25.74 0
25.75 0
25.76 0
25.77 7
25.78 18
25.79 29
25.8 38
25.81 26
25.82 17
25.83 0
25.84 0
25.85 0
25.86 0
25.87 12
25.88 24
25.89 32
25.9 27
25.91 23
25.92 7
25.93 0
25.94 1
25.95 14
25.96 25
25.97 34
25.98 27
25.99 18
26 0
26.01 0
26.02 0
26.03 4
26.04 14
26.05 25
26.06 26
26.07 29
26.08 26
26.09 0
26.1 0
26.11 0
26.12 0
26.13 4
26.14 15
26.15 24
26.16 35
26.17 29
26.18 18
26.19 0
26.2 0
26.21 0
26.22 0
26.23 5
26.24 14
26.25 22
26.26 29
26.27 38
26.28 28
26.29 1
26.3 0
26.31 0
26.32 0
26.33 0
26.34 6
26.35 13
26.36 21
26.37 28
26.38 35
26.39 27
26.4 0
26.41 0
26.42 0
26.43 0
26.44 5
26.45 14
26.46 21
26.47 28
26.48 34
26.49 26
26.5 0
26.51 0
26.52 0
26.53 0
26.54 3
26.55 12
26.56 20
26.57 27
26.58 33
26.59 26
26.6 14
26.61 0
26.62 0
26.63 0
26.64 2
26.65 10
26.66 17
26.67 24
26.68 30
26.69 26
26.7 27
26.71 0
26.72 0
26.73 0
26.74 1
26.75 9
26.76 17
26.77 23
26.78 30
26.79 35
26.8 27
26.81 0
26.82 0
26.83 0
26.84 0
26.85 3
26.86 1
26.87 0
26.88 9
26.89 14
26.9 20
26.91 26
26.92 34
26.93 28
26.94 24
26.95 0
26.96 0
26.97 0
26.98 0
26.99 0
27 2
27.01 9
27.02 20
27.03 31
27.04 37
27.05 28
27.06 15
27.07 0
27.08 0
27.09 0
27.1 0
27.11 1
27.12 9
27.13 16
27.14 24
27.15 31
27.16 38
27.17 27
27.18 0
27.19 0
27.2 0
27.21 7
27.22 15
27.23 24
27.24 32
27.25 27
27.26 25
27.27 0
27.28 0
27.29 0
27.3 8
27.31 18
27.32 28
27.33 38
27.34 28
27.35 11
27.36 0
27.37 0
27.38 0
27.39 7
27.4 17
27.41 26
27.42 35
27.43 29
27.44 21
27.45 0
27.46 8
27.47 16
27.48 24
27.49 34
27.5 26
27.51 10
27.52 0
27.53 0
27.54 3
27.55 11
27.56 21
27.57 27
27.58 37
27.59 27
27.6 0
27.61 0
27.62 0
27.63 0
27.64 11
27.65 21
27.66 30
27.67 38
27.68 27
27.69 17
27.7 0
27.71 0
27.72 3
27.73 14
27.74 25
27.75 34
27.76 27
27.77 21
27.78 0
27.79 0
27.8 2
27.81 12
27.82 23
27.83 34
27.84 30
27.85 24
27.86 11
27.87 0
27.88 11
27.89 24
27.9 34
27.91 25
27.92 0
27.93 0
27.94 0
27.95 0
27.96 8
27.97 18
27.98 28
27.99 39
28 29
28.01 4
28.02 0
28.03 0
28.04 11
28.05 22
28.06 29
28.07 39
28.08 26
28.09 0
28.1 0
28.11 2
28.12 13
28.13 24
28.14 32
28.15 29
28.16 21
28.17 0
28.18 0
28.19 0
28.2 2
28.21 13
28.22 22
28.23 31
28.24 34
28.25 26
28.26 0
28.27 0
28.28 0
28.29 0
28.3 10
28.31 21
28.32 31
28.33 40
28.34 28
28.35 0
28.36 0
28.37 0
28.38 0
28.39 2
28.4 11
28.41 21
28.42 30
28.43 38
28.44 28
28.45 8
28.46 0
28.47 0
28.48 0
28.49 6
28.5 16
28.51 24
28.52 32
28.53 27
28.54 16
28.55 0
28.56 0
28.57 0
28.58 0
28.59 6
28.6 15
28.61 24
28.62 32
28.63 28
28.64 21
28.65 0
28.66 0
28.67 0
28.68 0
28.69 7
28.7 16
28.71 24
28.72 30
28.73 37
28.74 23
28.75 12
28.76 10
28.77 17
28.78 24
28.79 30
28.8 22
28.81 0
28.82 0
28.83 0
28.84 0
28.85 0
28.86 2
28.87 10
28.88 17
28.89 23
28.9 30
28.91 37
28.92 26
28.93 4
28.94 0
28.95 0
28.96 0
28.97 0
28.98 7
28.99 16
29 24
29.01 30
29.02 35
29.03 27
29.04 0
29.05 0
29.06 0
29.07 0
29.08 0
29.09 5
29.1 14
29.11 21
29.12 29
29.13 36
29.14 28
29.15 9
29.16 0
29.17 0
29.18 0
29.19 4
29.2 13
29.21 21
29.22 29
29.23 36
29.24 26
29.25 8
29.26 0
29.27 4
29.28 11
29.29 19
29.3 27
29.31 32
29.32 26
29.33 2
29.34 0
29.35 0
29.36 3
29.37 12
29.38 21
29.39 28
29.4 36
29.41 28
29.42 3
29.43 0
29.44 0
29.45 2
29.46 11
29.47 20
29.48 29
29.49 37
29.5 27
29.51 0
29.52 0
29.53 0
29.54 0
29.55 3
29.56 15
29.57 23
29.58 31
29.59 38
29.6 29
29.61 0
29.62 0
29.63 0
29.64 0
29.65 5
29.66 16
29.67 25
29.68 36
29.69 29
29.7 19
29.71 0
29.72 0
29.73 0
29.74 1
29.75 11
29.76 22
29.77 33
29.78 28
29.79 21
29.8 8
29.81 0
29.82 2
29.83 12
29.84 23
29.85 34
29.86 27
29.87 13
29.88 0
29.89 0
29.9 0
29.91 5
29.92 16
29.93 27
29.94 36
29.95 28
29.96 9
29.97 0
29.98 0
29.99 4
30 13
30.01 21
30.02 31
30.03 30
30.04 22
30.05 15
30.06 0
30.07 0
30.08 0
30.09 3
30.1 15
30.11 24
30.12 33
30.13 28
30.14 28
30.15 3
30.16 0
30.17 2
30.18 13
30.19 22
30.2 31
30.21 36
30.22 26
30.23 3
30.24 0
30.25 0
30.26 0
30.27 9
30.28 20
30.29 31
30.3 40
30.31 27
30.32 0
30.33 0
30.34 0
30.35 3
30.36 11
30.37 21
30.38 30
30.39 38
30.4 26
30.41 0
30.42 0
30.43 0
30.44 0
30.45 6
30.46 16
30.47 26
30.48 33
30.49 27
30.5 19
30.51 3
30.52 0
30.53 3
30.54 12
30.55 21
30.56 29
30.57 37
30.58 27
30.59 0
30.6 0
30.61 0
30.62 0
30.63 2
30.64 10
30.65 18
30.66 25
30.67 34
30.68 29
30.69 23
30.7 0
30.71 0
30.72 0
30.73 6
30.74 15
30.75 24
30.76 32
30.77 30
30.78 22
30.79 0
30.8 0
30.81 0
30.82 1
30.83 12
30.84 22
30.85 30
30.86 37
30.87 27
30.88 14
30.89 0
30.9 5
30.91 15
30.92 25
30.93 33
30.94 27
30.95 16
30.96 0
30.97 0
30.98 0
30.99 0
31 6
31.01 17
31.02 28
31.03 38
31.04 29
31.05 13
31.06 0
31.07 0
31.08 3
31.09 12
31.1 24
31.11 32
31.12 27
31.13 27
31.14 0
31.15 0
31.16 0
31.17 0
31.18 7
31.19 18
31.2 25
31.21 34
31.22 27
31.23 19
31.24 0
31.25 0
31.26 0
31.27 0
31.28 8
31.29 18
31.3 28
31.31 38
31.32 29
31.33 15
31.34 0
31.35 0
31.36 0
31.37 9
31.38 19
31.39 30
31.4 39
31.41 27
31.42 0
31.43 0
31.44 0
31.45 9
31.46 22
31.47 30
31.48 38
31.49 27
31.5 0
31.51 0
31.52 0
31.53 6
31.54 18
31.55 29
31.56 38
31.57 27
31.58 7
31.59 0
31.6 0
31.61 0
31.62 7
31.63 19
31.64 28
31.65 38
31.66 27
31.67 2
31.68 0
31.69 0
31.7 1
31.71 14
31.72 24
31.73 32
31.74 27
31.75 13
31.76 0
31.77 0
31.78 0
31.79 1
31.8 14
31.81 25
31.82 36
31.83 29
31.84 21
31.85 0
31.86 0
31.87 0
31.88 11
31.89 22
31.9 32
31.91 41
31.92 29
31.93 6
31.94 0
31.95 4
31.96 13
31.97 22
31.98 34
31.99 29
32 28
32.01 0
32.02 0
32.03 0
32.04 2
32.05 10
32.06 20
32.07 29
32.08 38
32.09 27
32.1 8
32.11 0
32.12 0
32.13 0
32.14 5
32.15 15
32.16 25
32.17 34
32.18 28
32.19 22
32.2 0
32.21 0
32.22 0
32.23 0
32.24 6
32.25 16
32.26 22
32.27 32
32.28 36
32.29 22
32.3 16
32.31 7
32.32 17
32.33 26
32.34 34
32.35 24
32.36 0
32.37 2
32.38 10
32.39 16
32.4 21
32.41 28
32.42 35
32.43 26
32.44 0
32.45 0
32.46 0
32.47 0
32.48 2
32.49 10
32.5 19
32.51 26
32.52 34
32.53 27
32.54 20
32.55 0
32.56 0
32.57 0
32.58 0
32.59 6
32.6 14
32.61 24
32.62 31
32.63 38
32.64 27
32.65 0
32.66 0
32.67 0
32.68 0
32.69 0
32.7 6
32.71 16
32.72 23
32.73 29
32.74 37
32.75 28
32.76 3
32.77 0
32.78 0
32.79 0
32.8 0
32.81 4
32.82 11
32.83 20
32.84 27
32.85 34
32.86 27
32.87 13
32.88 0
32.89 0
32.9 0
32.91 0
32.92 2
32.93 10
32.94 17
32.95 24
32.96 30
32.97 35
32.98 26
32.99 0
33 0
33.01 0
33.02 0
33.03 0
33.04 0
33.05 5
33.06 11
33.07 17
33.08 23
33.09 30
33.1 36
33.11 27
33.12 0
33.13 0
33.14 0
33.15 0
33.16 0
33.17 6
33.18 13
33.19 19
33.2 28
33.21 35
33.22 27
33.23 13
33.24 0
33.25 0
33.26 0
33.27 3
33.28 11
33.29 21
33.3 28
33.31 35
33.32 27
33.33 16
33.34 0
33.35 0
33.36 0
33.37 4
33.38 13
33.39 21
33.4 30
33.41 38
33.42 27
33.43 3
33.44 0
33.45 0
33.46 0
33.47 0
33.48 2
33.49 10
33.5 18
33.51 26
33.52 34
33.53 28
33.54 11
33.55 0
33.56 0
33.57 0
33.58 10
33.59 19
33.6 26
33.61 35
33.62 28
33.63 19
33.64 0
33.65 0
33.66 0
33.67 0
33.68 0
33.69 6
33.7 15
33.71 23
33.72 31
33.73 37
33.74 28
33.75 15
33.76 0
33.77 0
33.78 0
33.79 1
33.8 9
33.81 18
33.82 26
33.83 33
33.84 27
33.85 9
33.86 0
33.87 0
33.88 0
33.89 6
33.9 14
33.91 23
33.92 31
33.93 38
33.94 26
33.95 0
33.96 0
33.97 5
33.98 13
33.99 22
34 30
34.01 27
34.02 19
34.03 0
34.04 0
34.05 0
34.06 0
34.07 8
34.08 17
34.09 24
34.1 31
34.11 28
34.12 25
34.13 0
34.14 0
34.15 0
34.16 0
34.17 7
34.18 15
34.19 24
34.2 32
34.21 27
34.22 21
34.23 0
34.24 0
34.25 0
34.26 6
34.27 15
34.28 23
34.29 30
34.3 38
34.31 27
34.32 0
34.33 0
34.34 0
34.35 0
34.36 9
34.37 18
34.38 28
34.39 36
34.4 27
34.41 22
34.42 0
34.43 0
34.44 0
34.45 3
34.46 12
34.47 22
34.48 31
34.49 38
34.5 28
34.51 0
34.52 0
34.53 0
34.54 0
34.55 0
34.56 8
34.57 19
34.58 27
34.59 34
34.6 29
34.61 21
34.62 0
34.63 0
34.64 0
34.65 6
34.66 16
34.67 27
34.68 36
34.69 28
34.7 19
34.71 0
34.72 0
34.73 0
34.74 10
34.75 21
34.76 32
34.77 37
34.78 28
34.79 0
34.8 0
34.81 0
34.82 8
34.83 18
34.84 27
34.85 36
34.86 28
34.87 16
34.88 0
34.89 0
34.9 0
34.91 8
34.92 17
34.93 27
34.94 38
34.95 29
34.96 21
34.97 9
34.98 4
34.99 12
35 18
35.01 28
35.02 24
35.03 21
35.04 0
35.05 0
35.06 0
35.07 8
35.08 19
35.09 28
35.1 36
35.11 26
35.12 0
35.13 0
35.14 0
35.15 0
35.16 0
35.17 6
35.18 15
35.19 24
35.2 34
35.21 28
35.22 25
35.23 0
35.24 0
35.25 0
35.26 1
35.27 11
35.28 22
35.29 30
35.3 37
35.31 26
35.32 0
35.33 0
35.34 0
35.35 0
35.36 8
35.37 17
35.38 27
35.39 34
35.4 27
35.41 26
35.42 0
35.43 0
35.44 0
35.45 4
35.46 16
35.47 25
35.48 34
35.49 26
35.5 12
35.51 0
35.52 0
35.53 0
35.54 0
35.55 4
35.56 13
35.57 21
35.58 29
35.59 37
35.6 28
35.61 16
35.62 0
35.63 0
35.64 0
35.65 0
35.66 0
35.67 6
35.68 16
35.69 24
35.7 33
35.71 27
35.72 26
35.73 0
35.74 0
35.75 0
35.76 0
35.77 4
35.78 14
35.79 23
35.8 31
35.81 33
35.82 25
35.83 4
35.84 0
35.85 3
35.86 13
35.87 21
35.88 29
35.89 37
35.9 25
35.91 0
35.92 0
35.93 0
35.94 0
35.95 3
35.96 13
35.97 22
35.98 32
35.99 40
36 28
36.01 0
36.02 0
36.03 0
36.04 2
36.05 12
36.06 23
36.07 33
36.08 27
36.09 21
36.1 0
36.11 0
36.12 0
36.13 1
36.14 12
36.15 19
36.16 27
36.17 36
36.18 27
36.19 18
36.2 0
36.21 3
36.22 14
36.23 22
36.24 31
36.25 26
36.26 15
36.27 0
36.28 0
36.29 0
36.3 8
36.31 17
36.32 27
36.33 34
36.34 27
36.35 8
36.36 0
36.37 0
36.38 7
36.39 15
36.4 23
36.41 31
36.42 26
36.43 11
36.44 0
36.45 0
36.46 0
36.47 0
36.48 7
36.49 16
36.5 23
36.51 35
36.52 30
36.53 14
36.54 0
36.55 0
36.56 0
36.57 10
36.58 18
36.59 28
36.6 37
36.61 28
36.62 15
36.63 0
36.64 0
36.65 0
36.66 7
36.67 17
36.68 25
36.69 34
36.7 26
36.71 11
36.72 0
36.73 0
36.74 8
36.75 18
36.76 28
36.77 37
36.78 26
36.79 0
36.8 0
36.81 0
36.82 0
36.83 8
36.84 16
36.85 25
36.86 33
36.87 27
36.88 26
36.89 0
36.9 0
36.91 0
36.92 5
36.93 15
36.94 27
36.95 35
36.96 28
36.97 7
36.98 0
36.99 0
37 0
37.01 6
37.02 15
37.03 23
37.04 33
37.05 27
37.06 15
37.07 0
37.08 0
37.09 6
37.1 19
37.11 29
37.12 39
37.13 28
37.14 0
37.15 0
37.16 0
37.17 7
37.18 17
37.19 29
37.2 39
37.21 28
37.22 21
37.23 0
37.24 0
37.25 0
37.26 3
37.27 12
37.28 22
37.29 33
37.3 27
37.31 23
37.32 5
37.33 0
37.34 7
37.35 18
37.36 25
37.37 35
37.38 27
37.39 7
37.4 0
37.41 0
37.42 0
37.43 10
37.44 18
37.45 27
37.46 35
37.47 26
37.48 9
37.49 0
37.5 0
37.51 0
37.52 7
37.53 15
37.54 23
37.55 33
37.56 26
37.57 16
37.58 0
37.59 0
37.6 0
37.61 0
37.62 1
37.63 9
37.64 18
37.65 26
37.66 34
37.67 28
37.68 15
37.69 0
37.7 0
37.71 2
37.72 11
37.73 20
37.74 28
37.75 35
37.76 26
37.77 0
37.78 0
37.79 0
37.8 0
37.81 5
37.82 15
37.83 24
37.84 32
37.85 26
37.86 19
37.87 0
37.88 0
37.89 0
37.9 0
37.91 9
37.92 17
37.93 25
37.94 32
37.95 27
37.96 13
37.97 0
37.98 0
37.99 2
38 13
38.01 22
38.02 29
38.03 37
38.04 26
38.05 0
38.06 0
38.07 0
38.08 3
38.09 11
38.1 20
38.11 29
38.12 35
38.13 27
38.14 2
38.15 0
38.16 0
38.17 3
38.18 13
38.19 20
38.2 29
38.21 37
38.22 27
38.23 0
38.24 0
38.25 0
38.26 8
38.27 17
38.28 26
38.29 36
38.3 28
38.31 12
38.32 0
38.33 0
38.34 0
38.35 5
38.36 15
38.37 24
38.38 33
38.39 27
38.4 27
38.41 0
38.42 0
38.43 0
38.44 0
38.45 5
38.46 16
38.47 27
38.48 36
38.49 28
38.5 15
38.51 0
38.52 0
38.53 8
38.54 16
38.55 25
38.56 34
38.57 27
38.58 5
38.59 0
38.6 0
38.61 1
38.62 12
38.63 20
38.64 29
38.65 40
38.66 28
38.67 3
38.68 0
38.69 5
38.7 13
38.71 22
38.72 31
38.73 26
38.74 13
38.75 0
38.76 0
38.77 4
38.78 12
38.79 22
38.8 31
38.81 39
38.82 28
38.83 0
38.84 0
38.85 0
38.86 0
38.87 7
38.88 17
38.89 27
38.9 35
38.91 28
38.92 4
38.93 0
38.94 0
38.95 0
38.96 0
38.97 8
38.98 17
38.99 28
39 36
39.01 28
39.02 20
39.03 0
39.04 0
39.05 8
39.06 17
39.07 25
39.08 33
39.09 26
39.1 12
39.11 0
39.12 0
39.13 3
39.14 12
39.15 22
39.16 32
39.17 26
39.18 17
39.19 0
39.2 0
39.21 0
39.22 3
39.23 15
39.24 25
39.25 34
39.26 27
39.27 22
39.28 0
39.29 0
39.3 5
39.31 11
39.32 22
39.33 32
39.34 26
39.35 17
39.36 0
39.37 0
39.38 0
39.39 3
39.4 14
39.41 26
39.42 36
39.43 28
39.44 12
39.45 0
39.46 0
39.47 0
39.48 13
39.49 21
39.5 33
39.51 39
39.52 28
39.53 14
39.54 0
39.55 7
39.56 19
39.57 29
39.58 26
39.59 20
39.6 0
39.61 0
39.62 0
39.63 2
39.64 11
39.65 20
39.66 30
39.67 38
39.68 28
39.69 13
39.7 0
39.71 10
39.72 20
39.73 29
39.74 36
39.75 26
39.76 0
39.77 0
39.78 0
39.79 9
39.8 19
39.81 27
39.82 36
39.83 27
39.84 0
39.85 0
39.86 0
39.87 0
39.88 10
39.89 21
39.9 31
39.91 40
39.92 28
39.93 11
39.94 0
39.95 0
39.96 2
39.97 15
39.98 22
39.99 32
40 32
40.01 24
40.02 0
40.03 0
40.04 4
40.05 13
40.06 22
40.07 32
40.08 27
40.09 27
40.1 0
40.11 0
40.12 0
40.13 3
40.14 13
40.15 22
40.16 32
40.17 29
40.18 24
40.19 0
40.2 0
40.21 0
40.22 0
40.23 9
40.24 19
40.25 29
40.26 37
40.27 27
40.28 16
40.29 0
40.3 0
40.31 0
40.32 8
40.33 17
40.34 27
40.35 34
40.36 27
40.37 13
40.38 0
40.39 0
40.4 1
40.41 14
40.42 24
40.43 31
40.44 26
40.45 17
40.46 1
40.47 0
40.48 3
40.49 12
40.5 19
40.51 28
40.52 37
40.53 25
40.54 0
40.55 0
40.56 0
40.57 0
40.58 11
40.59 21
40.6 32
40.61 40
40.62 28
40.63 1
40.64 0
40.65 0
40.66 1
40.67 11
40.68 21
40.69 29
40.7 37
40.71 27
40.72 7
40.73 0
40.74 2
40.75 13
40.76 23
40.77 31
40.78 39
40.79 27
40.8 3
40.81 0
40.82 0
40.83 0
40.84 2
40.85 14
40.86 23
40.87 33
40.88 28
40.89 28
40.9 0
40.91 0
40.92 0
40.93 7
40.94 19
40.95 26
40.96 35
40.97 30
40.98 27
40.99 0
41 0
41.01 4
41.02 14
41.03 22
41.04 31
41.05 26
41.06 20
41.07 0
41.08 0
41.09 0
41.1 1
41.11 10
41.12 18
41.13 29
41.14 39
41.15 29
41.16 22
41.17 0
41.18 0
41.19 4
41.2 15
41.21 24
41.22 34
41.23 26
41.24 15
41.25 0
41.26 0
41.27 5
41.28 15
41.29 25
41.3 32
41.31 26
41.32 8
41.33 0
41.34 0
41.35 0
41.36 10
41.37 19
41.38 28
41.39 36
41.4 26
41.41 7
41.42 0
41.43 0
41.44 0
41.45 11
41.46 22
41.47 32
41.48 28
41.49 27
41.5 0
41.51 0
41.52 0
41.53 9
41.54 19
41.55 30
41.56 37
41.57 27
41.58 15
41.59 0
41.6 0
41.61 2
41.62 13
41.63 25
41.64 33
41.65 27
41.66 11
41.67 0
41.68 0
41.69 5
41.7 16
41.71 27
41.72 38
41.73 27
41.74 18
41.75 0
41.76 0
41.77 0
41.78 7
41.79 18
41.8 27
41.81 37
41.82 28
41.83 3
41.84 0
41.85 3
41.86 15
41.87 26
41.88 37
41.89 26
41.9 11
41.91 0
41.92 0
41.93 3
41.94 15
41.95 26
41.96 35
41.97 28
41.98 20
41.99 0
42 0
42.01 0
42.02 7
42.03 19
42.04 27
42.05 36
42.06 27
42.07 13
42.08 0
42.09 0
42.1 4
42.11 15
42.12 26
42.13 35
42.14 28
42.15 14
42.16 0
42.17 0
42.18 0
42.19 11
42.2 22
42.21 31
42.22 33
42.23 27
42.24 0
42.25 0
42.26 0
42.27 0
42.28 0
42.29 10
42.3 21
42.31 31
42.32 37
42.33 28
42.34 4
42.35 0
42.36 0
42.37 4
42.38 13
42.39 21
42.4 31
42.41 27
42.42 27
42.43 20
42.44 0
42.45 0
42.46 0
42.47 3
42.48 14
42.49 24
42.5 34
42.51 28
42.52 24
42.53 2
42.54 0
42.55 0
42.56 0
42.57 9
42.58 19
42.59 29
42.6 39
42.61 29
42.62 0
42.63 0
42.64 0
42.65 0
42.66 0
42.67 7
42.68 17
42.69 26
42.7 35
42.71 28
42.72 21
42.73 0
42.74 4
42.75 14
42.76 21
42.77 30
42.78 25
42.79 26
42.8 0
42.81 0
42.82 0
42.83 0
42.84 0
42.85 2
42.86 11
42.87 20
42.88 27
42.89 36
42.9 28
42.91 4
42.92 0
42.93 0
42.94 0
42.95 0
42.96 1
42.97 11
42.98 20
42.99 29
43 38
43.01 29
43.02 10
43.03 0
43.04 0
43.05 0
43.06 7
43.07 17
43.08 26
43.09 35
43.1 27
43.11 7
43.12 0
43.13 0
43.14 0
43.15 0
43.16 3
43.17 11
43.18 20
43.19 29
43.2 36
43.21 28
43.22 6
43.23 0
43.24 0
43.25 0
43.26 0
43.27 8
43.28 18
43.29 27
43.3 34
43.31 27
43.32 9
43.33 0
43.34 0
43.35 0
43.36 0
43.37 8
43.38 19
43.39 28
43.4 36
43.41 29
43.42 13
43.43 0
43.44 0
43.45 0
43.46 3
43.47 15
43.48 23
43.49 32
43.5 38
43.51 28
43.52 0
43.53 0
43.54 0
43.55 6
43.56 15
43.57 23
43.58 32
43.59 27
43.6 20
43.61 0
43.62 0
43.63 0
43.64 9
43.65 19
43.66 28
43.67 38
43.68 28
43.69 11
43.7 0
43.71 0
43.72 0
43.73 8
43.74 17
43.75 28
43.76 36
43.77 28
43.78 5
43.79 0
43.8 0
43.81 0
43.82 5
43.83 15
43.84 26
43.85 36
43.86 28
43.87 8
43.88 0
43.89 0
43.9 1
43.91 13
43.92 23
43.93 32
43.94 26
43.95 23
43.96 0
43.97 0
43.98 7
43.99 18
44 26
44.01 36
44.02 27
44.03 15
44.04 0
44.05 0
44.06 0
44.07 9
44.08 18
44.09 28
44.1 36
44.11 27
44.12 0
44.13 0
44.14 0
44.15 0
44.16 12
44.17 22
44.18 30
44.19 37
44.2 28
44.21 15
44.22 0
44.23 0
44.24 7
44.25 18
44.26 27
44.27 35
44.28 27
44.29 6
44.3 0
44.31 0
44.32 0
44.33 4
44.34 12
44.35 20
44.36 29
44.37 38
44.38 28
44.39 0
44.4 0
44.41 4
44.42 13
44.43 20
44.44 28
44.45 37
44.46 28
44.47 0
44.48 0
44.49 0
44.5 0
44.51 0
44.52 4
44.53 13
44.54 22
44.55 30
44.56 39
44.57 29
44.58 0
44.59 0
44.6 0
44.61 0
44.62 0
44.63 0
44.64 9
44.65 16
44.66 24
44.67 31
44.68 38
44.69 25
44.7 21
44.71 18
44.72 8
44.73 16
44.74 23
44.75 30
44.76 24
44.77 0
44.78 0
44.79 0
44.8 0
44.81 7
44.82 16
44.83 26
44.84 32
44.85 27
44.86 21
44.87 0
44.88 0
44.89 0
44.9 0
44.91 7
44.92 15
44.93 24
44.94 31
44.95 37
44.96 27
44.97 0
44.98 0
44.99 0
45 0
45.01 6
45.02 15
45.03 25
45.04 33
45.05 28
45.06 21
45.07 0
45.08 0
45.09 3
45.1 10
45.11 19
45.12 28
45.13 37
45.14 28
45.15 17
45.16 2
45.17 10
45.18 19
45.19 27
45.2 23
45.21 6
45.22 0
45.23 0
45.24 0
45.25 0
45.26 9
45.27 17
45.28 26
45.29 34
45.3 28
45.31 18
45.32 0
45.33 0
45.34 0
45.35 5
45.36 15
45.37 24
45.38 33
45.39 26
45.4 23
45.41 0
45.42 0
45.43 0
45.44 0
45.45 3
45.46 15
45.47 25
45.48 32
45.49 28
45.5 28
45.51 8
45.52 0
45.53 0
45.54 5
45.55 16
45.56 25
45.57 34
45.58 26
45.59 10
45.6 0
45.61 0
45.62 0
45.63 8
45.64 19
45.65 29
45.66 38
45.67 29
45.68 1
45.69 0
45.7 0
45.71 0
45.72 9
45.73 19
45.74 29
45.75 38
45.76 28
45.77 20
45.78 0
45.79 0
45.8 2
45.81 13
45.82 24
45.83 31
45.84 28
45.85 17
45.86 0
45.87 0
45.88 0
45.89 7
45.9 21
45.91 32
45.92 39
45.93 27
45.94 3
45.95 0
45.96 0
45.97 8
45.98 18
45.99 27
46 37
46.01 27
46.02 0
46.03 0
46.04 0
46.05 6
46.06 16
46.07 24
46.08 34
46.09 27
46.1 14
46.11 0
46.12 0
46.13 0
46.14 9
46.15 20
46.16 29
46.17 38
46.18 26
46.19 11
46.2 0
46.21 0
46.22 2
46.23 11
46.24 21
46.25 30
46.26 37
46.27 27
46.28 8
46.29 0
46.3 0
46.31 0
46.32 0
46.33 11
46.34 21
46.35 28
46.36 35
46.37 26
46.38 17
46.39 0
46.4 0
46.41 0
46.42 0
46.43 11
46.44 20
46.45 28
46.46 35
46.47 27
46.48 11
46.49 0
46.5 0
46.51 0
46.52 8
46.53 16
46.54 26
46.55 31
46.56 27
46.57 17
46.58 0
46.59 0
46.6 3
46.61 12
46.62 21
46.63 31
46.64 38
46.65 26
46.66 0
46.67 0
46.68 0
46.69 3
46.7 14
46.71 22
46.72 31
46.73 39
46.74 28
46.75 0
46.76 0
46.77 0
46.78 8
46.79 18
46.8 26
46.81 34
46.82 27
46.83 13
46.84 0
46.85 0
46.86 0
46.87 0
46.88 6
46.89 15
46.9 24
46.91 31
46.92 38
46.93 27
46.94 0
46.95 0
46.96 0
46.97 10
46.98 22
46.99 29
47 39
47.01 27
47.02 0
47.03 0
47.04 0
47.05 7
47.06 17
47.07 27
47.08 35
47.09 28
47.1 7
47.11 0
47.12 0
47.13 0
47.14 5
47.15 13
47.16 21
47.17 28
47.18 36
47.19 27
47.2 8
47.21 0
47.22 0
47.23 7
47.24 9
47.25 19
47.26 28
47.27 37
47.28 27
47.29 13
47.3 4
47.31 12
47.32 22
47.33 30
47.34 24
47.35 21
47.36 0
47.37 0
47.38 5
47.39 14
47.4 22
47.41 31
47.42 30
47.43 23
47.44 0
47.45 0
47.46 6
47.47 16
47.48 23
47.49 32
47.5 26
47.51 17
47.52 0
47.53 0
47.54 0
47.55 2
47.56 11
47.57 19
47.58 28
47.59 36
47.6 27
47.61 6
47.62 0
47.63 0
47.64 0
47.65 0
47.66 9
47.67 16
47.68 25
47.69 34
47.7 28
47.71 17
47.72 0
47.73 0
47.74 0
47.75 0
47.76 8
47.77 16
47.78 24
47.79 31
47.8 28
47.81 19
47.82 3
47.83 0
47.84 0
47.85 0
47.86 6
47.87 15
47.88 24
47.89 31
47.9 27
47.91 18
47.92 0
47.93 0
47.94 0
47.95 0
47.96 7
47.97 14
47.98 23
47.99 32
48 39
48.01 28
48.02 0
48.03 0
48.04 0
48.05 0
48.06 6
48.07 15
48.08 25
48.09 35
48.1 28
48.11 22
48.12 0
48.13 0
48.14 0
48.15 4
48.16 12
48.17 22
48.18 31
48.19 27
48.2 21
48.21 0
48.22 0
48.23 0
48.24 5
48.25 17
48.26 26
48.27 35
48.28 27
48.29 8
48.3 0
48.31 0
48.32 4
48.33 13
48.34 25
48.35 35
48.36 28
48.37 23
48.38 0
48.39 3
48.4 13
48.41 23
48.42 33
48.43 28
48.44 27
48.45 0
48.46 0
48.47 0
48.48 0
48.49 8
48.5 18
48.51 30
48.52 40
48.53 27
48.54 4
48.55 0
48.56 4
48.57 14
48.58 27
48.59 36
48.6 26
48.61 17
48.62 0
48.63 0
48.64 0
48.65 6
48.66 18
48.67 30
48.68 40
48.69 28
48.7 9
48.71 0
48.72 0
48.73 2
48.74 14
48.75 25
48.76 33
48.77 28
48.78 10
48.79 0
48.8 0
48.81 3
48.82 15
48.83 25
48.84 35
48.85 27
48.86 28
48.87 0
48.88 0
48.89 0
48.9 0
48.91 8
48.92 19
48.93 29
48.94 38
48.95 28
48.96 8
48.97 0
48.98 6
48.99 14
49 23
49.01 32
49.02 27
49.03 26
49.04 0
49.05 0
49.06 4
49.07 14
49.08 23
49.09 32
49.1 27
49.11 22
49.12 0
49.13 0
49.14 0
49.15 3
49.16 15
49.17 26
49.18 36
49.19 28
49.2 17
49.21 0
49.22 0
49.23 0
49.24 8
49.25 20
49.26 31
49.27 40
49.28 29
49.29 0
49.3 0
49.31 0
49.32 0
49.33 0
49.34 10
49.35 20
49.36 30
49.37 38
49.38 29
49.39 5
49.4 0
49.41 0
49.42 9
49.43 17
49.44 26
49.45 35
49.46 27
49.47 12
49.48 0
49.49 0
49.5 0
49.51 2
49.52 11
49.53 23
49.54 31
49.55 38
49.56 27
49.57 0
49.58 0
49.59 0
49.6 0
49.61 9
49.62 16
49.63 26
49.64 34
49.65 27
49.66 7
49.67 0
49.68 0
49.69 0
49.7 6
49.71 14
49.72 21
49.73 28
49.74 37
49.75 28
49.76 7
49.77 0
49.78 0
49.79 1
49.8 11
49.81 20
49.82 27
49.83 37
49.84 28
49.85 0
49.86 0
49.87 0
49.88 3
49.89 13
49.9 20
49.91 29
49.92 37
49.93 28
49.94 0
49.95 0
49.96 0
49.97 0
49.98 4
49.99 15
50 24
50.01 32
50.02 26
50.03 19
50.04 0
50.05 0
50.06 0
50.07 1
50.08 12
50.09 23
50.1 32
50.11 35
50.12 28
50.13 0
50.14 0
50.15 0
50.16 7
50.17 17
50.18 23
50.19 31
50.2 27
50.21 25
50.22 0
50.23 0
50.24 0
50.25 9
50.26 18
50.27 27
50.28 35
50.29 27
50.3 12
50.31 0
50.32 0
50.33 0
50.34 8
50.35 15
50.36 23
50.37 32
50.38 37
50.39 27
50.4 0
50.41 0
50.42 0
50.43 4
50.44 13
50.45 22
50.46 30
50.47 38
50.48 26
50.49 0
50.5 0
50.51 0
50.52 0
50.53 7
50.54 16
50.55 26
50.56 32
50.57 27
50.58 24
50.59 0
50.6 0
50.61 7
50.62 17
50.63 25
50.64 34
50.65 27
50.66 4
50.67 0
50.68 0
50.69 2
50.7 13
50.71 24
50.72 34
50.73 27
50.74 20
50.75 0
50.76 0
50.77 0
50.78 6
50.79 18
50.8 29
50.81 36
50.82 28
50.83 11
50.84 0
50.85 0
50.86 1
50.87 12
50.88 23
50.89 33
50.9 28
50.91 22
50.92 5
50.93 0
50.94 3
50.95 11
50.96 20
50.97 28
50.98 37
50.99 26
51 1
51.01 0
51.02 0
51.03 4
51.04 14
51.05 23
51.06 30
51.07 38
51.08 28
51.09 0
51.1 0
51.11 0
51.12 4
51.13 14
51.14 26
51.15 37
51.16 27
51.17 14
51.18 0
51.19 0
51.2 7
51.21 17
51.22 27
51.23 36
51.24 28
51.25 8
51.26 0
51.27 0
51.28 0
51.29 13
51.3 23
51.31 31
51.32 41
51.33 27
51.34 6
51.35 0
51.36 8
51.37 18
51.38 25
51.39 36
51.4 27
51.41 0
51.42 0
51.43 0
51.44 2
51.45 12
51.46 22
51.47 34
51.48 27
51.49 18
51.5 3
51.51 0
51.52 9
51.53 21
51.54 30
51.55 25
51.56 24
51.57 0
51.58 0
51.59 0
51.6 11
51.61 21
51.62 30
51.63 41
51.64 28
51.65 12
51.66 0
51.67 0
51.68 0
51.69 5
51.7 18
51.71 27
51.72 36
51.73 29
51.74 20
51.75 0
51.76 0
51.77 0
51.78 6
51.79 17
51.8 27
51.81 36
51.82 27
51.83 14
51.84 7
51.85 0
51.86 7
51.87 17
51.88 27
51.89 34
51.9 27
51.91 3
51.92 0
51.93 0
51.94 0
51.95 0
51.96 7
51.97 16
51.98 25
51.99 33
52 28
52.01 18
52.02 0
52.03 0
52.04 0
52.05 0
52.06 2
52.07 13
52.08 23
52.09 31
52.1 37
52.11 28
52.12 6
52.13 0
52.14 0
52.15 0
52.16 8
52.17 18
52.18 26
52.19 34
52.2 27
52.21 0
52.22 0
52.23 0
52.24 0
52.25 2
52.26 12
52.27 21
52.28 29
52.29 36
52.3 27
52.31 6
52.32 0
52.33 0
52.34 0
52.35 2
52.36 13
52.37 22
52.38 30
52.39 39
52.4 29
52.41 15
52.42 0
52.43 0
52.44 0
52.45 2
52.46 13
52.47 22
52.48 31
52.49 39
52.5 29
52.51 0
52.52 0
52.53 0
52.54 0
52.55 6
52.56 16
52.57 25
52.58 34
52.59 27
52.6 21
52.61 11
52.62 0
52.63 0
52.64 10
52.65 23
52.66 32
52.67 37
52.68 28
52.69 0
52.7 0
52.71 0
52.72 0
52.73 2
52.74 11
52.75 20
52.76 29
52.77 37
52.78 28
52.79 10
52.8 0
52.81 0
52.82 0
52.83 0
52.84 11
52.85 22
52.86 32
52.87 39
52.88 27
52.89 0
52.9 0
52.91 0
52.92 3
52.93 11
52.94 21
52.95 31
52.96 29
52.97 28
52.98 0
52.99 0
53 0
53.01 0
53.02 6
53.03 17
53.04 25
53.05 33
53.06 28
53.07 6
53.08 0
53.09 0
53.1 0
53.11 0
53.12 7
53.13 18
53.14 26
53.15 35
53.16 29
53.17 17
53.18 16
53.19 5
53.2 12
53.21 18
53.22 26
53.23 34
53.24 26
53.25 17
53.26 0
53.27 0
53.28 0
53.29 7
53.3 17
53.31 24
53.32 32
53.33 27
53.34 22
53.35 0
53.36 0
53.37 1
53.38 11
53.39 22
53.4 30
53.41 37
53.42 26
53.43 8
53.44 0
53.45 0
53.46 5
53.47 15
53.48 24
53.49 33
53.5 27
53.51 18
53.52 0
53.53 0
53.54 0
53.55 7
53.56 17
53.57 25
53.58 34
53.59 27
53.6 20
53.61 0
53.62 0
53.63 5
53.64 11
53.65 18
53.66 26
53.67 32
53.68 27
53.69 2
53.7 0
53.71 0
53.72 0
53.73 10
53.74 20
53.75 28
53.76 37
53.77 28
53.78 7
53.79 0
53.8 3
53.81 13
53.82 24
53.83 33
53.84 26
53.85 20
53.86 0
53.87 0
53.88 0
53.89 0
53.9 0
53.91 9
53.92 20
53.93 28
53.94 37
53.95 27
53.96 16
53.97 0
53.98 0
53.99 0
54 4
54.01 15
54.02 25
54.03 35
54.04 27
54.05 19
54.06 0
54.07 0
54.08 7
54.09 21
54.1 31
54.11 41
54.12 27
54.13 0
54.14 0
54.15 0
54.16 2
54.17 13
54.18 23
54.19 32
54.2 27
54.21 27
54.22 5
54.23 9
54.24 16
54.25 25
54.26 23
54.27 19
54.28 0
54.29 0
54.3 2
54.31 13
54.32 23
54.33 32
54.34 27
54.35 9
54.36 0
54.37 0
54.38 0
54.39 11
54.4 23
54.41 35
54.42 29
54.43 14
54.44 0
54.45 0
54.46 0
54.47 0
54.48 7
54.49 19
54.5 31
54.51 41
54.52 28
54.53 11
54.54 0
54.55 0
54.56 1
54.57 12
54.58 22
54.59 32
54.6 28
54.61 28
54.62 0
54.63 0
54.64 0
54.65 4
54.66 14
54.67 25
54.68 36
54.69 27
54.7 19
54.71 0
54.72 0
54.73 11
54.74 21
54.75 32
54.76 27
54.77 21
54.78 0
54.79 0
54.8 0
54.81 5
54.82 16
54.83 27
54.84 37
54.85 29
54.86 27
54.87 0
54.88 0
54.89 0
54.9 0
54.91 12
54.92 22
54.93 32
54.94 26
54.95 19
54.96 0
54.97 0
54.98 0
54.99 8
55 19
55.01 29
55.02 37
55.03 27
55.04 0
55.05 0
55.06 0
55.07 4
55.08 15
55.09 26
55.1 35
55.11 28
55.12 24
55.13 0
55.14 0
55.15 0
55.16 5
55.17 14
55.18 22
55.19 31
55.2 27
55.21 27
55.22 0
55.23 0
55.24 0
55.25 0
55.26 9
55.27 19
55.28 27
55.29 34
55.3 27
55.31 6
55.32 0
55.33 0
55.34 6
55.35 14
55.36 23
55.37 29
55.38 37
55.39 26
55.4 0
55.41 0
55.42 0
55.43 9
55.44 20
55.45 28
55.46 36
55.47 26
55.48 0
55.49 0
55.5 0
55.51 0
55.52 0
55.53 7
55.54 15
55.55 23
55.56 31
55.57 32
55.58 29
55.59 2
55.6 0
55.61 0
55.62 5
55.63 14
55.64 22
55.65 31
55.66 38
55.67 27
55.68 0
55.69 0
55.7 0
55.71 0
55.72 0
55.73 9
55.74 18
55.75 28
55.76 36
55.77 28
55.78 17
55.79 0
55.8 0
55.81 0
55.82 0
55.83 6
55.84 16
55.85 24
55.86 33
55.87 28
55.88 16
55.89 0
55.9 0
55.91 0
55.92 0
55.93 3
55.94 12
55.95 22
55.96 31
55.97 40
55.98 28
55.99 5
56 0
56.01 0
56.02 4
56.03 14
56.04 22
56.05 31
56.06 39
56.07 28
56.08 0
56.09 0
56.1 0
56.11 0
56.12 5
56.13 14
56.14 23
56.15 30
56.16 38
56.17 28
56.18 8
56.19 0
56.2 0
56.21 0
56.22 6
56.23 16
56.24 26
56.25 35
56.26 30
56.27 21
56.28 6
56.29 0
56.3 0
56.31 4
56.32 14
56.33 24
56.34 31
56.35 30
56.36 24
56.37 0
56.38 0
56.39 1
56.4 8
56.41 19
56.42 27
56.43 36
56.44 27
56.45 0
56.46 0
56.47 0
56.48 0
56.49 0
56.5 9
56.51 17
56.52 26
56.53 33
56.54 27
56.55 13
56.56 0
56.57 0
56.58 0
56.59 0
56.6 1
56.61 9
56.62 17
56.63 26
56.64 34
56.65 28
56.66 23
56.67 0
56.68 0
56.69 0
56.7 0
56.71 6
56.72 13
56.73 20
56.74 29
56.75 38
56.76 28
56.77 4
56.78 0
56.79 0
56.8 5
56.81 14
56.82 24
56.83 32
56.84 27
56.85 17
56.86 0
56.87 0
56.88 0
56.89 0
56.9 10
56.91 19
56.92 29
56.93 38
56.94 28
56.95 26
56.96 0
56.97 0
56.98 0
56.99 11
57 19
57.01 29
57.02 37
57.03 26
57.04 11
57.05 0
57.06 6
57.07 17
57.08 27
57.09 37
57.1 27
57.11 0
57.12 0
57.13 5
57.14 14
57.15 23
57.16 29
57.17 32
57.18 26
57.19 0
57.2 0
57.21 0
57.22 6
57.23 16
57.24 25
57.25 33
57.26 27
57.27 12
57.28 0
57.29 0
57.3 0
57.31 6
57.32 15
57.33 24
57.34 33
57.35 26
57.36 21
57.37 2
57.38 0
57.39 0
57.4 11
57.41 19
57.42 27
57.43 37
57.44 28
57.45 11
57.46 0
57.47 0
57.48 2
57.49 12
57.5 22
57.51 28
57.52 36
57.53 27
57.54 0
57.55 0
57.56 0
57.57 4
57.58 15
57.59 25
57.6 34
57.61 28
57.62 29
57.63 0
57.64 0
57.65 2
57.66 12
57.67 22
57.68 31
57.69 37
57.7 26
57.71 0
57.72 0
57.73 0
57.74 3
57.75 14
57.76 23
57.77 33
57.78 27
57.79 15
57.8 0
57.81 0
57.82 0
57.83 10
57.84 18
57.85 28
57.86 37
57.87 27
57.88 6
57.89 0
57.9 0
57.91 0
57.92 0
57.93 6
57.94 16
57.95 26
57.96 36
57.97 28
57.98 16
57.99 0
58 0
58.01 2
58.02 10
58.03 3
58.04 0
58.05 0
58.06 0
58.07 0
58.08 0
58.09 0
58.1 0
58.11 0
58.12 0
58.13 0
58.14 0
58.15 0
58.16 0
58.17 0
58.18 0
58.19 0
58.2 0
58.21 0
58.22 0
58.23 0
58.24 0
58.25 0
58.26 0
58.27 0
58.28 0
58.29 0
58.3 0
58.31 0
58.32 0
58.33 0
58.34 0
58.35 0
58.36 0
58.37 0
58.38 0
58.39 0
58.4 0
58.41 0
58.42 0
58.43 0
58.44 0
58.45 0
58.46 0
58.47 0
58.48 0
58.49 0
58.5 0
58.51 0
58.52 0
58.53 0
58.54 0
58.55 0
58.56 0
58.57 0
58.58 0
58.59 0
58.6 0
58.61 0
58.62 0
58.63 0
58.64 0
58.65 0
58.66 0
58.67 0
58.68 0
58.69 0
58.7 0
58.71 0
58.72 0
58.73 0
58.74 0
58.75 0
58.76 0
58.77 0
58.78 0
58.79 0
58.8 0
58.81 0
58.82 0
58.83 0
58.84 0
58.85 0
58.86 0
58.87 0
58.88 0
58.89 0
58.9 0
58.91 0
58.92 0
58.93 0
58.94 0
58.95 0
58.96 0
58.97 0
58.98 0
58.99 0
59 0
59.01 0
59.02 0
59.03 0
59.04 0
59.05 0
59.06 0
59.07 0
59.08 0
59.09 0
59.1 0
59.11 0
59.12 0
59.13 0
59.14 0
59.15 0
59.16 0
59.17 0
59.18 0
59.19 0
59.2 0
59.21 0
59.22 0
59.23 0
59.24 0
59.25 0
59.26 0
59.27 0
59.28 0
59.29 0
59.3 0
59.31 0
59.32 0
59.33 0
59.34 0
59.35 0
59.36 0
59.37 0
59.38 0
59.39 0
59.4 0
59.41 0
59.42 0
59.43 0
59.44 0
59.45 0
59.46 0
59.47 0
59.48 0
59.49 0
59.5 0
59.51 0
59.52 0
59.53 0
59.54 0
59.55 0
59.56 0
59.57 0
59.58 0
59.59 0
59.6 0
59.61 0
59.62 0
59.63 0
59.64 0
59.65 0
59.66 0
59.67 0
59.68 0
59.69 0
59.7 0
59.71 0
59.72 0
59.73 0
59.74 0
59.75 0
59.76 0
59.77 0
59.78 0
59.79 0
59.8 0
59.81 0
59.82 0
59.83 0
59.84 0
59.85 0
59.86 0
59.87 0
59.88 0
59.89 0
59.9 0
59.91 0
59.92 0
59.93 0
59.94 0
59.95 0
59.96 0
59.97 0
59.98 0
59.99 0
60 0
60.01 0
60.02 0
60.03 0
60.04 0
60.05 0
60.06 0
60.07 0
60.08 0
60.09 0
60.1 0
60.11 0
60.12 0
60.13 0
60.14 0
60.15 0
60.16 0
60.17 0
60.18 0
60.19 0
60.2 0
60.21 0
60.22 0
60.23 0
60.24 0
60.25 0
60.26 0
60.27 0
60.28 0
60.29 0
60.3 0
60.31 0
60.32 0
60.33 0
60.34 0
60.35 0
60.36 0
60.37 0
60.38 0
60.39 0
60.4 0
60.41 0
60.42 0
60.43 0
60.44 0
60.45 0
60.46 0
60.47 0
60.48 0
60.49 0
60.5 0
60.51 0
60.52 0
60.53 0
60.54 0
60.55 0
60.56 0
60.57 0
60.58 0
60.59 0
60.6 0
60.61 0
60.62 0
60.63 0
60.64 0
60.65 0
60.66 0
60.67 0
60.68 0
60.69 0
60.7 0
60.71 0
60.72 0
60.73 0
60.74 0
60.75 0
60.76 0
60.77 0
60.78 0
60.79 0
60.8 0
60.81 0
60.82 0
60.83 0
60.84 0
60.85 0
60.86 0
60.87 0
60.88 0
60.89 0
60.9 0
60.91 0
60.92 0
60.93 0
60.94 0
60.95 0
60.96 0
60.97 0
60.98 0
60.99 0
61 0
61.01 0
61.02 0
61.03 0
61.04 0
61.05 0
61.06 0
61.07 0
61.08 0
61.09 0
61.1 0
61.11 0
61.12 0
61.13 0
61.14 0
61.15 0
61.16 0
61.17 0
61.18 0
61.19 0
61.2 0
61.21 0
61.22 0
61.23 0
61.24 0
61.25 0
61.26 0
61.27 0
61.28 0
61.29 0
61.3 0
61.31 0
61.32 0
61.33 0
61.34 0
61.35 0
61.36 0
61.37 0
61.38 0
61.39 0
61.4 0
61.41 0
61.42 0
61.43 0
61.44 0
61.45 0
61.46 0
61.47 0
61.48 0
61.49 0
61.5 0
61.51 0
61.52 0
61.53 0
61.54 0
61.55 0
61.56 0
61.57 0
61.58 0
61.59 0
61.6 0
61.61 0
61.62 0
61.63 0
61.64 0
61.65 0
61.66 0
61.67 0
61.68 0
61.69 0
61.7 0
61.71 0
61.72 0
61.73 0
61.74 0
61.75 0
61.76 0
61.77 0
61.78 0
61.79 0
61.8 0
61.81 0
61.82 0
61.83 0
61.84 0
61.85 0
61.86 0
61.87 0
61.88 0
61.89 0
61.9 0
61.91 0
61.92 0
61.93 0
61.94 0
61.95 0
61.96 0
61.97 0
61.98 0
61.99 0
62 0
62.01 0
62.02 0
62.03 0
62.04 0
62.05 0
62.06 0
62.07 0
62.08 0
62.09 0
62.1 0
62.11 0
62.12 0
62.13 0
62.14 0
62.15 0
62.16 0
62.17 0
62.18 0
62.19 0
62.2 0
62.21 0
62.22 0
62.23 0
62.24 0
62.25 0
62.26 0
62.27 0
62.28 0
62.29 0
62.3 0
62.31 0
62.32 0
62.33 0
62.34 0
62.35 0
62.36 0
62.37 0
62.38 0
62.39 0
62.4 0
62.41 0
62.42 0
62.43 0
62.44 0
62.45 0
62.46 0
62.47 0
62.48 0
62.49 0
62.5 0
62.51 0
62.52 0
62.53 0
62.54 0
62.55 0
62.56 0
62.57 0
62.58 0
62.59 0
62.6 0
62.61 0
62.62 0
62.63 0
62.64 0
62.65 0
62.66 0
62.67 0
62.68 0
62.69 0
62.7 0
62.71 0
62.72 0
62.73 0
62.74 0
62.75 0
62.76 0
62.77 0
62.78 0
62.79 0
62.8 0
62.81 0
62.82 0
62.83 0
62.84 0
62.85 0
62.86 0
62.87 0
62.88 0
62.89 0
62.9 0
62.91 0
62.92 0
62.93 0
62.94 0
62.95 0
62.96 0
62.97 0
62.98 0
62.99 0
