0 0
0.01 0
0.02 0
0.03 0
0.04 0
0.05 0
0.06 0
0.07 0
0.08 0
0.09 0
0.1 0
0.11 0
0.12 0
0.13 0
0.14 0
0.15 0
0.16 0
0.17 0
0.18 0
0.19 0
0.2 0
0.21 31
0.22 27
0.23 0
0.24 17
0.25 0
0.26 0
0.27 0
0.28 0
0.29 4
0.3 7
0.31 10
0.32 15
0.33 18
0.34 22
0.35 15
0.36 0
0.37 0
0.38 0
0.39 0
0.4 0
0.41 0
0.42 0
0.43 0
0.44 0
0.45 0
0.46 0
0.47 0
0.48 2
0.49 5
0.5 9
0.51 12
0.52 16
0.53 18
0.54 15
0.55 7
0.56 0
0.57 0
0.58 0
0.59 0
0.6 0
0.61 0
0.62 0
0.63 0
0.64 0
0.65 0
0.66 0
0.67 0
0.68 3
0.69 8
0.7 11
0.71 15
0.72 18
0.73 20
0.74 16
0.75 0
0.76 0
0.77 0
0.78 0
0.79 0
0.8 0
0.81 0
0.82 0
0.83 0
0.84 0
0.85 0
0.86 0
0.87 3
0.88 7
0.89 11
0.9 14
0.91 17
0.92 20
0.93 16
0.94 0
0.95 0
0.96 0
0.97 0
0.98 0
0.99 0
1 0
1.01 0
1.02 0
1.03 0
1.04 0
1.05 0
1.06 3
1.07 6
1.08 9
1.09 13
1.1 16
1.11 19
1.12 15
1.13 0
1.14 0
1.15 0
1.16 0
1.17 0
1.18 0
1.19 0
1.2 0
1.21 0
1.22 0
1.23 0
1.24 0
1.25 1
1.26 11
1.27 20
1.28 28
1.29 19
1.3 0
1.31 0
1.32 0
1.33 0
1.34 0
1.35 0
1.36 0
1.37 5
1.38 9
1.39 14
1.4 18
1.41 21
1.42 16
1.43 0
1.44 0
1.45 0
1.46 0
1.47 0
1.48 0
1.49 0
1.5 0
1.51 0
1.52 0
1.53 5
1.54 9
1.55 15
1.56 20
1.57 24
1.58 17
1.59 0
1.6 0
1.61 0
1.62 0
1.63 0
1.64 0
1.65 0
1.66 0
1.67 0
1.68 3
1.69 7
1.7 11
1.71 16
1.72 21
1.73 17
1.74 2
1.75 0
1.76 0
1.77 0
1.78 0
1.79 0
1.8 0
1.81 0
1.82 0
1.83 0
1.84 4
1.85 8
1.86 13
1.87 18
1.88 23
1.89 17
1.9 0
1.91 0
1.92 0
1.93 0
1.94 0
1.95 0
1.96 0
1.97 0
1.98 0
1.99 0
2 6
2.01 10
2.02 15
2.03 19
2.04 23
2.05 15
2.06 0
2.07 0
2.08 0
2.09 0
2.1 0
2.11 0
2.12 0
2.13 0
2.14 0
2.15 3
2.16 7
2.17 13
2.18 17
2.19 20
2.2 16
2.21 2
2.22 0
2.23 0
2.24 0
2.25 0
2.26 0
2.27 0
2.28 0
2.29 0
2.3 0
2.31 3
2.32 9
2.33 14
2.34 18
2.35 22
2.36 17
2.37 0
2.38 0
2.39 0
2.4 0
2.41 0
2.42 0
2.43 0
2.44 0
2.45 0
2.46 0
2.47 6
2.48 9
2.49 14
2.5 18
2.51 23
2.52 12
2.53 0
2.54 0
2.55 0
2.56 0
2.57 0
2.58 0
2.59 0
2.6 0
2.61 0
2.62 4
2.63 8
2.64 14
2.65 17
2.66 22
2.67 16
2.68 0
2.69 0
2.7 0
2.71 0
2.72 0
2.73 0
2.74 0
2.75 0
2.76 0
2.77 0
2.78 5
2.79 9
2.8 14
2.81 20
2.82 24
2.83 17
2.84 0
2.85 0
2.86 0
2.87 0
2.88 0
2.89 0
2.9 0
2.91 0
2.92 0
2.93 2
2.94 7
2.95 11
2.96 16
2.97 20
2.98 16
2.99 0
3 0
3.01 0
3.02 0
3.03 0
3.04 0
3.05 0
3.06 0
3.07 0
3.08 0
3.09 5
3.1 10
3.11 14
3.12 19
3.13 23
3.14 17
3.15 0
3.16 0
3.17 0
3.18 0
3.19 0
3.2 0
3.21 0
3.22 5
3.23 10
3.24 14
3.25 19
3.26 22
3.27 16
3.28 0
3.29 0
3.3 0
3.31 0
3.32 0
3.33 0
3.34 0
3.35 0
3.36 0
3.37 1
3.38 7
3.39 11
3.4 16
3.41 20
3.42 17
3.43 14
3.44 0
3.45 0
3.46 0
3.47 0
3.48 0
3.49 0
3.5 0
3.51 0
3.52 0
3.53 4
3.54 8
3.55 12
3.56 17
3.57 22
3.58 17
3.59 0
3.6 0
3.61 0
3.62 0
3.63 0
3.64 0
3.65 0
3.66 0
3.67 0
3.68 0
3.69 6
3.7 10
3.71 14
3.72 18
3.73 22
3.74 16
3.75 0
3.76 0
3.77 0
3.78 0
3.79 0
3.8 0
3.81 0
3.82 5
3.83 9
3.84 12
3.85 16
3.86 21
3.87 17
3.88 0
3.89 0
3.9 0
3.91 0
3.92 0
3.93 0
3.94 0
3.95 0
3.96 0
3.97 0
3.98 6
3.99 9
4 14
4.01 19
4.02 23
4.03 17
4.04 0
4.05 0
4.06 0
4.07 0
4.08 0
4.09 0
4.1 0
4.11 0
4.12 0
4.13 0
4.14 5
4.15 10
4.16 16
4.17 20
4.18 17
4.19 3
4.2 0
4.21 0
4.22 0
4.23 0
4.24 0
4.25 0
4.26 0
4.27 0
4.28 0
4.29 5
4.3 9
4.31 13
4.32 17
4.33 21
4.34 16
4.35 0
4.36 0
4.37 0
4.38 0
4.39 0
4.4 0
4.41 0
4.42 0
4.43 0
4.44 0
4.45 6
4.46 12
4.47 16
4.48 20
4.49 17
4.5 6
4.51 0
4.52 0
4.53 0
4.54 0
4.55 0
4.56 0
4.57 0
4.58 0
4.59 0
4.6 3
4.61 8
4.62 12
4.63 15
4.64 20
4.65 17
4.66 4
4.67 0
4.68 0
4.69 0
4.7 0
4.71 0
4.72 0
4.73 0
4.74 0
4.75 0
4.76 4
4.77 9
4.78 13
4.79 18
4.8 24
4.81 16
4.82 0
4.83 0
4.84 0
4.85 0
4.86 0
4.87 0
4.88 0
4.89 0
4.9 0
4.91 1
4.92 5
4.93 10
4.94 16
4.95 20
4.96 17
4.97 11
4.98 0
4.99 0
5 0
5.01 0
5.02 0
5.03 0
5.04 0
5.05 0
5.06 0
5.07 3
5.08 8
5.09 13
5.1 16
5.11 20
5.12 16
5.13 3
5.14 0
5.15 0
5.16 0
5.17 0
5.18 0
5.19 0
5.2 0
5.21 0
5.22 0
5.23 4
5.24 10
5.25 14
5.26 18
5.27 23
5.28 17
5.29 0
5.3 0
5.31 0
5.32 0
5.33 0
5.34 0
5.35 0
5.36 0
5.37 0
5.38 3
5.39 7
5.4 11
5.41 15
5.42 19
5.43 17
5.44 0
5.45 0
5.46 0
5.47 0
5.48 0
5.49 0
5.5 0
5.51 0
5.52 0
5.53 0
5.54 4
5.55 9
5.56 14
5.57 18
5.58 22
5.59 16
5.6 0
5.61 0
5.62 0
5.63 0
5.64 0
5.65 0
5.66 0
5.67 0
5.68 0
5.69 0
5.7 4
5.71 9
5.72 14
5.73 19
5.74 23
5.75 17
5.76 0
5.77 0
5.78 0
5.79 0
5.8 0
5.81 0
5.82 0
5.83 0
5.84 0
5.85 3
5.86 7
5.87 12
5.88 16
5.89 19
5.9 16
5.91 0
5.92 0
5.93 0
5.94 0
5.95 0
5.96 0
5.97 0
5.98 0
5.99 0
6 0
6.01 3
6.02 9
6.03 14
6.04 18
6.05 22
6.06 17
6.07 0
6.08 0
6.09 0
6.1 0
6.11 0
6.12 0
6.13 0
6.14 0
6.15 0
6.16 0
6.17 5
6.18 9
6.19 13
6.2 18
6.21 23
6.22 17
6.23 0
6.24 0
6.25 0
6.26 0
6.27 0
6.28 0
6.29 0
6.3 0
6.31 0
6.32 2
6.33 6
6.34 10
6.35 15
6.36 21
6.37 16
6.38 7
6.39 0
6.4 0
6.41 0
6.42 0
6.43 0
6.44 0
6.45 1
6.46 6
6.47 10
6.48 15
6.49 19
6.5 17
6.51 3
6.52 0
6.53 0
6.54 0
6.55 0
6.56 0
6.57 0
6.58 0
6.59 0
6.6 0
6.61 4
6.62 8
6.63 12
6.64 18
6.65 22
6.66 16
6.67 8
6.68 0
6.69 0
6.7 0
6.71 0
6.72 0
6.73 0
6.74 0
6.75 0
6.76 0
6.77 3
6.78 8
6.79 13
6.8 18
6.81 22
6.82 17
6.83 0
6.84 0
6.85 0
6.86 0
6.87 0
6.88 0
6.89 0
6.9 0
6.91 0
6.92 0
6.93 5
6.94 10
6.95 14
6.96 18
6.97 21
6.98 17
6.99 0
7 0
7.01 0
7.02 0
7.03 0
7.04 0
7.05 0
7.06 0
7.07 0
7.08 0
7.09 7
7.1 10
7.11 15
7.12 20
7.13 24
7.14 17
7.15 0
7.16 0
7.17 0
7.18 0
7.19 0
7.2 0
7.21 0
7.22 0
7.23 0
7.24 1
7.25 5
7.26 11
7.27 16
7.28 21
7.29 17
7.3 6
7.31 0
7.32 0
7.33 0
7.34 0
7.35 0
7.36 0
7.37 0
7.38 0
7.39 0
7.4 3
7.41 8
7.42 13
7.43 17
7.44 20
7.45 16
7.46 0
7.47 0
7.48 0
7.49 0
7.5 0
7.51 0
7.52 0
7.53 0
7.54 0
7.55 0
7.56 3
7.57 8
7.58 12
7.59 18
7.6 22
7.61 17
7.62 0
7.63 0
7.64 0
7.65 0
7.66 0
7.67 0
7.68 0
7.69 0
7.7 0
7.71 1
7.72 5
7.73 10
7.74 15
7.75 19
7.76 24
7.77 12
7.78 0
7.79 0
7.8 0
7.81 0
7.82 0
7.83 0
7.84 0
7.85 0
7.86 0
7.87 2
7.88 7
7.89 12
7.9 16
7.91 21
7.92 17
7.93 1
7.94 0
7.95 0
7.96 0
7.97 0
7.98 0
7.99 0
8 0
8.01 0
8.02 0
8.03 3
8.04 8
8.05 13
8.06 17
8.07 23
8.08 17
8.09 0
8.1 0
8.11 0
8.12 0
8.13 0
8.14 0
8.15 0
8.16 0
8.17 0
8.18 0
8.19 5
8.2 9
8.21 15
8.22 18
8.23 22
8.24 16
8.25 0
8.26 0
8.27 0
8.28 0
8.29 0
8.3 0
8.31 0
8.32 0
8.33 0
8.34 0
8.35 7
8.36 11
8.37 15
8.38 19
8.39 24
8.4 14
8.41 0
8.42 0
8.43 0
8.44 0
8.45 0
8.46 0
8.47 0
8.48 0
8.49 0
8.5 4
8.51 7
8.52 13
8.53 16
8.54 21
8.55 17
8.56 0
8.57 0
8.58 0
8.59 0
8.6 0
8.61 0
8.62 0
8.63 0
8.64 0
8.65 0
8.66 3
8.67 9
8.68 14
8.69 19
8.7 23
8.71 16
8.72 0
8.73 0
8.74 0
8.75 0
8.76 0
8.77 0
8.78 0
8.79 0
8.8 0
8.81 0
8.82 5
8.83 12
8.84 16
8.85 20
8.86 17
8.87 13
8.88 0
8.89 0
8.9 0
8.91 0
8.92 0
8.93 0
8.94 0
8.95 0
8.96 0
8.97 2
8.98 7
8.99 12
9 16
9.01 20
9.02 16
9.03 1
9.04 0
9.05 0
9.06 0
9.07 0
9.08 0
9.09 0
9.1 0
9.11 0
9.12 0
9.13 5
9.14 9
9.15 14
9.16 19
9.17 22
9.18 17
9.19 0
9.2 0
9.21 0
9.22 0
9.23 0
9.24 0
9.25 0
9.26 0
9.27 0
9.28 0
9.29 4
9.3 9
9.31 13
9.32 19
9.33 24
9.34 17
9.35 0
9.36 0
9.37 0
9.38 0
9.39 0
9.4 0
9.41 0
9.42 0
9.43 0
9.44 1
9.45 6
9.46 10
9.47 15
9.48 19
9.49 23
9.5 16
9.51 0
9.52 0
9.53 0
9.54 0
9.55 0
9.56 0
9.57 0
9.58 0
9.59 0
9.6 2
9.61 7
9.62 12
9.63 17
9.64 21
9.65 17
9.66 5
9.67 0
9.68 0
9.69 0
9.7 0
9.71 0
9.72 0
9.73 0
9.74 0
9.75 0
9.76 5
9.77 10
9.78 14
9.79 18
9.8 22
9.81 17
9.82 0
9.83 0
9.84 0
9.85 0
9.86 0
9.87 0
9.88 0
9.89 0
9.9 0
9.91 2
9.92 7
9.93 11
9.94 16
9.95 20
9.96 17
9.97 5
9.98 0
9.99 0
10 0
10.01 0
10.02 0
10.03 0
10.04 0
10.05 0
10.06 0
10.07 2
10.08 7
10.09 11
10.1 17
10.11 22
10.12 17
10.13 0
10.14 0
10.15 0
10.16 0
10.17 0
10.18 0
10.19 0
10.2 3
10.21 7
10.22 12
10.23 17
10.24 21
10.25 17
10.26 0
10.27 0
10.28 0
10.29 0
10.3 0
10.31 0
10.32 0
10.33 0
10.34 0
10.35 0
10.36 3
10.37 8
10.38 13
10.39 19
10.4 24
10.41 17
10.42 0
10.43 0
10.44 0
10.45 0
10.46 0
10.47 0
10.48 0
10.49 0
10.5 0
10.51 0
10.52 5
10.53 11
10.54 15
10.55 19
10.56 23
10.57 16
10.58 0
10.59 0
10.6 0
10.61 0
10.62 0
10.63 0
10.64 0
10.65 0
10.66 0
10.67 2
10.68 7
10.69 12
10.7 17
10.71 20
10.72 17
10.73 0
10.74 0
10.75 0
10.76 0
10.77 0
10.78 0
10.79 0
10.8 0
10.81 0
10.82 0
10.83 5
10.84 8
10.85 13
10.86 18
10.87 22
10.88 17
10.89 0
10.9 0
10.91 0
10.92 0
10.93 0
10.94 0
10.95 0
10.96 0
10.97 0
10.98 1
10.99 6
11 11
11.01 15
11.02 20
11.03 20
11.04 12
11.05 0
11.06 0
11.07 0
11.08 0
11.09 0
11.1 0
11.11 0
11.12 0
11.13 0
11.14 1
11.15 5
11.16 11
11.17 16
11.18 20
11.19 17
11.2 0
11.21 0
11.22 0
11.23 0
11.24 0
11.25 0
11.26 0
11.27 0
11.28 0
11.29 0
11.3 4
11.31 9
11.32 14
11.33 17
11.34 21
11.35 16
11.36 0
11.37 0
11.38 0
11.39 0
11.4 0
11.41 0
11.42 0
11.43 0
11.44 0
11.45 0
11.46 5
11.47 10
11.48 14
11.49 19
11.5 23
11.51 17
11.52 0
11.53 0
11.54 0
11.55 0
11.56 0
11.57 0
11.58 0
11.59 4
11.6 10
11.61 15
11.62 19
11.63 22
11.64 16
11.65 0
11.66 0
11.67 0
11.68 0
11.69 0
11.7 0
11.71 0
11.72 0
11.73 0
11.74 0
11.75 5
11.76 9
11.77 15
11.78 19
11.79 24
11.8 17
11.81 0
11.82 0
11.83 0
11.84 0
11.85 0
11.86 0
11.87 0
11.88 0
11.89 0
11.9 0
11.91 6
11.92 10
11.93 15
11.94 19
11.95 24
11.96 10
11.97 0
11.98 0
11.99 0
12 0
12.01 0
12.02 0
12.03 0
12.04 0
12.05 0
12.06 3
12.07 8
12.08 12
12.09 16
12.1 20
12.11 16
12.12 1
12.13 0
12.14 0
12.15 0
12.16 0
12.17 0
12.18 0
12.19 0
12.2 0
12.21 0
12.22 4
12.23 9
12.24 13
12.25 18
12.26 22
12.27 17
12.28 0
12.29 0
12.3 0
12.31 0
12.32 0
12.33 0
12.34 0
12.35 0
12.36 0
12.37 2
12.38 6
12.39 11
12.4 14
12.41 19
12.42 19
12.43 11
12.44 0
12.45 0
12.46 0
12.47 0
12.48 0
12.49 0
12.5 0
12.51 0
12.52 0
12.53 2
12.54 6
12.55 11
12.56 16
12.57 20
12.58 17
12.59 17
12.6 0
12.61 0
12.62 0
12.63 0
12.64 0
12.65 0
12.66 0
12.67 0
12.68 0
12.69 3
12.7 6
12.71 11
12.72 16
12.73 21
12.74 17
12.75 0
12.76 0
12.77 0
12.78 0
12.79 0
12.8 0
12.81 0
12.82 0
12.83 0
12.84 0
12.85 5
12.86 10
12.87 15
12.88 18
12.89 21
12.9 16
12.91 0
12.92 0
12.93 0
12.94 0
12.95 0
12.96 0
12.97 0
12.98 0
12.99 0
13 1
13.01 6
13.02 12
13.03 17
13.04 21
13.05 17
13.06 3
13.07 0
13.08 0
13.09 0
13.1 0
13.11 0
13.12 0
13.13 0
13.14 0
13.15 0
13.16 3
13.17 8
13.18 12
13.19 16
13.2 21
13.21 17
13.22 0
13.23 0
13.24 0
13.25 0
13.26 0
13.27 0
13.28 0
13.29 0
13.3 0
13.31 0
13.32 4
13.33 9
13.34 14
13.35 18
13.36 22
13.37 17
13.38 0
13.39 0
13.4 0
13.41 0
13.42 0
13.43 0
13.44 0
13.45 0
13.46 0
13.47 0
13.48 4
13.49 9
13.5 15
13.51 19
13.52 24
13.53 17
13.54 0
13.55 0
13.56 0
13.57 0
13.58 0
13.59 0
13.6 0
13.61 0
13.62 0
13.63 1
13.64 6
13.65 11
13.66 15
13.67 19
13.68 19
13.69 12
13.7 0
13.71 0
13.72 0
13.73 0
13.74 0
13.75 0
13.76 0
13.77 0
13.78 0
13.79 2
13.8 6
13.81 12
13.82 17
13.83 22
13.84 17
13.85 0
13.86 0
13.87 0
13.88 0
13.89 0
13.9 0
13.91 0
13.92 0
13.93 0
13.94 0
13.95 5
13.96 7
13.97 12
13.98 16
13.99 22
14 17
14.01 0
14.02 0
14.03 0
14.04 0
14.05 0
14.06 0
14.07 0
14.08 0
14.09 0
14.1 0
14.11 5
14.12 9
14.13 15
14.14 19
14.15 23
14.16 16
14.17 0
14.18 0
14.19 0
14.2 0
14.21 0
14.22 0
14.23 0
14.24 0
14.25 0
14.26 0
14.27 5
14.28 9
14.29 15
14.3 19
14.31 23
14.32 17
14.33 0
14.34 0
14.35 0
14.36 0
14.37 0
14.38 0
14.39 0
14.4 0
14.41 0
14.42 2
14.43 8
14.44 13
14.45 17
14.46 21
14.47 16
14.48 0
14.49 0
14.5 0
14.51 0
14.52 0
14.53 0
14.54 0
14.55 0
14.56 0
14.57 0
14.58 5
14.59 9
14.6 13
14.61 18
14.62 23
14.63 17
14.64 0
14.65 0
14.66 0
14.67 0
14.68 0
14.69 0
14.7 0
14.71 0
14.72 0
14.73 0
14.74 3
14.75 8
14.76 13
14.77 18
14.78 23
14.79 17
14.8 0
14.81 0
14.82 0
14.83 0
14.84 0
14.85 0
14.86 0
14.87 0
14.88 0
14.89 1
14.9 6
14.91 11
14.92 16
14.93 20
14.94 16
14.95 16
14.96 0
14.97 0
14.98 0
14.99 0
15 0
15.01 0
15.02 0
15.03 0
15.04 0
15.05 1
15.06 7
15.07 11
15.08 16
15.09 21
15.1 17
15.11 8
15.12 0
15.13 0
15.14 0
15.15 0
15.16 0
15.17 0
15.18 0
15.19 0
15.2 0
15.21 4
15.22 8
15.23 11
15.24 16
15.25 21
15.26 17
15.27 0
15.28 0
15.29 0
15.3 0
15.31 0
15.32 0
15.33 0
15.34 0
15.35 0
15.36 0
15.37 5
15.38 9
15.39 15
15.4 19
15.41 23
15.42 16
15.43 0
15.44 0
15.45 0
15.46 0
15.47 0
15.48 0
15.49 0
15.5 4
15.51 9
15.52 12
15.53 16
15.54 21
15.55 17
15.56 3
15.57 0
15.58 0
15.59 0
15.6 0
15.61 0
15.62 0
15.63 0
15.64 0
15.65 0
15.66 4
15.67 9
15.68 13
15.69 18
15.7 23
15.71 16
15.72 0
15.73 0
15.74 0
15.75 0
15.76 0
15.77 0
15.78 0
15.79 0
15.8 0
15.81 0
15.82 3
15.83 8
15.84 14
15.85 18
15.86 23
15.87 17
15.88 0
15.89 0
15.9 0
15.91 0
15.92 0
15.93 0
15.94 0
15.95 0
15.96 0
15.97 1
15.98 5
15.99 10
16 13
16.01 18
16.02 23
16.03 17
16.04 0
16.05 0
16.06 0
16.07 0
16.08 0
16.09 0
16.1 0
16.11 0
16.12 0
16.13 1
16.14 5
16.15 11
16.16 16
16.17 20
16.18 22
16.19 11
16.2 0
16.21 0
16.22 0
16.23 0
16.24 0
16.25 0
16.26 0
16.27 0
16.28 0
16.29 2
16.3 6
16.31 11
16.32 17
16.33 21
16.34 17
16.35 0
16.36 0
16.37 0
16.38 0
16.39 0
16.4 0
16.41 0
16.42 0
16.43 0
16.44 0
16.45 5
16.46 10
16.47 14
16.48 18
16.49 22
16.5 16
16.51 0
16.52 0
16.53 0
16.54 0
16.55 0
16.56 0
16.57 0
16.58 0
16.59 0
16.6 1
16.61 5
16.62 10
16.63 15
16.64 20
16.65 24
16.66 12
16.67 0
16.68 0
16.69 0
16.7 0
16.71 0
16.72 0
16.73 0
16.74 0
16.75 0
16.76 2
16.77 7
16.78 10
16.79 15
16.8 20
16.81 17
16.82 2
16.83 0
16.84 0
16.85 0
16.86 0
16.87 0
16.88 0
16.89 0
16.9 0
16.91 0
16.92 3
16.93 7
16.94 12
16.95 17
16.96 21
16.97 17
16.98 3
16.99 0
17 0
17.01 0
17.02 0
17.03 0
17.04 0
17.05 0
17.06 0
17.07 0
17.08 3
17.09 8
17.1 13
17.11 17
17.12 22
17.13 17
17.14 1
17.15 0
17.16 0
17.17 0
17.18 0
17.19 0
17.2 0
17.21 0
17.22 0
17.23 1
17.24 6
17.25 10
17.26 14
17.27 18
17.28 22
17.29 16
17.3 0
17.31 0
17.32 0
17.33 0
17.34 0
17.35 0
17.36 0
17.37 0
17.38 0
17.39 1
17.4 7
17.41 11
17.42 16
17.43 20
17.44 17
17.45 4
17.46 0
17.47 0
17.48 0
17.49 0
17.5 0
17.51 0
17.52 0
17.53 0
17.54 0
17.55 3
17.56 6
17.57 11
17.58 16
17.59 21
17.6 17
17.61 0
17.62 0
17.63 0
17.64 0
17.65 0
17.66 0
17.67 0
17.68 0
17.69 0
17.7 0
17.71 4
17.72 9
17.73 13
17.74 17
17.75 21
17.76 16
17.77 0
17.78 0
17.79 0
17.8 0
17.81 0
17.82 0
17.83 0
17.84 0
17.85 0
17.86 0
17.87 4
17.88 10
17.89 14
17.9 19
17.91 23
17.92 17
17.93 0
17.94 0
17.95 0
17.96 0
17.97 0
17.98 0
17.99 0
18 0
18.01 0
18.02 2
18.03 7
18.04 12
18.05 16
18.06 20
18.07 16
18.08 5
18.09 0
18.1 0
18.11 0
18.12 0
18.13 0
18.14 0
18.15 0
18.16 0
18.17 0
18.18 3
18.19 7
18.2 12
18.21 17
18.22 21
18.23 17
18.24 0
18.25 0
18.26 0
18.27 0
18.28 0
18.29 0
18.3 0
18.31 0
18.32 0
18.33 0
18.34 3
18.35 8
18.36 12
18.37 17
18.38 22
18.39 17
18.4 0
18.41 0
18.42 0
18.43 0
18.44 0
18.45 0
18.46 0
18.47 0
18.48 0
18.49 0
18.5 5
18.51 10
18.52 14
18.53 17
18.54 22
18.55 16
18.56 0
18.57 0
18.58 0
18.59 0
18.6 0
18.61 0
18.62 0
18.63 0
18.64 0
18.65 0
18.66 5
18.67 9
18.68 14
18.69 19
18.7 23
18.71 17
18.72 0
18.73 0
18.74 0
18.75 0
18.76 0
18.77 0
18.78 0
18.79 0
18.8 0
18.81 3
18.82 8
18.83 11
18.84 16
18.85 21
18.86 17
18.87 13
18.88 0
18.89 0
18.9 0
18.91 0
18.92 0
18.93 0
18.94 0
18.95 0
18.96 0
18.97 2
18.98 7
18.99 12
19 16
19.01 21
19.02 16
19.03 0
19.04 0
19.05 0
19.06 0
19.07 0
19.08 0
19.09 0
19.1 0
19.11 0
19.12 0
19.13 3
19.14 8
19.15 13
19.16 17
19.17 22
19.18 17
19.19 0
19.2 0
19.21 0
19.22 0
19.23 0
19.24 0
19.25 0
19.26 0
19.27 0
19.28 0
19.29 5
19.3 9
19.31 13
19.32 17
19.33 22
19.34 17
19.35 0
19.36 0
19.37 0
19.38 0
19.39 0
19.4 0
19.41 0
19.42 0
19.43 0
19.44 0
19.45 5
19.46 10
19.47 15
19.48 19
19.49 23
19.5 17
19.51 0
19.52 0
19.53 0
19.54 0
19.55 0
19.56 0
19.57 0
19.58 0
19.59 0
19.6 2
19.61 5
19.62 11
19.63 15
19.64 20
19.65 17
19.66 12
19.67 0
19.68 0
19.69 0
19.7 0
19.71 0
19.72 0
19.73 0
19.74 0
19.75 0
19.76 4
19.77 10
19.78 14
19.79 18
19.8 21
19.81 16
19.82 0
19.83 0
19.84 0
19.85 0
19.86 0
19.87 0
19.88 0
19.89 3
19.9 8
19.91 13
19.92 18
19.93 23
19.94 17
19.95 1
19.96 0
19.97 0
19.98 0
19.99 0
20 0
20.01 4
20.02 10
20.03 14
20.04 19
20.05 23
20.06 17
20.07 0
20.08 0
20.09 0
20.1 0
20.11 0
20.12 0
20.13 0
20.14 0
20.15 5
20.16 11
20.17 15
20.18 19
20.19 22
20.2 15
20.21 0
20.22 0
20.23 0
20.24 0
20.25 0
20.26 0
20.27 0
20.28 0
20.29 0
20.3 1
20.31 7
20.32 13
20.33 18
20.34 21
20.35 17
20.36 4
20.37 0
20.38 0
20.39 0
20.4 0
20.41 0
20.42 0
20.43 0
20.44 0
20.45 0
20.46 5
20.47 9
20.48 13
20.49 17
20.5 21
20.51 17
20.52 0
20.53 0
20.54 0
20.55 0
20.56 0
20.57 0
20.58 0
20.59 0
20.6 0
20.61 1
20.62 6
20.63 11
20.64 16
20.65 21
20.66 17
20.67 13
20.68 0
20.69 0
20.7 0
20.71 0
20.72 0
20.73 0
20.74 0
20.75 0
20.76 0
20.77 0
20.78 5
20.79 10
20.8 15
20.81 20
20.82 22
20.83 8
20.84 0
20.85 0
20.86 0
20.87 0
20.88 0
20.89 0
20.9 0
20.91 0
20.92 0
20.93 4
20.94 9
20.95 14
20.96 19
20.97 22
20.98 16
20.99 0
21 0
21.01 0
21.02 0
21.03 0
21.04 0
21.05 0
21.06 0
21.07 0
21.08 0
21.09 6
21.1 11
21.11 16
21.12 20
21.13 17
21.14 17
21.15 0
21.16 0
21.17 0
21.18 0
21.19 0
21.2 0
21.21 0
21.22 0
21.23 0
21.24 2
21.25 6
21.26 10
21.27 15
21.28 19
21.29 17
21.3 3
21.31 0
21.32 0
21.33 0
21.34 0
21.35 0
21.36 0
21.37 0
21.38 0
21.39 0
21.4 2
21.41 7
21.42 12
21.43 17
21.44 21
21.45 16
21.46 2
21.47 0
21.48 0
21.49 0
21.5 0
21.51 0
21.52 0
21.53 0
21.54 0
21.55 0
21.56 2
21.57 8
21.58 13
21.59 17
21.6 22
21.61 17
21.62 0
21.63 0
21.64 0
21.65 0
21.66 0
21.67 0
21.68 0
21.69 0
21.7 0
21.71 0
21.72 3
21.73 8
21.74 12
21.75 16
21.76 21
21.77 17
21.78 0
21.79 0
21.8 0
21.81 0
21.82 0
21.83 0
21.84 0
21.85 0
21.86 0
21.87 1
21.88 6
21.89 10
21.9 16
21.91 19
21.92 22
21.93 13
21.94 0
21.95 0
21.96 0
21.97 0
21.98 0
21.99 0
22 0
22.01 0
22.02 0
22.03 1
22.04 5
22.05 9
22.06 14
22.07 20
22.08 17
22.09 2
22.1 0
22.11 0
22.12 0
22.13 0
22.14 0
22.15 0
22.16 0
22.17 0
22.18 0
22.19 1
22.2 7
22.21 11
22.22 15
22.23 19
22.24 19
22.25 8
22.26 0
22.27 0
22.28 0
22.29 0
22.3 0
22.31 0
22.32 0
22.33 0
22.34 0
22.35 1
22.36 7
22.37 11
22.38 17
22.39 20
22.4 17
22.41 2
22.42 0
22.43 0
22.44 0
22.45 0
22.46 0
22.47 0
22.48 0
22.49 0
22.5 0
22.51 3
22.52 7
22.53 12
22.54 16
22.55 22
22.56 17
22.57 5
22.58 0
22.59 0
22.6 0
22.61 0
22.62 0
22.63 0
22.64 0
22.65 0
22.66 0
22.67 3
22.68 9
22.69 14
22.7 19
22.71 23
22.72 16
22.73 0
22.74 0
22.75 0
22.76 0
22.77 0
22.78 0
22.79 0
22.8 0
22.81 0
22.82 0
22.83 3
22.84 10
22.85 14
22.86 19
22.87 23
22.88 17
22.89 0
22.9 0
22.91 0
22.92 0
22.93 0
22.94 0
22.95 0
22.96 0
22.97 0
22.98 0
22.99 6
23 11
23.01 14
23.02 19
23.03 22
23.04 8
23.05 0
23.06 0
23.07 0
23.08 0
23.09 0
23.1 0
23.11 1
23.12 5
23.13 10
23.14 16
23.15 20
23.16 17
23.17 0
23.18 0
23.19 0
23.2 0
23.21 0
23.22 0
23.23 0
23.24 0
23.25 0
23.26 0
23.27 2
23.28 7
23.29 12
23.3 16
23.31 21
23.32 16
23.33 4
23.34 0
23.35 0
23.36 0
23.37 0
23.38 0
23.39 0
23.4 0
23.41 0
23.42 0
23.43 3
23.44 9
23.45 13
23.46 17
23.47 21
23.48 17
23.49 0
23.5 0
23.51 0
23.52 0
23.53 0
23.54 0
23.55 0
23.56 0
23.57 0
23.58 0
23.59 4
23.6 9
23.61 13
23.62 19
23.63 22
23.64 17
23.65 0
23.66 0
23.67 0
23.68 0
23.69 0
23.7 0
23.71 0
23.72 0
23.73 0
23.74 2
23.75 7
23.76 12
23.77 17
23.78 21
23.79 16
23.8 0
23.81 0
23.82 0
23.83 0
23.84 0
23.85 0
23.86 0
23.87 0
23.88 0
23.89 0
23.9 3
23.91 8
23.92 12
23.93 17
23.94 21
23.95 17
23.96 0
23.97 0
23.98 0
23.99 0
24 0
24.01 0
24.02 0
24.03 0
24.04 0
24.05 0
24.06 4
24.07 8
24.08 13
24.09 18
24.1 22
24.11 17
24.12 0
24.13 0
24.14 0
24.15 0
24.16 0
24.17 0
24.18 0
24.19 0
24.2 0
24.21 2
24.22 6
24.23 11
24.24 15
24.25 19
24.26 23
24.27 8
24.28 0
24.29 0
24.3 0
24.31 0
24.32 0
24.33 0
24.34 0
24.35 0
24.36 0
24.37 0
24.38 6
24.39 11
24.4 16
24.41 21
24.42 17
24.43 8
24.44 0
24.45 0
24.46 0
24.47 0
24.48 0
24.49 0
24.5 0
24.51 0
24.52 0
24.53 3
24.54 7
24.55 13
24.56 18
24.57 21
24.58 16
24.59 0
24.6 0
24.61 0
24.62 0
24.63 0
24.64 0
24.65 0
24.66 0
24.67 0
24.68 0
24.69 5
24.7 10
24.71 14
24.72 18
24.73 23
24.74 17
24.75 0
24.76 0
24.77 0
24.78 0
24.79 0
24.8 0
24.81 0
24.82 0
24.83 0
24.84 1
24.85 6
24.86 9
24.87 14
24.88 18
24.89 24
24.9 17
24.91 0
24.92 0
24.93 0
24.94 0
24.95 0
24.96 0
24.97 0
24.98 0
24.99 0
25 2
25.01 7
25.02 11
25.03 16
25.04 20
25.05 16
25.06 1
25.07 0
25.08 0
25.09 0
25.1 0
25.11 0
25.12 0
25.13 0
25.14 0
25.15 0
25.16 1
25.17 7
25.18 13
25.19 18
25.2 22
25.21 17
25.22 0
25.23 0
25.24 0
25.25 0
25.26 0
25.27 0
25.28 0
25.29 0
25.3 0
25.31 0
25.32 5
25.33 9
25.34 14
25.35 18
25.36 22
25.37 17
25.38 0
25.39 0
25.4 0
25.41 0
25.42 0
25.43 0
25.44 0
25.45 0
25.46 0
25.47 0
25.48 5
25.49 10
25.5 15
25.51 20
25.52 24
25.53 17
25.54 0
25.55 0
25.56 0
25.57 0
25.58 0
25.59 0
25.6 0
25.61 0
25.62 0
25.63 2
25.64 5
25.65 10
25.66 16
25.67 21
25.68 17
25.69 4
25.7 0
25.71 0
25.72 0
25.73 0
25.74 0
25.75 0
25.76 0
25.77 0
25.78 0
25.79 3
25.8 8
25.81 12
25.82 17
25.83 21
25.84 16
25.85 2
25.86 0
25.87 0
25.88 0
25.89 0
25.9 0
25.91 0
25.92 0
25.93 0
25.94 0
25.95 3
25.96 7
25.97 13
25.98 17
25.99 22
26 17
26.01 0
26.02 0
26.03 0
26.04 0
26.05 0
26.06 0
26.07 0
26.08 0
26.09 0
26.1 0
26.11 4
26.12 8
26.13 13
26.14 17
26.15 22
26.16 17
26.17 0
26.18 0
26.19 0
26.2 0
26.21 0
26.22 0
26.23 0
26.24 0
26.25 0
26.26 2
26.27 6
26.28 11
26.29 15
26.3 20
26.31 24
26.32 13
26.33 0
26.34 0
26.35 0
26.36 0
26.37 0
26.38 0
26.39 0
26.4 0
26.41 0
26.42 1
26.43 6
26.44 12
26.45 16
26.46 21
26.47 17
26.48 0
26.49 0
26.5 0
26.51 0
26.52 0
26.53 0
26.54 0
26.55 0
26.56 0
26.57 0
26.58 3
26.59 7
26.6 13
26.61 17
26.62 21
26.63 16
26.64 0
26.65 0
26.66 0
26.67 0
26.68 0
26.69 0
26.7 0
26.71 0
26.72 0
26.73 0
26.74 6
26.75 11
26.76 15
26.77 20
26.78 23
26.79 8
26.8 0
26.81 0
26.82 0
26.83 0
26.84 0
26.85 0
26.86 0
26.87 0
26.88 0
26.89 1
26.9 5
26.91 10
26.92 15
26.93 21
26.94 17
26.95 6
26.96 0
26.97 0
26.98 0
26.99 0
27 0
27.01 0
27.02 0
27.03 0
27.04 0
27.05 2
27.06 8
27.07 12
27.08 16
27.09 21
27.1 16
27.11 0
27.12 0
27.13 0
27.14 0
27.15 0
27.16 0
27.17 0
27.18 0
27.19 0
27.2 0
27.21 3
27.22 9
27.23 14
27.24 18
27.25 22
27.26 17
27.27 0
27.28 0
27.29 0
27.3 0
27.31 0
27.32 0
27.33 0
27.34 0
27.35 0
27.36 0
27.37 4
27.38 9
27.39 14
27.4 18
27.41 23
27.42 17
27.43 0
27.44 0
27.45 0
27.46 0
27.47 0
27.48 0
27.49 0
27.5 3
27.51 8
27.52 14
27.53 18
27.54 22
27.55 17
27.56 0
27.57 0
27.58 0
27.59 0
27.6 0
27.61 0
27.62 0
27.63 0
27.64 0
27.65 1
27.66 6
27.67 11
27.68 15
27.69 18
27.7 21
27.71 7
27.72 0
27.73 0
27.74 0
27.75 0
27.76 0
27.77 0
27.78 0
27.79 0
27.8 0
27.81 4
27.82 7
27.83 12
27.84 16
27.85 21
27.86 17
27.87 0
27.88 0
27.89 0
27.9 0
27.91 0
27.92 0
27.93 0
27.94 0
27.95 0
27.96 0
27.97 2
27.98 8
27.99 11
28 17
28.01 21
28.02 17
28.03 1
28.04 0
28.05 0
28.06 0
28.07 0
28.08 0
28.09 0
28.1 2
28.11 7
28.12 13
28.13 17
28.14 22
28.15 17
28.16 4
28.17 0
28.18 0
28.19 0
28.2 0
28.21 0
28.22 0
28.23 0
28.24 0
28.25 0
28.26 2
28.27 7
28.28 12
28.29 17
28.3 21
28.31 17
28.32 8
28.33 0
28.34 0
28.35 0
28.36 0
28.37 0
28.38 0
28.39 0
28.4 0
28.41 0
28.42 3
28.43 9
28.44 12
28.45 17
28.46 21
28.47 16
28.48 0
28.49 0
28.5 0
28.51 0
28.52 0
28.53 0
28.54 0
28.55 0
28.56 0
28.57 0
28.58 4
28.59 10
28.6 14
28.61 19
28.62 23
28.63 17
28.64 0
28.65 0
28.66 0
28.67 0
28.68 0
28.69 0
28.7 0
28.71 0
28.72 0
28.73 2
28.74 7
28.75 12
28.76 16
28.77 19
28.78 17
28.79 0
28.8 0
28.81 0
28.82 0
28.83 0
28.84 0
28.85 0
28.86 0
28.87 0
28.88 0
28.89 4
28.9 9
28.91 15
28.92 19
28.93 23
28.94 17
28.95 0
28.96 0
28.97 0
28.98 0
28.99 0
29 0
29.01 0
29.02 4
29.03 8
29.04 13
29.05 16
29.06 21
29.07 17
29.08 1
29.09 0
29.1 0
29.11 0
29.12 0
29.13 0
29.14 0
29.15 0
29.16 0
29.17 0
29.18 4
29.19 9
29.2 13
29.21 18
29.22 23
29.23 17
29.24 0
29.25 0
29.26 0
29.27 0
29.28 0
29.29 0
29.3 0
29.31 0
29.32 0
29.33 0
29.34 5
29.35 9
29.36 15
29.37 18
29.38 24
29.39 17
29.4 0
29.41 0
29.42 0
29.43 0
29.44 0
29.45 0
29.46 0
29.47 5
29.48 10
29.49 15
29.5 19
29.51 23
29.52 17
29.53 0
29.54 0
29.55 0
29.56 0
29.57 0
29.58 0
29.59 0
29.6 0
29.61 0
29.62 1
29.63 6
29.64 10
29.65 14
29.66 21
29.67 17
29.68 11
29.69 0
29.7 0
29.71 0
29.72 0
29.73 2
29.74 7
29.75 13
29.76 17
29.77 22
29.78 17
29.79 0
29.8 0
29.81 0
29.82 0
29.83 0
29.84 0
29.85 0
29.86 0
29.87 0
29.88 1
29.89 6
29.9 10
29.91 14
29.92 18
29.93 23
29.94 16
29.95 0
29.96 0
29.97 0
29.98 0
29.99 0
30 0
30.01 0
30.02 0
30.03 0
30.04 2
30.05 7
30.06 12
30.07 16
30.08 20
30.09 17
30.1 0
30.11 0
30.12 0
30.13 0
30.14 0
30.15 0
30.16 0
30.17 0
30.18 0
30.19 0
30.2 2
30.21 7
30.22 12
30.23 16
30.24 22
30.25 17
30.26 0
30.27 0
30.28 0
30.29 0
30.3 0
30.31 0
30.32 0
30.33 0
30.34 0
30.35 0
30.36 4
30.37 10
30.38 13
30.39 17
30.4 21
30.41 16
30.42 0
30.43 0
30.44 0
30.45 0
30.46 0
30.47 0
30.48 0
30.49 0
30.5 0
30.51 0
30.52 5
30.53 11
30.54 15
30.55 19
30.56 22
30.57 8
30.58 0
30.59 0
30.6 0
30.61 0
30.62 0
30.63 0
30.64 0
30.65 0
30.66 0
30.67 2
30.68 8
30.69 12
30.7 16
30.71 20
30.72 16
30.73 9
30.74 0
30.75 0
30.76 0
30.77 0
30.78 0
30.79 0
30.8 0
30.81 0
30.82 0
30.83 3
30.84 8
30.85 13
30.86 17
30.87 22
30.88 17
30.89 0
30.9 0
30.91 0
30.92 0
30.93 0
30.94 0
30.95 0
30.96 0
30.97 0
30.98 0
30.99 4
31 8
31.01 13
31.02 18
31.03 23
31.04 17
31.05 0
31.06 0
31.07 0
31.08 0
31.09 0
31.1 0
31.11 0
31.12 0
31.13 0
31.14 1
31.15 6
31.16 10
31.17 14
31.18 18
31.19 23
31.2 16
31.21 0
31.22 0
31.23 0
31.24 0
31.25 0
31.26 0
31.27 0
31.28 0
31.29 0
31.3 2
31.31 8
31.32 12
31.33 17
31.34 22
31.35 17
31.36 0
31.37 0
31.38 0
31.39 0
31.4 0
31.41 0
31.42 0
31.43 3
31.44 9
31.45 12
31.46 17
31.47 22
31.48 16
31.49 0
31.5 0
31.51 0
31.52 0
31.53 0
31.54 0
31.55 0
31.56 0
31.57 0
31.58 0
31.59 3
31.6 10
31.61 15
31.62 20
31.63 23
31.64 17
31.65 0
31.66 0
31.67 0
31.68 0
31.69 0
31.7 0
31.71 0
31.72 0
31.73 0
31.74 2
31.75 7
31.76 12
31.77 15
31.78 19
31.79 16
31.8 4
31.81 0
31.82 0
31.83 0
31.84 0
31.85 0
31.86 0
31.87 0
31.88 0
31.89 0
31.9 3
31.91 8
31.92 13
31.93 17
31.94 21
31.95 17
31.96 0
31.97 0
31.98 0
31.99 0
32 0
32.01 0
32.02 0
32.03 0
32.04 0
32.05 0
32.06 3
32.07 7
32.08 11
32.09 18
32.1 22
32.11 17
32.12 0
32.13 0
32.14 0
32.15 0
32.16 0
32.17 0
32.18 0
32.19 0
32.2 0
32.21 0
32.22 4
32.23 10
32.24 14
32.25 19
32.26 23
32.27 16
32.28 0
32.29 0
32.3 0
32.31 0
32.32 0
32.33 0
32.34 0
32.35 0
32.36 0
32.37 0
32.38 6
32.39 11
32.4 16
32.41 20
32.42 20
32.43 12
32.44 0
32.45 0
32.46 0
32.47 0
32.48 0
32.49 0
32.5 0
32.51 0
32.52 0
32.53 3
32.54 7
32.55 10
32.56 14
32.57 19
32.58 17
32.59 1
32.6 0
32.61 0
32.62 0
32.63 0
32.64 0
32.65 0
32.66 0
32.67 0
32.68 0
32.69 3
32.7 7
32.71 11
32.72 17
32.73 22
32.74 16
32.75 0
32.76 0
32.77 0
32.78 0
32.79 0
32.8 0
32.81 0
32.82 2
32.83 7
32.84 11
32.85 16
32.86 21
32.87 17
32.88 0
32.89 0
32.9 0
32.91 0
32.92 0
32.93 0
32.94 0
32.95 0
32.96 0
32.97 0
32.98 4
32.99 10
33 13
33.01 18
33.02 22
33.03 16
33.04 0
33.05 0
33.06 0
33.07 0
33.08 0
33.09 0
33.1 0
33.11 0
33.12 0
33.13 0
33.14 3
33.15 8
33.16 14
33.17 18
33.18 23
33.19 17
33.2 0
33.21 0
33.22 0
33.23 0
33.24 0
33.25 0
33.26 0
33.27 0
33.28 0
33.29 1
33.3 5
33.31 10
33.32 15
33.33 18
33.34 23
33.35 17
33.36 2
33.37 0
33.38 0
33.39 1
33.4 6
33.41 11
33.42 15
33.43 19
33.44 15
33.45 0
33.46 0
33.47 0
33.48 0
33.49 0
33.5 0
33.51 0
33.52 0
33.53 0
33.54 0
33.55 3
33.56 8
33.57 13
33.58 18
33.59 22
33.6 17
33.61 0
33.62 0
33.63 0
33.64 0
33.65 0
33.66 0
33.67 0
33.68 0
33.69 0
33.7 0
33.71 4
33.72 9
33.73 13
33.74 19
33.75 23
33.76 17
33.77 0
33.78 0
33.79 0
33.8 0
33.81 0
33.82 0
33.83 0
33.84 0
33.85 0
33.86 2
33.87 6
33.88 10
33.89 16
33.9 20
33.91 16
33.92 10
33.93 0
33.94 0
33.95 0
33.96 0
33.97 0
33.98 0
33.99 0
34 5
34.01 10
34.02 14
34.03 20
34.04 17
34.05 9
34.06 0
34.07 0
34.08 0
34.09 0
34.1 0
34.11 0
34.12 0
34.13 2
34.14 8
34.15 12
34.16 17
34.17 21
34.18 17
34.19 5
34.2 0
34.21 0
34.22 0
34.23 0
34.24 0
34.25 0
34.26 0
34.27 0
34.28 0
34.29 3
34.3 6
34.31 12
34.32 16
34.33 22
34.34 17
34.35 0
34.36 0
34.37 0
34.38 0
34.39 0
34.4 0
34.41 0
34.42 0
34.43 0
34.44 0
34.45 4
34.46 8
34.47 13
34.48 17
34.49 21
34.5 16
34.51 0
34.52 0
34.53 0
34.54 0
34.55 0
34.56 0
34.57 0
34.58 0
34.59 0
34.6 0
34.61 4
34.62 10
34.63 15
34.64 20
34.65 24
34.66 17
34.67 0
34.68 0
34.69 0
34.7 0
34.71 0
34.72 0
34.73 0
34.74 0
34.75 0
34.76 2
34.77 6
34.78 11
34.79 14
34.8 19
34.81 17
34.82 2
34.83 0
34.84 0
34.85 0
34.86 0
34.87 0
34.88 0
34.89 0
34.9 0
34.91 0
34.92 2
34.93 7
34.94 12
34.95 17
34.96 22
34.97 17
34.98 0
34.99 0
35 0
35.01 0
35.02 0
35.03 0
35.04 0
35.05 0
35.06 0
35.07 0
35.08 3
35.09 8
35.1 12
35.11 18
35.12 23
35.13 17
35.14 0
35.15 0
35.16 0
35.17 0
35.18 0
35.19 0
35.2 0
35.21 0
35.22 0
35.23 0
35.24 5
35.25 9
35.26 15
35.27 19
35.28 22
35.29 16
35.3 0
35.31 0
35.32 0
35.33 0
35.34 0
35.35 0
35.36 0
35.37 0
35.38 0
35.39 0
35.4 6
35.41 11
35.42 15
35.43 20
35.44 22
35.45 8
35.46 0
35.47 0
35.48 0
35.49 0
35.5 0
35.51 0
35.52 0
35.53 0
35.54 0
35.55 3
35.56 7
35.57 12
35.58 17
35.59 21
35.6 17
35.61 0
35.62 0
35.63 0
35.64 0
35.65 0
35.66 0
35.67 0
35.68 1
35.69 8
35.7 12
35.71 16
35.72 22
35.73 17
35.74 0
35.75 0
35.76 0
35.77 0
35.78 0
35.79 0
35.8 0
35.81 0
35.82 0
35.83 0
35.84 5
35.85 10
35.86 13
35.87 18
35.88 23
35.89 17
35.9 0
35.91 0
35.92 0
35.93 0
35.94 0
35.95 0
35.96 0
35.97 0
35.98 0
35.99 2
36 7
36.01 12
36.02 16
36.03 20
36.04 17
36.05 9
36.06 0
36.07 0
36.08 0
36.09 0
36.1 0
36.11 0
36.12 0
36.13 0
36.14 0
36.15 1
36.16 7
36.17 11
36.18 16
36.19 21
36.2 17
36.21 2
36.22 0
36.23 0
36.24 0
36.25 0
36.26 0
36.27 0
36.28 0
36.29 0
36.3 0
36.31 4
36.32 9
36.33 13
36.34 17
36.35 21
36.36 16
36.37 0
36.38 0
36.39 0
36.4 0
36.41 0
36.42 0
36.43 0
36.44 0
36.45 0
36.46 0
36.47 5
36.48 10
36.49 15
36.5 19
36.51 24
36.52 17
36.53 0
36.54 0
36.55 0
36.56 0
36.57 0
36.58 0
36.59 0
36.6 0
36.61 0
36.62 2
36.63 6
36.64 10
36.65 15
36.66 21
36.67 17
36.68 0
36.69 0
36.7 0
36.71 0
36.72 0
36.73 0
36.74 0
36.75 0
36.76 0
36.77 0
36.78 3
36.79 9
36.8 12
36.81 17
36.82 21
36.83 16
36.84 0
36.85 0
36.86 0
36.87 0
36.88 0
36.89 0
36.9 0
36.91 0
36.92 0
36.93 0
36.94 4
36.95 10
36.96 15
36.97 19
36.98 24
36.99 17
37 0
37.01 0
37.02 0
37.03 0
37.04 0
37.05 0
37.06 0
37.07 0
37.08 0
37.09 2
37.1 7
37.11 11
37.12 15
37.13 19
37.14 16
37.15 7
37.16 0
37.17 0
37.18 0
37.19 0
37.2 0
37.21 0
37.22 0
37.23 0
37.24 0
37.25 3
37.26 8
37.27 13
37.28 16
37.29 21
37.3 17
37.31 0
37.32 0
37.33 0
37.34 0
37.35 0
37.36 0
37.37 0
37.38 0
37.39 0
37.4 0
37.41 3
37.42 8
37.43 13
37.44 19
37.45 23
37.46 17
37.47 0
37.48 0
37.49 0
37.5 0
37.51 0
37.52 0
37.53 0
37.54 0
37.55 0
37.56 1
37.57 5
37.58 10
37.59 14
37.6 19
37.61 22
37.62 16
37.63 0
37.64 0
37.65 0
37.66 0
37.67 0
37.68 0
37.69 0
37.7 0
37.71 0
37.72 1
37.73 6
37.74 11
37.75 15
37.76 20
37.77 23
37.78 9
37.79 0
37.8 0
37.81 0
37.82 0
37.83 0
37.84 0
37.85 0
37.86 5
37.87 10
37.88 15
37.89 19
37.9 22
37.91 16
37.92 0
37.93 0
37.94 0
37.95 0
37.96 0
37.97 0
37.98 0
37.99 0
38 0
38.01 1
38.02 7
38.03 12
38.04 16
38.05 21
38.06 17
38.07 0
38.08 0
38.09 0
38.1 0
38.11 0
38.12 0
38.13 0
38.14 0
38.15 0
38.16 0
38.17 4
38.18 8
38.19 12
38.2 17
38.21 21
38.22 17
38.23 0
38.24 0
38.25 0
38.26 0
38.27 0
38.28 0
38.29 0
38.3 0
38.31 0
38.32 0
38.33 6
38.34 10
38.35 15
38.36 20
38.37 24
38.38 14
38.39 0
38.4 0
38.41 0
38.42 0
38.43 0
38.44 0
38.45 0
38.46 5
38.47 10
38.48 13
38.49 17
38.5 22
38.51 17
38.52 0
38.53 0
38.54 0
38.55 0
38.56 0
38.57 0
38.58 0
38.59 1
38.6 6
38.61 12
38.62 16
38.63 20
38.64 17
38.65 0
38.66 0
38.67 0
38.68 0
38.69 0
38.7 0
38.71 0
38.72 0
38.73 0
38.74 0
38.75 3
38.76 8
38.77 11
38.78 16
38.79 21
38.8 17
38.81 0
38.82 0
38.83 0
38.84 0
38.85 0
38.86 0
38.87 0
38.88 0
38.89 0
38.9 0
38.91 4
38.92 8
38.93 13
38.94 18
38.95 23
38.96 17
38.97 0
38.98 0
38.99 0
39 0
39.01 0
39.02 0
39.03 0
39.04 0
39.05 0
39.06 0
39.07 4
39.08 9
39.09 14
39.1 18
39.11 23
39.12 17
39.13 0
39.14 0
39.15 0
39.16 0
39.17 0
39.18 0
39.19 0
39.2 0
39.21 0
39.22 1
39.23 5
39.24 11
39.25 16
39.26 19
39.27 19
39.28 8
39.29 0
39.3 0
39.31 0
39.32 0
39.33 0
39.34 0
39.35 0
39.36 0
39.37 0
39.38 2
39.39 7
39.4 12
39.41 17
39.42 21
39.43 17
39.44 0
39.45 0
39.46 0
39.47 0
39.48 0
39.49 0
39.5 0
39.51 0
39.52 0
39.53 0
39.54 4
39.55 7
39.56 11
39.57 15
39.58 21
39.59 17
39.6 0
39.61 0
39.62 0
39.63 0
39.64 0
39.65 0
39.66 0
39.67 0
39.68 0
39.69 0
39.7 5
39.71 10
39.72 14
39.73 19
39.74 23
39.75 16
39.76 0
39.77 0
39.78 0
39.79 0
39.8 0
39.81 0
39.82 0
39.83 0
39.84 0
39.85 0
39.86 4
39.87 10
39.88 15
39.89 18
39.9 24
39.91 17
39.92 0
39.93 0
39.94 0
39.95 0
39.96 0
39.97 0
39.98 0
39.99 0
40 0
40.01 0
40.02 6
40.03 11
40.04 15
40.05 19
40.06 21
40.07 7
40.08 0
40.09 0
40.1 0
40.11 0
40.12 0
40.13 0
40.14 0
40.15 0
40.16 0
40.17 3
40.18 8
40.19 13
40.2 18
40.21 22
40.22 17
40.23 0
40.24 0
40.25 0
40.26 0
40.27 0
40.28 0
40.29 0
40.3 0
40.31 0
40.32 0
40.33 3
40.34 9
40.35 13
40.36 19
40.37 23
40.38 17
40.39 0
40.4 0
40.41 0
40.42 0
40.43 0
40.44 0
40.45 0
40.46 4
40.47 9
40.48 14
40.49 17
40.5 21
40.51 17
40.52 0
40.53 0
40.54 0
40.55 0
40.56 0
40.57 0
40.58 0
40.59 0
40.6 0
40.61 1
40.62 3
40.63 8
40.64 12
40.65 18
40.66 23
40.67 17
40.68 0
40.69 0
40.7 0
40.71 0
40.72 0
40.73 0
40.74 0
40.75 0
40.76 0
40.77 0
40.78 5
40.79 9
40.8 14
40.81 18
40.82 23
40.83 16
40.84 0
40.85 0
40.86 0
40.87 0
40.88 0
40.89 0
40.9 0
40.91 4
40.92 8
40.93 14
40.94 18
40.95 22
40.96 17
40.97 0
40.98 0
40.99 0
41 0
41.01 0
41.02 0
41.03 0
41.04 0
41.05 0
41.06 1
41.07 6
41.08 10
41.09 14
41.1 19
41.11 23
41.12 16
41.13 0
41.14 0
41.15 0
41.16 0
41.17 0
41.18 0
41.19 0
41.2 0
41.21 0
41.22 1
41.23 6
41.24 11
41.25 16
41.26 21
41.27 17
41.28 0
41.29 0
41.3 0
41.31 0
41.32 0
41.33 0
41.34 0
41.35 0
41.36 0
41.37 0
41.38 4
41.39 9
41.4 13
41.41 16
41.42 21
41.43 17
41.44 0
41.45 0
41.46 0
41.47 0
41.48 0
41.49 0
41.5 0
41.51 2
41.52 7
41.53 14
41.54 18
41.55 23
41.56 17
41.57 0
41.58 0
41.59 0
41.6 0
41.61 0
41.62 0
41.63 0
41.64 0
41.65 0
41.66 0
41.67 4
41.68 9
41.69 14
41.7 18
41.71 21
41.72 17
41.73 0
41.74 0
41.75 0
41.76 0
41.77 0
41.78 0
41.79 0
41.8 0
41.81 0
41.82 2
41.83 7
41.84 11
41.85 15
41.86 20
41.87 24
41.88 13
41.89 0
41.9 0
41.91 0
41.92 0
41.93 0
41.94 0
41.95 0
41.96 0
41.97 0
41.98 3
41.99 7
42 12
42.01 18
42.02 22
42.03 17
42.04 0
42.05 0
42.06 0
42.07 0
42.08 0
42.09 0
42.1 0
42.11 0
42.12 0
42.13 0
42.14 5
42.15 9
42.16 14
42.17 20
42.18 22
42.19 16
42.2 0
42.21 0
42.22 0
42.23 0
42.24 0
42.25 0
42.26 0
42.27 0
42.28 0
42.29 0
42.3 5
42.31 10
42.32 15
42.33 20
42.34 24
42.35 13
42.36 0
42.37 0
42.38 0
42.39 0
42.4 0
42.41 0
42.42 0
42.43 0
42.44 0
42.45 2
42.46 7
42.47 10
42.48 15
42.49 19
42.5 17
42.51 3
42.52 0
42.53 0
42.54 0
42.55 0
42.56 0
42.57 0
42.58 0
42.59 0
42.6 0
42.61 4
42.62 8
42.63 14
42.64 18
42.65 22
42.66 17
42.67 0
42.68 0
42.69 0
42.7 0
42.71 0
42.72 0
42.73 0
42.74 0
42.75 0
42.76 0
42.77 4
42.78 9
42.79 14
42.8 18
42.81 23
42.82 17
42.83 0
42.84 0
42.85 0
42.86 0
42.87 0
42.88 0
42.89 0
42.9 0
42.91 0
42.92 1
42.93 7
42.94 12
42.95 16
42.96 20
42.97 16
42.98 0
42.99 0
43 0
43.01 0
43.02 0
43.03 0
43.04 0
43.05 0
43.06 0
43.07 0
43.08 4
43.09 9
43.1 13
43.11 18
43.12 22
43.13 17
43.14 8
43.15 0
43.16 0
43.17 0
43.18 3
43.19 8
43.2 13
43.21 18
43.22 23
43.23 17
43.24 0
43.25 0
43.26 0
43.27 0
43.28 0
43.29 0
43.3 0
43.31 0
43.32 0
43.33 1
43.34 7
43.35 11
43.36 15
43.37 19
43.38 17
43.39 14
43.4 0
43.41 0
43.42 0
43.43 0
43.44 0
43.45 0
43.46 0
43.47 0
43.48 0
43.49 1
43.5 7
43.51 12
43.52 16
43.53 21
43.54 16
43.55 0
43.56 0
43.57 0
43.58 0
43.59 0
43.6 0
43.61 0
43.62 0
43.63 0
43.64 0
43.65 3
43.66 8
43.67 14
43.68 18
43.69 22
43.7 17
43.71 0
43.72 0
43.73 0
43.74 0
43.75 0
43.76 0
43.77 0
43.78 0
43.79 0
43.8 2
43.81 5
43.82 11
43.83 13
43.84 18
43.85 23
43.86 17
43.87 0
43.88 0
43.89 0
43.9 0
43.91 0
43.92 0
43.93 0
43.94 0
43.95 0
43.96 2
43.97 7
43.98 12
43.99 16
44 21
44.01 17
44.02 13
44.03 0
44.04 0
44.05 0
44.06 0
44.07 0
44.08 0
44.09 0
44.1 0
44.11 0
44.12 2
44.13 6
44.14 11
44.15 17
44.16 21
44.17 17
44.18 0
44.19 0
44.2 0
44.21 0
44.22 0
44.23 0
44.24 0
44.25 0
44.26 0
44.27 0
44.28 4
44.29 9
44.3 14
44.31 17
44.32 20
44.33 16
44.34 0
44.35 0
44.36 0
44.37 0
44.38 0
44.39 0
44.4 0
44.41 0
44.42 0
44.43 0
44.44 4
44.45 10
44.46 15
44.47 20
44.48 25
44.49 13
44.5 0
44.51 0
44.52 0
44.53 0
44.54 0
44.55 0
44.56 0
44.57 0
44.58 0
44.59 2
44.6 6
44.61 10
44.62 15
44.63 19
44.64 17
44.65 5
44.66 0
44.67 0
44.68 0
44.69 0
44.7 0
44.71 0
44.72 0
44.73 5
44.74 10
44.75 15
44.76 19
44.77 24
44.78 17
44.79 0
44.8 0
44.81 0
44.82 0
44.83 0
44.84 0
44.85 0
44.86 0
44.87 0
44.88 1
44.89 6
44.9 11
44.91 14
44.92 19
44.93 21
44.94 9
44.95 0
44.96 0
44.97 0
44.98 0
44.99 0
45 0
45.01 0
45.02 0
45.03 0
45.04 0
45.05 6
45.06 11
45.07 16
45.08 20
45.09 17
45.1 8
45.11 0
45.12 0
45.13 0
45.14 0
45.15 0
45.16 0
45.17 0
45.18 0
45.19 0
45.2 3
45.21 6
45.22 11
45.23 16
45.24 20
45.25 17
45.26 1
45.27 0
45.28 0
45.29 0
45.3 0
45.31 0
45.32 0
45.33 0
45.34 0
45.35 0
45.36 4
45.37 8
45.38 13
45.39 17
45.4 21
45.41 16
45.42 0
45.43 0
45.44 0
45.45 0
45.46 0
45.47 0
45.48 0
45.49 0
45.5 0
45.51 0
45.52 6
45.53 12
45.54 16
45.55 20
45.56 19
45.57 6
45.58 0
45.59 0
45.6 0
45.61 0
45.62 0
45.63 0
45.64 0
45.65 0
45.66 0
45.67 3
45.68 8
45.69 12
45.7 16
45.71 22
45.72 17
45.73 0
45.74 0
45.75 0
45.76 0
45.77 0
45.78 0
45.79 0
45.8 0
45.81 0
45.82 0
45.83 4
45.84 8
45.85 13
45.86 18
45.87 22
45.88 16
45.89 0
45.9 0
45.91 0
45.92 0
45.93 0
45.94 0
45.95 0
45.96 0
45.97 0
45.98 0
45.99 4
46 9
46.01 14
46.02 19
46.03 23
46.04 17
46.05 0
46.06 0
46.07 0
46.08 0
46.09 0
46.1 0
46.11 0
46.12 0
46.13 0
46.14 0
46.15 4
46.16 10
46.17 13
46.18 18
46.19 22
46.2 17
46.21 0
46.22 0
46.23 0
46.24 0
46.25 0
46.26 0
46.27 0
46.28 0
46.29 0
46.3 2
46.31 6
46.32 11
46.33 15
46.34 18
46.35 23
46.36 16
46.37 0
46.38 0
46.39 0
46.4 0
46.41 0
46.42 0
46.43 0
46.44 0
46.45 0
46.46 2
46.47 7
46.48 11
46.49 17
46.5 21
46.51 17
46.52 2
46.53 0
46.54 0
46.55 0
46.56 0
46.57 0
46.58 0
46.59 0
46.6 0
46.61 0
46.62 3
46.63 9
46.64 13
46.65 18
46.66 22
46.67 16
46.68 8
46.69 0
46.7 0
46.71 0
46.72 0
46.73 0
46.74 0
46.75 0
46.76 0
46.77 0
46.78 3
46.79 9
46.8 13
46.81 18
46.82 23
46.83 17
46.84 0
46.85 0
46.86 0
46.87 0
46.88 0
46.89 0
46.9 0
46.91 0
46.92 0
46.93 0
46.94 4
46.95 8
46.96 13
46.97 17
46.98 23
46.99 17
47 0
47.01 0
47.02 0
47.03 0
47.04 0
47.05 0
47.06 0
47.07 0
47.08 0
47.09 0
47.1 4
47.11 8
47.12 13
47.13 18
47.14 22
47.15 16
47.16 0
47.17 0
47.18 0
47.19 0
47.2 0
47.21 0
47.22 0
47.23 0
47.24 0
47.25 1
47.26 4
47.27 11
47.28 16
47.29 19
47.3 24
47.31 10
47.32 0
47.33 0
47.34 0
47.35 0
47.36 0
47.37 0
47.38 0
47.39 0
47.4 0
47.41 3
47.42 8
47.43 13
47.44 17
47.45 21
47.46 17
47.47 0
47.48 0
47.49 0
47.5 0
47.51 0
47.52 0
47.53 0
47.54 0
47.55 0
47.56 0
47.57 5
47.58 9
47.59 13
47.6 19
47.61 23
47.62 17
47.63 0
47.64 0
47.65 0
47.66 0
47.67 0
47.68 0
47.69 0
47.7 0
47.71 0
47.72 2
47.73 6
47.74 10
47.75 14
47.76 19
47.77 23
47.78 10
47.79 0
47.8 0
47.81 0
47.82 0
47.83 0
47.84 0
47.85 0
47.86 0
47.87 0
47.88 3
47.89 8
47.9 14
47.91 18
47.92 21
47.93 16
47.94 0
47.95 0
47.96 0
47.97 0
47.98 0
47.99 0
48 0
48.01 0
48.02 0
48.03 0
48.04 4
48.05 9
48.06 14
48.07 19
48.08 24
48.09 17
48.1 0
48.11 0
48.12 0
48.13 0
48.14 0
48.15 0
48.16 0
48.17 0
48.18 0
48.19 1
48.2 6
48.21 10
48.22 14
48.23 19
48.24 23
48.25 17
48.26 0
48.27 0
48.28 0
48.29 0
48.3 0
48.31 0
48.32 0
48.33 0
48.34 0
48.35 2
48.36 6
48.37 11
48.38 16
48.39 20
48.4 17
48.41 5
48.42 0
48.43 0
48.44 0
48.45 0
48.46 0
48.47 0
48.48 0
48.49 0
48.5 0
48.51 2
48.52 7
48.53 13
48.54 18
48.55 22
48.56 17
48.57 0
48.58 0
48.59 0
48.6 0
48.61 0
48.62 0
48.63 0
48.64 0
48.65 0
48.66 0
48.67 6
48.68 10
48.69 15
48.7 18
48.71 22
48.72 16
48.73 0
48.74 0
48.75 0
48.76 0
48.77 0
48.78 0
48.79 0
48.8 0
48.81 0
48.82 0
48.83 7
48.84 11
48.85 16
48.86 20
48.87 17
48.88 1
48.89 0
48.9 0
48.91 0
48.92 0
48.93 0
48.94 0
48.95 0
48.96 0
48.97 0
48.98 4
48.99 8
49 12
49.01 16
49.02 22
49.03 17
49.04 0
49.05 0
49.06 0
49.07 0
49.08 0
49.09 0
49.1 0
49.11 0
49.12 0
49.13 0
49.14 4
49.15 9
49.16 14
49.17 18
49.18 23
49.19 16
49.2 0
49.21 0
49.22 0
49.23 0
49.24 0
49.25 0
49.26 0
49.27 0
49.28 0
49.29 0
49.3 3
49.31 9
49.32 14
49.33 19
49.34 23
49.35 17
49.36 0
49.37 0
49.38 0
49.39 0
49.4 0
49.41 0
49.42 0
49.43 0
49.44 0
49.45 2
49.46 7
49.47 12
49.48 14
49.49 18
49.5 16
49.51 13
49.52 0
49.53 0
49.54 0
49.55 0
49.56 0
49.57 0
49.58 1
49.59 6
49.6 12
49.61 16
49.62 21
49.63 17
49.64 0
49.65 0
49.66 0
49.67 0
49.68 0
49.69 0
49.7 0
49.71 0
49.72 0
49.73 0
49.74 3
49.75 7
49.76 12
49.77 16
49.78 20
49.79 16
49.8 0
49.81 0
49.82 0
49.83 0
49.84 0
49.85 0
49.86 0
49.87 0
49.88 0
49.89 0
49.9 4
49.91 9
49.92 14
49.93 18
49.94 23
49.95 17
49.96 0
49.97 0
49.98 0
49.99 0
50 0
50.01 0
50.02 0
50.03 0
50.04 0
50.05 2
50.06 5
50.07 10
50.08 14
50.09 20
50.1 17
50.11 8
50.12 0
50.13 0
50.14 0
50.15 0
50.16 0
50.17 0
50.18 0
50.19 0
50.2 0
50.21 2
50.22 7
50.23 12
50.24 16
50.25 21
50.26 16
50.27 0
50.28 0
50.29 0
50.3 0
50.31 0
50.32 0
50.33 0
50.34 0
50.35 0
50.36 0
50.37 2
50.38 9
50.39 12
50.4 17
50.41 21
50.42 17
50.43 0
50.44 0
50.45 0
50.46 0
50.47 0
50.48 0
50.49 0
50.5 0
50.51 0
50.52 0
50.53 6
50.54 11
50.55 15
50.56 19
50.57 23
50.58 12
50.59 0
50.6 0
50.61 0
50.62 0
50.63 0
50.64 0
50.65 0
50.66 0
50.67 0
50.68 3
50.69 6
50.7 12
50.71 17
50.72 21
50.73 17
50.74 1
50.75 0
50.76 0
50.77 0
50.78 0
50.79 0
50.8 0
50.81 0
50.82 0
50.83 0
50.84 2
50.85 7
50.86 12
50.87 17
50.88 23
50.89 17
50.9 0
50.91 0
50.92 0
50.93 0
50.94 0
50.95 0
50.96 0
50.97 0
50.98 0
50.99 0
51 4
51.01 9
51.02 14
51.03 18
51.04 22
51.05 16
51.06 0
51.07 0
51.08 0
51.09 0
51.1 0
51.11 0
51.12 0
51.13 0
51.14 0
51.15 0
51.16 6
51.17 10
51.18 14
51.19 19
51.2 23
51.21 17
51.22 0
51.23 0
51.24 0
51.25 0
51.26 0
51.27 0
51.28 0
51.29 0
51.3 0
51.31 2
51.32 7
51.33 12
51.34 15
51.35 19
51.36 17
51.37 0
51.38 0
51.39 0
51.4 0
51.41 0
51.42 0
51.43 0
51.44 0
51.45 0
51.46 0
51.47 4
51.48 9
51.49 14
51.5 17
51.51 21
51.52 16
51.53 0
51.54 0
51.55 0
51.56 0
51.57 0
51.58 0
51.59 0
51.6 0
51.61 0
51.62 1
51.63 6
51.64 10
51.65 14
51.66 20
51.67 24
51.68 9
51.69 0
51.7 0
51.71 0
51.72 0
51.73 0
51.74 0
51.75 0
51.76 0
51.77 0
51.78 1
51.79 7
51.8 12
51.81 14
51.82 19
51.83 16
51.84 2
51.85 0
51.86 0
51.87 0
51.88 0
51.89 0
51.9 0
51.91 0
51.92 0
51.93 0
51.94 2
51.95 8
51.96 11
51.97 16
51.98 21
51.99 17
52 1
52.01 0
52.02 0
52.03 0
52.04 0
52.05 0
52.06 0
52.07 0
52.08 0
52.09 0
52.1 3
52.11 7
52.12 11
52.13 16
52.14 22
52.15 17
52.16 0
52.17 0
52.18 0
52.19 0
52.2 0
52.21 0
52.22 0
52.23 0
52.24 0
52.25 1
52.26 6
52.27 9
52.28 15
52.29 19
52.3 21
52.31 16
52.32 0
52.33 0
52.34 0
52.35 0
52.36 0
52.37 0
52.38 0
52.39 0
52.4 0
52.41 2
52.42 7
52.43 12
52.44 17
52.45 21
52.46 17
52.47 4
52.48 0
52.49 0
52.5 0
52.51 0
52.52 0
52.53 0
52.54 0
52.55 0
52.56 0
52.57 2
52.58 7
52.59 10
52.6 15
52.61 20
52.62 17
52.63 11
52.64 0
52.65 0
52.66 0
52.67 0
52.68 0
52.69 0
52.7 0
52.71 0
52.72 0
52.73 2
52.74 7
52.75 11
52.76 16
52.77 21
52.78 17
52.79 0
52.8 0
52.81 0
52.82 0
52.83 0
52.84 0
52.85 0
52.86 0
52.87 0
52.88 0
52.89 3
52.9 8
52.91 13
52.92 17
52.93 21
52.94 17
52.95 0
52.96 0
52.97 0
52.98 0
52.99 0
53 0
53.01 0
53.02 0
53.03 0
53.04 0
53.05 5
53.06 9
53.07 13
53.08 17
53.09 22
53.1 16
53.11 0
53.12 0
53.13 0
53.14 0
53.15 0
53.16 0
53.17 0
53.18 0
53.19 0
53.2 0
53.21 5
53.22 9
53.23 14
53.24 18
53.25 23
53.26 17
53.27 0
53.28 0
53.29 0
53.3 0
53.31 0
53.32 0
53.33 0
53.34 0
53.35 0
53.36 0
53.37 5
53.38 10
53.39 15
53.4 20
53.41 18
53.42 10
53.43 0
53.44 0
53.45 0
53.46 0
53.47 0
53.48 0
53.49 0
53.5 0
53.51 0
53.52 2
53.53 8
53.54 13
53.55 17
53.56 21
53.57 16
53.58 0
53.59 0
53.6 0
53.61 0
53.62 0
53.63 0
53.64 0
53.65 0
53.66 0
53.67 0
53.68 2
53.69 8
53.7 13
53.71 18
53.72 22
53.73 17
53.74 0
53.75 0
53.76 0
53.77 0
53.78 0
53.79 0
53.8 0
53.81 0
53.82 0
53.83 0
53.84 5
53.85 10
53.86 14
53.87 18
53.88 22
53.89 17
53.9 0
53.91 0
53.92 0
53.93 0
53.94 0
53.95 0
53.96 0
53.97 0
53.98 0
53.99 2
54 6
54.01 12
54.02 17
54.03 21
54.04 17
54.05 0
54.06 0
54.07 0
54.08 0
54.09 0
54.1 0
54.11 0
54.12 0
54.13 0
54.14 0
54.15 3
54.16 8
54.17 12
54.18 18
54.19 22
54.2 17
54.21 0
54.22 0
54.23 0
54.24 0
54.25 0
54.26 0
54.27 0
54.28 0
54.29 0
54.3 0
54.31 5
54.32 10
54.33 15
54.34 18
54.35 23
54.36 16
54.37 0
54.38 0
54.39 0
54.4 0
54.41 0
54.42 0
54.43 0
54.44 0
54.45 0
54.46 0
54.47 6
54.48 11
54.49 15
54.5 20
54.51 24
54.52 9
54.53 0
54.54 0
54.55 0
54.56 0
54.57 0
54.58 0
54.59 0
54.6 0
54.61 0
54.62 2
54.63 6
54.64 11
54.65 15
54.66 21
54.67 17
54.68 0
54.69 0
54.7 0
54.71 0
54.72 0
54.73 0
54.74 0
54.75 0
54.76 0
54.77 0
54.78 4
54.79 9
54.8 14
54.81 17
54.82 21
54.83 16
54.84 0
54.85 0
54.86 0
54.87 0
54.88 0
54.89 0
54.9 0
54.91 0
54.92 0
54.93 0
54.94 5
54.95 10
54.96 15
54.97 20
54.98 17
54.99 17
55 0
55.01 0
55.02 0
55.03 0
55.04 0
55.05 0
55.06 0
55.07 0
55.08 0
55.09 2
55.1 7
55.11 12
55.12 16
55.13 20
55.14 16
55.15 1
55.16 0
55.17 0
55.18 0
55.19 0
55.2 0
55.21 0
55.22 0
55.23 0
55.24 0
55.25 2
55.26 7
55.27 12
55.28 16
55.29 21
55.3 17
55.31 0
55.32 0
55.33 0
55.34 0
55.35 0
55.36 0
55.37 0
55.38 0
55.39 0
55.4 0
55.41 3
55.42 8
55.43 13
55.44 17
55.45 21
55.46 17
55.47 0
55.48 0
55.49 0
55.5 0
55.51 0
55.52 0
55.53 0
55.54 0
55.55 0
55.56 2
55.57 7
55.58 11
55.59 15
55.6 20
55.61 16
55.62 3
55.63 0
55.64 0
55.65 0
55.66 0
55.67 0
55.68 0
55.69 0
55.7 0
55.71 0
55.72 1
55.73 8
55.74 12
55.75 17
55.76 21
55.77 17
55.78 12
55.79 0
55.8 0
55.81 0
55.82 0
55.83 0
55.84 0
55.85 2
55.86 7
55.87 11
55.88 16
55.89 21
55.9 16
55.91 12
55.92 0
55.93 0
55.94 0
55.95 0
55.96 0
55.97 0
55.98 0
55.99 0
56 0
56.01 0
56.02 6
56.03 12
56.04 16
56.05 21
56.06 17
56.07 9
56.08 0
56.09 0
56.1 0
56.11 0
56.12 0
56.13 0
56.14 0
56.15 4
56.16 9
56.17 14
56.18 19
56.19 22
56.2 16
56.21 0
56.22 0
56.23 0
56.24 0
56.25 0
56.26 0
56.27 0
56.28 0
56.29 0
56.3 0
56.31 4
56.32 10
56.33 14
56.34 19
56.35 23
56.36 17
56.37 0
56.38 0
56.39 0
56.4 0
56.41 0
56.42 0
56.43 0
56.44 0
56.45 0
56.46 1
56.47 5
56.48 9
56.49 14
56.5 18
56.51 24
56.52 17
56.53 0
56.54 0
56.55 0
56.56 0
56.57 0
56.58 0
56.59 0
56.6 0
56.61 0
56.62 3
56.63 7
56.64 11
56.65 16
56.66 20
56.67 17
56.68 0
56.69 0
56.7 0
56.71 0
56.72 0
56.73 0
56.74 0
56.75 0
56.76 0
56.77 0
56.78 2
56.79 6
56.8 12
56.81 16
56.82 21
56.83 17
56.84 0
56.85 0
56.86 0
56.87 0
56.88 0
56.89 0
56.9 0
56.91 0
56.92 0
56.93 0
56.94 5
56.95 10
56.96 14
56.97 18
56.98 21
56.99 16
57 0
57.01 0
57.02 0
57.03 0
57.04 0
57.05 0
57.06 0
57.07 0
57.08 0
57.09 1
57.1 8
57.11 13
57.12 17
57.13 22
57.14 17
57.15 0
57.16 0
57.17 0
57.18 0
57.19 0
57.2 0
57.21 0
57.22 0
57.23 0
57.24 0
57.25 5
57.26 8
57.27 13
57.28 17
57.29 23
57.3 17
57.31 7
57.32 0
57.33 0
57.34 0
57.35 0
57.36 0
57.37 0
57.38 2
57.39 8
57.4 12
57.41 16
57.42 21
57.43 17
57.44 3
57.45 0
57.46 0
57.47 0
57.48 0
57.49 0
57.5 0
57.51 0
57.52 0
57.53 0
57.54 4
57.55 8
57.56 11
57.57 16
57.58 22
57.59 17
57.6 0
57.61 0
57.62 0
57.63 0
57.64 0
57.65 0
57.66 0
57.67 0
57.68 0
57.69 0
57.7 5
57.71 10
57.72 13
57.73 17
57.74 23
57.75 16
57.76 0
57.77 0
57.78 0
57.79 0
57.8 0
57.81 0
57.82 0
57.83 0
57.84 0
57.85 0
57.86 4
57.87 10
57.88 15
57.89 20
57.9 24
57.91 13
57.92 0
57.93 0
57.94 0
57.95 0
57.96 0
57.97 0
57.98 0
57.99 0
58 0
58.01 3
58.02 7
58.03 0
58.04 0
58.05 0
58.06 0
58.07 0
58.08 0
58.09 0
58.1 0
58.11 0
58.12 0
58.13 0
58.14 0
58.15 0
58.16 0
58.17 0
58.18 0
58.19 0
58.2 0
58.21 0
58.22 0
58.23 0
58.24 0
58.25 0
58.26 0
58.27 0
58.28 0
58.29 0
58.3 0
58.31 0
58.32 0
58.33 0
58.34 0
58.35 0
58.36 0
58.37 0
58.38 0
58.39 0
58.4 0
58.41 0
58.42 0
58.43 0
58.44 0
58.45 0
58.46 0
58.47 0
58.48 0
58.49 0
58.5 0
58.51 0
58.52 0
58.53 0
58.54 0
58.55 0
58.56 0
58.57 0
58.58 0
58.59 0
58.6 0
58.61 0
58.62 0
58.63 0
58.64 0
58.65 0
58.66 0
58.67 0
58.68 0
58.69 0
58.7 0
58.71 0
58.72 0
58.73 0
58.74 0
58.75 0
58.76 0
58.77 0
58.78 0
58.79 0
58.8 0
58.81 0
58.82 0
58.83 0
58.84 0
58.85 0
58.86 0
58.87 0
58.88 0
58.89 0
58.9 0
58.91 0
58.92 0
58.93 0
58.94 0
58.95 0
58.96 0
58.97 0
58.98 0
58.99 0
59 0
59.01 0
59.02 0
59.03 0
59.04 0
59.05 0
59.06 0
59.07 0
59.08 0
59.09 0
59.1 0
59.11 0
59.12 0
59.13 0
59.14 0
59.15 0
59.16 0
59.17 0
59.18 0
59.19 0
59.2 0
59.21 0
59.22 0
59.23 0
59.24 0
59.25 0
59.26 0
59.27 0
59.28 0
59.29 0
59.3 0
59.31 0
59.32 0
59.33 0
59.34 0
59.35 0
59.36 0
59.37 0
59.38 0
59.39 0
59.4 0
59.41 0
59.42 0
59.43 0
59.44 0
59.45 0
59.46 0
59.47 0
59.48 0
59.49 0
59.5 0
59.51 0
59.52 0
59.53 0
59.54 0
59.55 0
59.56 0
59.57 0
59.58 0
59.59 0
59.6 0
59.61 0
59.62 0
59.63 0
59.64 0
59.65 0
59.66 0
59.67 0
59.68 0
59.69 0
59.7 0
59.71 0
59.72 0
59.73 0
59.74 0
59.75 0
59.76 0
59.77 0
59.78 0
59.79 0
59.8 0
59.81 0
59.82 0
59.83 0
59.84 0
59.85 0
59.86 0
59.87 0
59.88 0
59.89 0
59.9 0
59.91 0
59.92 0
59.93 0
59.94 0
59.95 0
59.96 0
59.97 0
59.98 0
59.99 0
60 0
60.01 0
60.02 0
60.03 0
60.04 0
60.05 0
60.06 0
60.07 0
60.08 0
60.09 0
60.1 0
60.11 0
60.12 0
60.13 0
60.14 0
60.15 0
60.16 0
60.17 0
60.18 0
60.19 0
60.2 0
60.21 0
60.22 0
60.23 0
60.24 0
60.25 0
60.26 0
60.27 0
60.28 0
60.29 0
60.3 0
60.31 0
60.32 0
60.33 0
60.34 0
60.35 0
60.36 0
60.37 0
60.38 0
60.39 0
60.4 0
60.41 0
60.42 0
60.43 0
60.44 0
60.45 0
60.46 0
60.47 0
60.48 0
60.49 0
60.5 0
60.51 0
60.52 0
60.53 0
60.54 0
60.55 0
60.56 0
60.57 0
60.58 0
60.59 0
60.6 0
60.61 0
60.62 0
60.63 0
60.64 0
60.65 0
60.66 0
60.67 0
60.68 0
60.69 0
60.7 0
60.71 0
60.72 0
60.73 0
60.74 0
60.75 0
60.76 0
60.77 0
60.78 0
60.79 0
60.8 0
60.81 0
60.82 0
60.83 0
60.84 0
60.85 0
60.86 0
60.87 0
60.88 0
60.89 0
60.9 0
60.91 0
60.92 0
60.93 0
60.94 0
60.95 0
60.96 0
60.97 0
60.98 0
60.99 0
61 0
61.01 0
61.02 0
61.03 0
61.04 0
61.05 0
61.06 0
61.07 0
61.08 0
61.09 0
61.1 0
61.11 0
61.12 0
61.13 0
61.14 0
61.15 0
61.16 0
61.17 0
61.18 0
61.19 0
61.2 0
61.21 0
61.22 0
61.23 0
61.24 0
61.25 0
61.26 0
61.27 0
61.28 0
61.29 0
61.3 0
61.31 0
61.32 0
61.33 0
61.34 0
61.35 0
61.36 0
61.37 0
61.38 0
61.39 0
61.4 0
61.41 0
61.42 0
61.43 0
61.44 0
61.45 0
61.46 0
61.47 0
61.48 0
61.49 0
61.5 0
61.51 0
61.52 0
61.53 0
61.54 0
61.55 0
61.56 0
61.57 0
61.58 0
61.59 0
61.6 0
61.61 0
61.62 0
61.63 0
61.64 0
61.65 0
61.66 0
61.67 0
61.68 0
61.69 0
61.7 0
61.71 0
61.72 0
61.73 0
61.74 0
61.75 0
61.76 0
61.77 0
61.78 0
61.79 0
61.8 0
61.81 0
61.82 0
61.83 0
61.84 0
61.85 0
61.86 0
61.87 0
61.88 0
61.89 0
61.9 0
61.91 0
61.92 0
61.93 0
61.94 0
61.95 0
61.96 0
61.97 0
61.98 0
61.99 0
62 0
62.01 0
62.02 0
62.03 0
62.04 0
62.05 0
62.06 0
62.07 0
62.08 0
62.09 0
62.1 0
62.11 0
62.12 0
62.13 0
62.14 0
62.15 0
62.16 0
62.17 0
62.18 0
62.19 0
62.2 0
62.21 0
62.22 0
62.23 0
62.24 0
62.25 0
62.26 0
62.27 0
62.28 0
62.29 0
62.3 0
62.31 0
62.32 0
62.33 0
62.34 0
62.35 0
62.36 0
62.37 0
62.38 0
62.39 0
62.4 0
62.41 0
62.42 0
62.43 0
62.44 0
62.45 0
62.46 0
62.47 0
62.48 0
62.49 0
62.5 0
62.51 0
62.52 0
62.53 0
62.54 0
62.55 0
62.56 0
62.57 0
62.58 0
62.59 0
62.6 0
62.61 0
62.62 0
62.63 0
62.64 0
62.65 0
62.66 0
62.67 0
62.68 0
62.69 0
62.7 0
62.71 0
62.72 0
62.73 0
62.74 0
62.75 0
62.76 0
62.77 0
62.78 0
62.79 0
62.8 0
62.81 0
62.82 0
62.83 0
62.84 0
62.85 0
62.86 0
62.87 0
62.88 0
62.89 0
62.9 0
62.91 0
62.92 0
62.93 0
62.94 0
62.95 0
62.96 0
62.97 0
62.98 0
62.99 0
