0 0
0.01 0
0.02 0
0.03 0
0.04 0
0.05 0
0.06 0
0.07 0
0.08 0
0.09 0
0.1 0
0.11 0
0.12 0
0.13 0
0.14 0
0.15 0
0.16 0
0.17 0
0.18 0
0.19 0
0.2 0
0.21 31
0.22 42
0.23 39
0.24 0
0.25 24
0.26 0
0.27 0
0.28 0
0.29 0
0.3 0
0.31 0
0.32 0
0.33 0
0.34 0
0.35 0
0.36 0
0.37 0
0.38 0
0.39 0
0.4 0
0.41 1
0.42 3
0.43 5
0.44 8
0.45 11
0.46 12
0.47 14
0.48 17
0.49 19
0.5 21
0.51 24
0.52 25
0.53 24
0.54 6
0.55 0
0.56 0
0.57 0
0.58 0
0.59 0
0.6 0
0.61 0
0.62 0
0.63 0
0.64 0
0.65 0
0.66 0
0.67 0
0.68 0
0.69 0
0.7 0
0.71 2
0.72 4
0.73 7
0.74 10
0.75 10
0.76 13
0.77 15
0.78 18
0.79 20
0.8 22
0.81 24
0.82 27
0.83 24
0.84 0
0.85 0
0.86 0
0.87 0
0.88 0
0.89 0
0.9 0
0.91 0
0.92 0
0.93 0
0.94 0
0.95 0
0.96 0
0.97 0
0.98 0
0.99 0
1 0
1.01 2
1.02 4
1.03 7
1.04 8
1.05 11
1.06 13
1.07 16
1.08 18
1.09 20
1.1 22
1.11 24
1.12 26
1.13 24
1.14 0
1.15 0
1.16 0
1.17 0
1.18 0
1.19 0
1.2 0
1.21 0
1.22 0
1.23 0
1.24 0
1.25 0
1.26 0
1.27 15
1.28 30
1.29 38
1.3 30
1.31 10
1.32 0
1.33 0
1.34 0
1.35 0
1.36 0
1.37 0
1.38 0
1.39 0
1.4 2
1.41 6
1.42 10
1.43 14
1.44 18
1.45 23
1.46 28
1.47 32
1.48 26
1.49 0
1.5 0
1.51 0
1.52 0
1.53 0
1.54 0
1.55 0
1.56 0
1.57 0
1.58 5
1.59 10
1.6 14
1.61 18
1.62 22
1.63 26
1.64 30
1.65 26
1.66 1
1.67 0
1.68 0
1.69 0
1.7 0
1.71 0
1.72 0
1.73 0
1.74 0
1.75 1
1.76 7
1.77 11
1.78 16
1.79 20
1.8 24
1.81 28
1.82 31
1.83 25
1.84 0
1.85 0
1.86 0
1.87 0
1.88 0
1.89 0
1.9 0
1.91 0
1.92 0
1.93 4
1.94 10
1.95 13
1.96 18
1.97 22
1.98 26
1.99 30
2 26
2.01 0
2.02 0
2.03 0
2.04 0
2.05 0
2.06 0
2.07 0
2.08 0
2.09 0
2.1 2
2.11 6
2.12 11
2.13 15
2.14 20
2.15 25
2.16 29
2.17 26
2.18 9
2.19 0
2.2 0
2.21 0
2.22 0
2.23 0
2.24 0
2.25 0
2.26 0
2.27 0
2.28 6
2.29 10
2.3 14
2.31 18
2.32 21
2.33 27
2.34 32
2.35 26
2.36 0
2.37 0
2.38 0
2.39 0
2.4 0
2.41 0
2.42 0
2.43 0
2.44 0
2.45 4
2.46 7
2.47 12
2.48 16
2.49 20
2.5 23
2.51 28
2.52 25
2.53 15
2.54 0
2.55 0
2.56 0
2.57 0
2.58 0
2.59 0
2.6 0
2.61 0
2.62 2
2.63 6
2.64 11
2.65 17
2.66 20
2.67 25
2.68 28
2.69 31
2.7 25
2.71 0
2.72 0
2.73 0
2.74 0
2.75 0
2.76 0
2.77 0
2.78 0
2.79 0
2.8 2
2.81 6
2.82 12
2.83 17
2.84 22
2.85 27
2.86 31
2.87 26
2.88 9
2.89 0
2.9 0
2.91 0
2.92 0
2.93 0
2.94 0
2.95 0
2.96 0
2.97 1
2.98 5
2.99 9
3 14
3.01 20
3.02 25
3.03 28
3.04 32
3.05 26
3.06 0
3.07 0
3.08 0
3.09 0
3.1 0
3.11 0
3.12 0
3.13 0
3.14 0
3.15 4
3.16 9
3.17 14
3.18 18
3.19 22
3.2 26
3.21 31
3.22 26
3.23 0
3.24 0
3.25 0
3.26 0
3.27 0
3.28 0
3.29 0
3.3 0
3.31 0
3.32 3
3.33 8
3.34 11
3.35 15
3.36 20
3.37 24
3.38 28
3.39 25
3.4 24
3.41 0
3.42 0
3.43 0
3.44 0
3.45 0
3.46 0
3.47 0
3.48 0
3.49 0
3.5 6
3.51 10
3.52 15
3.53 19
3.54 24
3.55 28
3.56 32
3.57 25
3.58 0
3.59 0
3.6 0
3.61 0
3.62 0
3.63 0
3.64 0
3.65 0
3.66 0
3.67 2
3.68 7
3.69 13
3.7 17
3.71 21
3.72 25
3.73 30
3.74 26
3.75 12
3.76 0
3.77 0
3.78 0
3.79 0
3.8 0
3.81 0
3.82 0
3.83 0
3.84 1
3.85 6
3.86 10
3.87 14
3.88 18
3.89 24
3.9 28
3.91 32
3.92 26
3.93 1
3.94 0
3.95 0
3.96 0
3.97 0
3.98 0
3.99 0
4 0
4.01 0
4.02 1
4.03 7
4.04 11
4.05 16
4.06 20
4.07 24
4.08 29
4.09 26
4.1 20
4.11 0
4.12 0
4.13 0
4.14 0
4.15 0
4.16 0
4.17 0
4.18 0
4.19 0
4.2 4
4.21 9
4.22 14
4.23 19
4.24 23
4.25 26
4.26 30
4.27 25
4.28 6
4.29 0
4.3 0
4.31 0
4.32 0
4.33 0
4.34 0
4.35 0
4.36 0
4.37 2
4.38 7
4.39 11
4.4 16
4.41 21
4.42 25
4.43 28
4.44 25
4.45 17
4.46 0
4.47 0
4.48 0
4.49 0
4.5 0
4.51 0
4.52 0
4.53 0
4.54 0
4.55 4
4.56 8
4.57 14
4.58 19
4.59 24
4.6 28
4.61 32
4.62 26
4.63 0
4.64 0
4.65 0
4.66 0
4.67 0
4.68 0
4.69 0
4.7 0
4.71 0
4.72 2
4.73 7
4.74 11
4.75 16
4.76 21
4.77 26
4.78 30
4.79 26
4.8 19
4.81 0
4.82 0
4.83 0
4.84 0
4.85 0
4.86 0
4.87 0
4.88 0
4.89 1
4.9 6
4.91 10
4.92 15
4.93 19
4.94 22
4.95 26
4.96 32
4.97 26
4.98 0
4.99 0
5 0
5.01 0
5.02 0
5.03 0
5.04 0
5.05 0
5.06 0
5.07 4
5.08 9
5.09 13
5.1 17
5.11 21
5.12 25
5.13 28
5.14 25
5.15 23
5.16 0
5.17 0
5.18 0
5.19 0
5.2 0
5.21 0
5.22 0
5.23 0
5.24 0
5.25 5
5.26 10
5.27 14
5.28 19
5.29 23
5.3 28
5.31 32
5.32 25
5.33 0
5.34 0
5.35 0
5.36 0
5.37 0
5.38 0
5.39 0
5.4 0
5.41 0
5.42 2
5.43 6
5.44 12
5.45 17
5.46 21
5.47 25
5.48 29
5.49 26
5.5 16
5.51 0
5.52 0
5.53 0
5.54 0
5.55 0
5.56 0
5.57 0
5.58 0
5.59 0
5.6 5
5.61 9
5.62 13
5.63 19
5.64 24
5.65 28
5.66 32
5.67 26
5.68 0
5.69 0
5.7 0
5.71 0
5.72 0
5.73 0
5.74 0
5.75 0
5.76 0
5.77 3
5.78 9
5.79 13
5.8 17
5.81 20
5.82 25
5.83 29
5.84 26
5.85 6
5.86 0
5.87 0
5.88 0
5.89 0
5.9 0
5.91 0
5.92 5
5.93 11
5.94 15
5.95 20
5.96 25
5.97 29
5.98 26
5.99 21
6 4
6.01 0
6.02 0
6.03 0
6.04 0
6.05 0
6.06 0
6.07 6
6.08 10
6.09 14
6.1 19
6.11 23
6.12 27
6.13 32
6.14 26
6.15 0
6.16 0
6.17 0
6.18 0
6.19 0
6.2 0
6.21 0
6.22 0
6.23 0
6.24 3
6.25 8
6.26 13
6.27 18
6.28 22
6.29 26
6.3 30
6.31 25
6.32 26
6.33 0
6.34 0
6.35 0
6.36 0
6.37 0
6.38 0
6.39 0
6.4 0
6.41 0
6.42 6
6.43 11
6.44 16
6.45 20
6.46 24
6.47 29
6.48 32
6.49 25
6.5 0
6.51 0
6.52 0
6.53 0
6.54 0
6.55 0
6.56 0
6.57 0
6.58 1
6.59 4
6.6 9
6.61 14
6.62 19
6.63 24
6.64 28
6.65 32
6.66 26
6.67 0
6.68 0
6.69 0
6.7 0
6.71 0
6.72 0
6.73 0
6.74 0
6.75 0
6.76 3
6.77 7
6.78 10
6.79 15
6.8 19
6.81 25
6.82 30
6.83 26
6.84 14
6.85 0
6.86 0
6.87 0
6.88 0
6.89 0
6.9 0
6.91 0
6.92 0
6.93 0
6.94 4
6.95 9
6.96 14
6.97 17
6.98 21
6.99 26
7 32
7.01 26
7.02 5
7.03 0
7.04 0
7.05 0
7.06 0
7.07 0
7.08 0
7.09 0
7.1 0
7.11 2
7.12 7
7.13 11
7.14 16
7.15 20
7.16 24
7.17 27
7.18 31
7.19 25
7.2 0
7.21 0
7.22 0
7.23 0
7.24 0
7.25 0
7.26 0
7.27 0
7.28 0
7.29 4
7.3 9
7.31 14
7.32 18
7.33 22
7.34 26
7.35 31
7.36 25
7.37 5
7.38 0
7.39 0
7.4 0
7.41 0
7.42 0
7.43 0
7.44 0
7.45 0
7.46 1
7.47 4
7.48 9
7.49 16
7.5 19
7.51 23
7.52 29
7.53 32
7.54 26
7.55 0
7.56 0
7.57 0
7.58 0
7.59 0
7.6 0
7.61 4
7.62 9
7.63 14
7.64 18
7.65 22
7.66 26
7.67 30
7.68 26
7.69 16
7.7 0
7.71 0
7.72 0
7.73 0
7.74 0
7.75 0
7.76 0
7.77 0
7.78 1
7.79 6
7.8 11
7.81 16
7.82 19
7.83 24
7.84 28
7.85 31
7.86 25
7.87 0
7.88 0
7.89 0
7.9 0
7.91 0
7.92 0
7.93 0
7.94 0
7.95 0
7.96 2
7.97 7
7.98 12
7.99 17
8 21
8.01 25
8.02 30
8.03 26
8.04 12
8.05 0
8.06 0
8.07 0
8.08 0
8.09 0
8.1 0
8.11 0
8.12 0
8.13 2
8.14 6
8.15 11
8.16 16
8.17 20
8.18 24
8.19 28
8.2 32
8.21 23
8.22 0
8.23 0
8.24 0
8.25 0
8.26 0
8.27 0
8.28 0
8.29 0
8.3 0
8.31 5
8.32 10
8.33 14
8.34 18
8.35 22
8.36 26
8.37 30
8.38 26
8.39 0
8.4 0
8.41 0
8.42 0
8.43 0
8.44 0
8.45 0
8.46 0
8.47 0
8.48 2
8.49 7
8.5 12
8.51 16
8.52 21
8.53 25
8.54 29
8.55 25
8.56 22
8.57 0
8.58 0
8.59 0
8.6 0
8.61 0
8.62 0
8.63 4
8.64 9
8.65 14
8.66 19
8.67 24
8.68 27
8.69 31
8.7 26
8.71 3
8.72 0
8.73 0
8.74 0
8.75 0
8.76 0
8.77 0
8.78 0
8.79 0
8.8 3
8.81 6
8.82 10
8.83 15
8.84 19
8.85 25
8.86 29
8.87 26
8.88 19
8.89 0
8.9 0
8.91 0
8.92 0
8.93 0
8.94 0
8.95 0
8.96 0
8.97 0
8.98 3
8.99 8
9 14
9.01 17
9.02 21
9.03 26
9.04 30
9.05 26
9.06 0
9.07 0
9.08 0
9.09 0
9.1 0
9.11 0
9.12 0
9.13 0
9.14 0
9.15 1
9.16 6
9.17 11
9.18 16
9.19 21
9.2 25
9.21 28
9.22 25
9.23 18
9.24 0
9.25 0
9.26 0
9.27 0
9.28 0
9.29 0
9.3 0
9.31 0
9.32 0
9.33 4
9.34 9
9.35 13
9.36 18
9.37 21
9.38 26
9.39 30
9.4 26
9.41 3
9.42 0
9.43 0
9.44 0
9.45 0
9.46 0
9.47 0
9.48 0
9.49 0
9.5 1
9.51 6
9.52 10
9.53 15
9.54 20
9.55 25
9.56 29
9.57 33
9.58 26
9.59 0
9.6 0
9.61 0
9.62 0
9.63 0
9.64 0
9.65 0
9.66 0
9.67 0
9.68 4
9.69 9
9.7 13
9.71 17
9.72 22
9.73 27
9.74 31
9.75 26
9.76 0
9.77 0
9.78 0
9.79 0
9.8 0
9.81 0
9.82 0
9.83 0
9.84 0
9.85 2
9.86 7
9.87 12
9.88 17
9.89 20
9.9 25
9.91 29
9.92 26
9.93 21
9.94 0
9.95 0
9.96 0
9.97 0
9.98 0
9.99 0
10 0
10.01 0
10.02 0
10.03 5
10.04 10
10.05 13
10.06 17
10.07 22
10.08 26
10.09 29
10.1 25
10.11 7
10.12 0
10.13 0
10.14 0
10.15 0
10.16 0
10.17 0
10.18 0
10.19 0
10.2 1
10.21 7
10.22 11
10.23 17
10.24 21
10.25 26
10.26 28
10.27 26
10.28 18
10.29 0
10.3 0
10.31 0
10.32 0
10.33 0
10.34 0
10.35 0
10.36 0
10.37 1
10.38 4
10.39 8
10.4 13
10.41 18
10.42 23
10.43 27
10.44 32
10.45 26
10.46 0
10.47 0
10.48 0
10.49 0
10.5 0
10.51 0
10.52 0
10.53 0
10.54 0
10.55 2
10.56 7
10.57 12
10.58 16
10.59 20
10.6 26
10.61 30
10.62 26
10.63 17
10.64 0
10.65 0
10.66 0
10.67 0
10.68 0
10.69 0
10.7 5
10.71 9
10.72 14
10.73 19
10.74 23
10.75 27
10.76 31
10.77 25
10.78 0
10.79 0
10.8 0
10.81 0
10.82 0
10.83 0
10.84 2
10.85 6
10.86 10
10.87 15
10.88 18
10.89 23
10.9 28
10.91 32
10.92 26
10.93 0
10.94 0
10.95 0
10.96 0
10.97 0
10.98 0
10.99 0
11 0
11.01 0
11.02 3
11.03 8
11.04 12
11.05 17
11.06 20
11.07 25
11.08 29
11.09 26
11.1 11
11.11 0
11.12 0
11.13 0
11.14 0
11.15 0
11.16 0
11.17 0
11.18 0
11.19 1
11.2 5
11.21 10
11.22 15
11.23 20
11.24 25
11.25 28
11.26 30
11.27 25
11.28 0
11.29 0
11.3 0
11.31 0
11.32 0
11.33 0
11.34 0
11.35 0
11.36 0
11.37 2
11.38 8
11.39 13
11.4 17
11.41 22
11.42 26
11.43 31
11.44 26
11.45 4
11.46 0
11.47 0
11.48 0
11.49 0
11.5 0
11.51 0
11.52 0
11.53 0
11.54 3
11.55 6
11.56 10
11.57 14
11.58 19
11.59 24
11.6 28
11.61 33
11.62 26
11.63 0
11.64 0
11.65 0
11.66 0
11.67 0
11.68 0
11.69 0
11.7 0
11.71 0
11.72 4
11.73 8
11.74 12
11.75 16
11.76 21
11.77 27
11.78 31
11.79 26
11.8 13
11.81 0
11.82 0
11.83 0
11.84 0
11.85 0
11.86 0
11.87 0
11.88 0
11.89 2
11.9 7
11.91 12
11.92 16
11.93 21
11.94 23
11.95 27
11.96 25
11.97 18
11.98 0
11.99 0
12 0
12.01 0
12.02 0
12.03 0
12.04 0
12.05 0
12.06 0
12.07 6
12.08 10
12.09 14
12.1 19
12.11 23
12.12 27
12.13 30
12.14 25
12.15 9
12.16 0
12.17 0
12.18 0
12.19 0
12.2 0
12.21 0
12.22 0
12.23 0
12.24 0
12.25 5
12.26 10
12.27 15
12.28 20
12.29 25
12.3 29
12.31 33
12.32 26
12.33 0
12.34 0
12.35 0
12.36 0
12.37 0
12.38 0
12.39 0
12.4 0
12.41 0
12.42 3
12.43 9
12.44 14
12.45 19
12.46 23
12.47 27
12.48 31
12.49 26
12.5 0
12.51 0
12.52 0
12.53 0
12.54 0
12.55 0
12.56 0
12.57 0
12.58 0
12.59 3
12.6 7
12.61 13
12.62 16
12.63 20
12.64 24
12.65 30
12.66 26
12.67 0
12.68 0
12.69 0
12.7 0
12.71 0
12.72 0
12.73 0
12.74 0
12.75 0
12.76 0
12.77 5
12.78 10
12.79 15
12.8 19
12.81 23
12.82 27
12.83 32
12.84 26
12.85 0
12.86 0
12.87 0
12.88 0
12.89 0
12.9 0
12.91 0
12.92 0
12.93 0
12.94 3
12.95 7
12.96 12
12.97 16
12.98 21
12.99 26
13 29
13.01 25
13.02 13
13.03 0
13.04 0
13.05 0
13.06 0
13.07 0
13.08 0
13.09 0
13.1 0
13.11 0
13.12 4
13.13 9
13.14 15
13.15 18
13.16 23
13.17 27
13.18 32
13.19 26
13.2 0
13.21 0
13.22 0
13.23 0
13.24 0
13.25 0
13.26 0
13.27 0
13.28 0
13.29 3
13.3 6
13.31 10
13.32 16
13.33 22
13.34 26
13.35 30
13.36 26
13.37 24
13.38 0
13.39 0
13.4 0
13.41 0
13.42 0
13.43 0
13.44 4
13.45 9
13.46 15
13.47 19
13.48 23
13.49 26
13.5 30
13.51 25
13.52 0
13.53 0
13.54 0
13.55 0
13.56 0
13.57 0
13.58 0
13.59 0
13.6 0
13.61 0
13.62 7
13.63 11
13.64 16
13.65 21
13.66 25
13.67 29
13.68 26
13.69 19
13.7 0
13.71 0
13.72 0
13.73 0
13.74 0
13.75 0
13.76 0
13.77 0
13.78 0
13.79 4
13.8 9
13.81 15
13.82 19
13.83 23
13.84 26
13.85 31
13.86 26
13.87 12
13.88 0
13.89 0
13.9 0
13.91 0
13.92 0
13.93 0
13.94 0
13.95 0
13.96 2
13.97 7
13.98 10
13.99 16
14 21
14.01 26
14.02 30
14.03 26
14.04 20
14.05 0
14.06 0
14.07 0
14.08 0
14.09 0
14.1 0
14.11 0
14.12 0
14.13 0
14.14 4
14.15 9
14.16 14
14.17 18
14.18 23
14.19 27
14.2 32
14.21 26
14.22 15
14.23 0
14.24 0
14.25 0
14.26 0
14.27 0
14.28 1
14.29 6
14.3 11
14.31 17
14.32 22
14.33 26
14.34 30
14.35 26
14.36 20
14.37 0
14.38 0
14.39 0
14.4 0
14.41 0
14.42 0
14.43 0
14.44 0
14.45 0
14.46 4
14.47 8
14.48 12
14.49 17
14.5 23
14.51 27
14.52 31
14.53 26
14.54 11
14.55 0
14.56 0
14.57 0
14.58 0
14.59 0
14.6 0
14.61 0
14.62 0
14.63 2
14.64 6
14.65 11
14.66 15
14.67 19
14.68 23
14.69 28
14.7 32
14.71 26
14.72 0
14.73 0
14.74 0
14.75 0
14.76 0
14.77 0
14.78 0
14.79 0
14.8 0
14.81 5
14.82 10
14.83 14
14.84 19
14.85 22
14.86 26
14.87 31
14.88 26
14.89 0
14.9 0
14.91 0
14.92 0
14.93 0
14.94 0
14.95 0
14.96 0
14.97 0
14.98 2
14.99 8
15 13
15.01 18
15.02 22
15.03 26
15.04 30
15.05 25
15.06 14
15.07 0
15.08 0
15.09 0
15.1 0
15.11 0
15.12 0
15.13 0
15.14 0
15.15 0
15.16 4
15.17 10
15.18 15
15.19 19
15.2 23
15.21 28
15.22 32
15.23 26
15.24 0
15.25 0
15.26 0
15.27 0
15.28 0
15.29 0
15.3 0
15.31 0
15.32 0
15.33 2
15.34 7
15.35 11
15.36 16
15.37 22
15.38 26
15.39 30
15.4 26
15.41 15
15.42 0
15.43 0
15.44 0
15.45 0
15.46 0
15.47 0
15.48 5
15.49 10
15.5 13
15.51 18
15.52 23
15.53 27
15.54 29
15.55 25
15.56 3
15.57 0
15.58 0
15.59 0
15.6 0
15.61 0
15.62 0
15.63 0
15.64 0
15.65 1
15.66 7
15.67 11
15.68 17
15.69 21
15.7 25
15.71 28
15.72 32
15.73 22
15.74 0
15.75 0
15.76 0
15.77 0
15.78 0
15.79 0
15.8 0
15.81 0
15.82 0
15.83 3
15.84 8
15.85 13
15.86 20
15.87 24
15.88 28
15.89 32
15.9 26
15.91 0
15.92 0
15.93 0
15.94 0
15.95 0
15.96 0
15.97 0
15.98 0
15.99 0
16 3
16.01 8
16.02 11
16.03 15
16.04 20
16.05 26
16.06 30
16.07 26
16.08 9
16.09 0
16.1 0
16.11 0
16.12 0
16.13 0
16.14 0
16.15 0
16.16 0
16.17 1
16.18 6
16.19 10
16.2 15
16.21 19
16.22 23
16.23 27
16.24 31
16.25 26
16.26 0
16.27 0
16.28 0
16.29 0
16.3 0
16.31 0
16.32 0
16.33 0
16.34 0
16.35 3
16.36 9
16.37 13
16.38 18
16.39 22
16.4 26
16.41 29
16.42 25
16.43 2
16.44 0
16.45 0
16.46 0
16.47 0
16.48 0
16.49 0
16.5 0
16.51 0
16.52 1
16.53 6
16.54 11
16.55 15
16.56 20
16.57 24
16.58 28
16.59 33
16.6 26
16.61 0
16.62 0
16.63 0
16.64 0
16.65 0
16.66 0
16.67 0
16.68 0
16.69 0
16.7 3
16.71 7
16.72 12
16.73 17
16.74 22
16.75 26
16.76 31
16.77 26
16.78 5
16.79 0
16.8 0
16.81 0
16.82 0
16.83 0
16.84 0
16.85 0
16.86 0
16.87 0
16.88 5
16.89 10
16.9 14
16.91 19
16.92 23
16.93 28
16.94 33
16.95 26
16.96 0
16.97 0
16.98 0
16.99 0
17 0
17.01 0
17.02 0
17.03 0
17.04 0
17.05 3
17.06 9
17.07 12
17.08 17
17.09 20
17.1 25
17.11 29
17.12 26
17.13 10
17.14 0
17.15 0
17.16 0
17.17 0
17.18 0
17.19 0
17.2 0
17.21 0
17.22 0
17.23 6
17.24 11
17.25 15
17.26 20
17.27 24
17.28 28
17.29 31
17.3 25
17.31 0
17.32 0
17.33 0
17.34 0
17.35 0
17.36 0
17.37 0
17.38 0
17.39 0
17.4 2
17.41 9
17.42 13
17.43 18
17.44 22
17.45 27
17.46 30
17.47 26
17.48 5
17.49 0
17.5 0
17.51 0
17.52 0
17.53 0
17.54 0
17.55 0
17.56 0
17.57 1
17.58 6
17.59 9
17.6 13
17.61 19
17.62 23
17.63 27
17.64 32
17.65 26
17.66 0
17.67 0
17.68 0
17.69 0
17.7 0
17.71 0
17.72 0
17.73 0
17.74 0
17.75 3
17.76 8
17.77 14
17.78 18
17.79 21
17.8 26
17.81 31
17.82 26
17.83 0
17.84 0
17.85 0
17.86 0
17.87 0
17.88 0
17.89 0
17.9 0
17.91 0
17.92 3
17.93 7
17.94 12
17.95 17
17.96 21
17.97 24
17.98 28
17.99 25
18 13
18.01 0
18.02 0
18.03 0
18.04 0
18.05 0
18.06 0
18.07 4
18.08 9
18.09 14
18.1 19
18.11 23
18.12 27
18.13 32
18.14 26
18.15 0
18.16 0
18.17 0
18.18 0
18.19 0
18.2 0
18.21 0
18.22 0
18.23 0
18.24 5
18.25 9
18.26 13
18.27 17
18.28 22
18.29 27
18.3 31
18.31 26
18.32 21
18.33 0
18.34 0
18.35 2
18.36 6
18.37 12
18.38 16
18.39 21
18.4 26
18.41 30
18.42 25
18.43 12
18.44 0
18.45 0
18.46 0
18.47 0
18.48 0
18.49 0
18.5 0
18.51 0
18.52 0
18.53 6
18.54 10
18.55 13
18.56 18
18.57 22
18.58 28
18.59 31
18.6 26
18.61 0
18.62 0
18.63 0
18.64 0
18.65 0
18.66 0
18.67 0
18.68 0
18.69 0
18.7 2
18.71 8
18.72 11
18.73 16
18.74 20
18.75 24
18.76 29
18.77 25
18.78 14
18.79 0
18.8 0
18.81 0
18.82 0
18.83 0
18.84 0
18.85 0
18.86 0
18.87 0
18.88 5
18.89 10
18.9 14
18.91 19
18.92 24
18.93 28
18.94 31
18.95 25
18.96 0
18.97 0
18.98 0
18.99 0
19 0
19.01 0
19.02 0
19.03 0
19.04 0
19.05 2
19.06 7
19.07 13
19.08 18
19.09 22
19.1 26
19.11 31
19.12 26
19.13 17
19.14 0
19.15 0
19.16 0
19.17 0
19.18 0
19.19 0
19.2 0
19.21 0
19.22 0
19.23 5
19.24 9
19.25 14
19.26 19
19.27 23
19.28 28
19.29 32
19.3 26
19.31 0
19.32 0
19.33 0
19.34 0
19.35 0
19.36 0
19.37 3
19.38 8
19.39 13
19.4 18
19.41 22
19.42 25
19.43 28
19.44 25
19.45 4
19.46 0
19.47 0
19.48 0
19.49 0
19.5 0
19.51 0
19.52 0
19.53 0
19.54 0
19.55 4
19.56 10
19.57 15
19.58 19
19.59 23
19.6 28
19.61 33
19.62 25
19.63 0
19.64 0
19.65 0
19.66 0
19.67 0
19.68 0
19.69 0
19.7 0
19.71 0
19.72 1
19.73 6
19.74 11
19.75 17
19.76 22
19.77 26
19.78 30
19.79 26
19.8 11
19.81 0
19.82 0
19.83 0
19.84 0
19.85 0
19.86 0
19.87 0
19.88 0
19.89 0
19.9 6
19.91 11
19.92 14
19.93 17
19.94 23
19.95 27
19.96 30
19.97 26
19.98 0
19.99 0
20 0
20.01 0
20.02 0
20.03 0
20.04 0
20.05 0
20.06 0
20.07 4
20.08 8
20.09 11
20.1 17
20.11 20
20.12 25
20.13 29
20.14 26
20.15 11
20.16 0
20.17 0
20.18 0
20.19 0
20.2 0
20.21 0
20.22 5
20.23 9
20.24 14
20.25 20
20.26 23
20.27 27
20.28 31
20.29 26
20.3 0
20.31 0
20.32 0
20.33 0
20.34 0
20.35 0
20.36 0
20.37 0
20.38 0
20.39 4
20.4 6
20.41 12
20.42 16
20.43 22
20.44 26
20.45 30
20.46 26
20.47 17
20.48 0
20.49 0
20.5 0
20.51 0
20.52 0
20.53 0
20.54 0
20.55 0
20.56 1
20.57 6
20.58 11
20.59 16
20.6 19
20.61 23
20.62 27
20.63 32
20.64 26
20.65 0
20.66 0
20.67 0
20.68 0
20.69 0
20.7 0
20.71 0
20.72 0
20.73 0
20.74 4
20.75 9
20.76 13
20.77 17
20.78 22
20.79 25
20.8 30
20.81 25
20.82 11
20.83 0
20.84 0
20.85 0
20.86 0
20.87 0
20.88 0
20.89 0
20.9 0
20.91 0
20.92 7
20.93 11
20.94 15
20.95 19
20.96 23
20.97 28
20.98 32
20.99 25
21 0
21.01 0
21.02 0
21.03 0
21.04 0
21.05 0
21.06 5
21.07 9
21.08 12
21.09 16
21.1 20
21.11 25
21.12 30
21.13 26
21.14 23
21.15 0
21.16 0
21.17 0
21.18 0
21.19 0
21.2 0
21.21 0
21.22 0
21.23 0
21.24 5
21.25 10
21.26 15
21.27 19
21.28 22
21.29 27
21.3 31
21.31 26
21.32 3
21.33 0
21.34 0
21.35 0
21.36 0
21.37 0
21.38 0
21.39 0
21.4 0
21.41 3
21.42 8
21.43 13
21.44 18
21.45 20
21.46 24
21.47 28
21.48 25
21.49 24
21.5 0
21.51 0
21.52 0
21.53 0
21.54 0
21.55 0
21.56 0
21.57 0
21.58 0
21.59 5
21.6 10
21.61 14
21.62 20
21.63 24
21.64 28
21.65 33
21.66 26
21.67 0
21.68 0
21.69 0
21.7 0
21.71 0
21.72 0
21.73 0
21.74 0
21.75 0
21.76 2
21.77 6
21.78 12
21.79 17
21.8 21
21.81 25
21.82 29
21.83 26
21.84 7
21.85 0
21.86 0
21.87 0
21.88 0
21.89 0
21.9 0
21.91 0
21.92 0
21.93 1
21.94 5
21.95 10
21.96 14
21.97 18
21.98 23
21.99 28
22 32
22.01 26
22.02 0
22.03 0
22.04 0
22.05 0
22.06 0
22.07 0
22.08 0
22.09 0
22.1 0
22.11 3
22.12 8
22.13 13
22.14 17
22.15 21
22.16 25
22.17 29
22.18 26
22.19 10
22.2 0
22.21 0
22.22 0
22.23 0
22.24 0
22.25 0
22.26 0
22.27 0
22.28 2
22.29 4
22.3 9
22.31 13
22.32 18
22.33 23
22.34 27
22.35 30
22.36 25
22.37 0
22.38 0
22.39 0
22.4 0
22.41 0
22.42 0
22.43 0
22.44 0
22.45 0
22.46 3
22.47 9
22.48 14
22.49 18
22.5 22
22.51 26
22.52 29
22.53 26
22.54 3
22.55 0
22.56 0
22.57 0
22.58 0
22.59 0
22.6 0
22.61 0
22.62 0
22.63 1
22.64 6
22.65 10
22.66 14
22.67 20
22.68 24
22.69 28
22.7 32
22.71 26
22.72 0
22.73 0
22.74 0
22.75 0
22.76 0
22.77 0
22.78 0
22.79 0
22.8 0
22.81 4
22.82 8
22.83 14
22.84 17
22.85 22
22.86 26
22.87 31
22.88 26
22.89 1
22.9 0
22.91 0
22.92 0
22.93 0
22.94 0
22.95 0
22.96 0
22.97 0
22.98 3
22.99 7
23 11
23.01 16
23.02 20
23.03 23
23.04 28
23.05 25
23.06 22
23.07 0
23.08 0
23.09 0
23.1 0
23.11 0
23.12 0
23.13 0
23.14 0
23.15 0
23.16 6
23.17 11
23.18 14
23.19 19
23.2 23
23.21 27
23.22 31
23.23 25
23.24 0
23.25 0
23.26 0
23.27 0
23.28 0
23.29 0
23.3 0
23.31 0
23.32 0
23.33 2
23.34 6
23.35 13
23.36 18
23.37 21
23.38 25
23.39 30
23.4 26
23.41 5
23.42 0
23.43 0
23.44 0
23.45 0
23.46 0
23.47 0
23.48 0
23.49 0
23.5 3
23.51 7
23.52 10
23.53 15
23.54 19
23.55 24
23.56 28
23.57 32
23.58 26
23.59 0
23.6 0
23.61 0
23.62 0
23.63 0
23.64 0
23.65 0
23.66 0
23.67 0
23.68 5
23.69 10
23.7 14
23.71 17
23.72 21
23.73 26
23.74 31
23.75 26
23.76 11
23.77 0
23.78 0
23.79 0
23.8 0
23.81 0
23.82 0
23.83 0
23.84 0
23.85 1
23.86 7
23.87 11
23.88 16
23.89 20
23.9 24
23.91 27
23.92 30
23.93 26
23.94 0
23.95 0
23.96 0
23.97 0
23.98 0
23.99 0
24 0
24.01 0
24.02 0
24.03 5
24.04 10
24.05 14
24.06 18
24.07 22
24.08 27
24.09 31
24.1 25
24.11 4
24.12 0
24.13 0
24.14 0
24.15 0
24.16 0
24.17 0
24.18 0
24.19 0
24.2 2
24.21 7
24.22 11
24.23 17
24.24 22
24.25 25
24.26 30
24.27 26
24.28 8
24.29 0
24.3 0
24.31 0
24.32 0
24.33 0
24.34 0
24.35 0
24.36 0
24.37 1
24.38 5
24.39 9
24.4 13
24.41 18
24.42 23
24.43 28
24.44 31
24.45 26
24.46 0
24.47 0
24.48 0
24.49 0
24.5 0
24.51 0
24.52 0
24.53 0
24.54 0
24.55 3
24.56 8
24.57 12
24.58 17
24.59 20
24.6 25
24.61 29
24.62 26
24.63 10
24.64 0
24.65 0
24.66 0
24.67 0
24.68 0
24.69 0
24.7 0
24.71 0
24.72 0
24.73 5
24.74 10
24.75 14
24.76 19
24.77 24
24.78 27
24.79 31
24.8 25
24.81 0
24.82 0
24.83 0
24.84 0
24.85 0
24.86 0
24.87 0
24.88 0
24.89 0
24.9 2
24.91 7
24.92 12
24.93 17
24.94 21
24.95 25
24.96 29
24.97 26
24.98 13
24.99 0
25 0
25.01 0
25.02 0
25.03 0
25.04 0
25.05 0
25.06 0
25.07 0
25.08 4
25.09 8
25.1 14
25.11 18
25.12 22
25.13 27
25.14 31
25.15 26
25.16 3
25.17 0
25.18 0
25.19 0
25.2 0
25.21 0
25.22 0
25.23 0
25.24 0
25.25 2
25.26 7
25.27 11
25.28 16
25.29 21
25.3 25
25.31 29
25.32 26
25.33 19
25.34 0
25.35 0
25.36 0
25.37 0
25.38 0
25.39 0
25.4 0
25.41 0
25.42 0
25.43 5
25.44 10
25.45 14
25.46 18
25.47 22
25.48 26
25.49 31
25.5 26
25.51 0
25.52 0
25.53 0
25.54 0
25.55 0
25.56 0
25.57 0
25.58 0
25.59 0
25.6 2
25.61 7
25.62 12
25.63 16
25.64 21
25.65 25
25.66 28
25.67 25
25.68 15
25.69 0
25.7 0
25.71 0
25.72 0
25.73 0
25.74 0
25.75 0
25.76 0
25.77 0
25.78 4
25.79 8
25.8 13
25.81 18
25.82 22
25.83 27
25.84 31
25.85 25
25.86 4
25.87 0
25.88 0
25.89 0
25.9 0
25.91 0
25.92 0
25.93 0
25.94 0
25.95 1
25.96 6
25.97 10
25.98 16
25.99 20
26 25
26.01 28
26.02 32
26.03 26
26.04 0
26.05 0
26.06 0
26.07 0
26.08 0
26.09 0
26.1 0
26.11 0
26.12 0
26.13 5
26.14 9
26.15 13
26.16 18
26.17 23
26.18 27
26.19 32
26.2 26
26.21 0
26.22 0
26.23 0
26.24 0
26.25 0
26.26 0
26.27 0
26.28 0
26.29 0
26.3 4
26.31 7
26.32 12
26.33 16
26.34 20
26.35 24
26.36 29
26.37 26
26.38 10
26.39 0
26.4 0
26.41 0
26.42 0
26.43 0
26.44 0
26.45 0
26.46 0
26.47 0
26.48 4
26.49 9
26.5 14
26.51 19
26.52 23
26.53 26
26.54 30
26.55 25
26.56 1
26.57 0
26.58 0
26.59 0
26.6 0
26.61 0
26.62 0
26.63 0
26.64 0
26.65 1
26.66 8
26.67 12
26.68 18
26.69 22
26.7 26
26.71 29
26.72 26
26.73 15
26.74 0
26.75 0
26.76 0
26.77 0
26.78 0
26.79 0
26.8 0
26.81 0
26.82 0
26.83 4
26.84 9
26.85 15
26.86 19
26.87 23
26.88 28
26.89 32
26.9 26
26.91 0
26.92 0
26.93 0
26.94 0
26.95 0
26.96 0
26.97 4
26.98 9
26.99 14
27 19
27.01 22
27.02 25
27.03 29
27.04 25
27.05 4
27.06 0
27.07 0
27.08 0
27.09 0
27.1 0
27.11 0
27.12 0
27.13 0
27.14 1
27.15 7
27.16 11
27.17 16
27.18 20
27.19 25
27.2 29
27.21 28
27.22 20
27.23 0
27.24 0
27.25 0
27.26 0
27.27 0
27.28 0
27.29 0
27.3 0
27.31 0
27.32 4
27.33 8
27.34 14
27.35 19
27.36 22
27.37 26
27.38 31
27.39 26
27.4 0
27.41 0
27.42 0
27.43 0
27.44 0
27.45 0
27.46 0
27.47 0
27.48 0
27.49 3
27.5 8
27.51 10
27.52 15
27.53 21
27.54 25
27.55 29
27.56 26
27.57 10
27.58 0
27.59 0
27.6 0
27.61 0
27.62 0
27.63 0
27.64 0
27.65 0
27.66 1
27.67 5
27.68 8
27.69 14
27.7 18
27.71 22
27.72 26
27.73 31
27.74 26
27.75 0
27.76 0
27.77 0
27.78 0
27.79 0
27.8 0
27.81 0
27.82 0
27.83 0
27.84 3
27.85 7
27.86 11
27.87 16
27.88 21
27.89 25
27.9 29
27.91 25
27.92 15
27.93 0
27.94 0
27.95 0
27.96 0
27.97 0
27.98 0
27.99 0
28 0
28.01 1
28.02 7
28.03 0
28.04 0
28.05 0
28.06 0
28.07 0
28.08 0
28.09 0
28.1 0
28.11 0
28.12 0
28.13 0
28.14 0
28.15 0
28.16 0
28.17 0
28.18 0
28.19 0
28.2 0
28.21 0
28.22 0
28.23 0
28.24 0
28.25 0
28.26 0
28.27 0
28.28 0
28.29 0
28.3 0
28.31 0
28.32 0
28.33 0
28.34 0
28.35 0
28.36 0
28.37 0
28.38 0
28.39 0
28.4 0
28.41 0
28.42 0
28.43 0
28.44 0
28.45 0
28.46 0
28.47 0
28.48 0
28.49 0
28.5 0
28.51 0
28.52 0
28.53 0
28.54 0
28.55 0
28.56 0
28.57 0
28.58 0
28.59 0
28.6 0
28.61 0
28.62 0
28.63 0
28.64 0
28.65 0
28.66 0
28.67 0
28.68 0
28.69 0
28.7 0
28.71 0
28.72 0
28.73 0
28.74 0
28.75 0
28.76 0
28.77 0
28.78 0
28.79 0
28.8 0
28.81 0
28.82 0
28.83 0
28.84 0
28.85 0
28.86 0
28.87 0
28.88 0
28.89 0
28.9 0
28.91 0
28.92 0
28.93 0
28.94 0
28.95 0
28.96 0
28.97 0
28.98 0
28.99 0
29 0
29.01 0
29.02 0
29.03 0
29.04 0
29.05 0
29.06 0
29.07 0
29.08 0
29.09 0
29.1 0
29.11 0
29.12 0
29.13 0
29.14 0
29.15 0
29.16 0
29.17 0
29.18 0
29.19 0
29.2 0
29.21 0
29.22 0
29.23 0
29.24 0
29.25 0
29.26 0
29.27 0
29.28 0
29.29 0
29.3 0
29.31 0
29.32 0
29.33 0
29.34 0
29.35 0
29.36 0
29.37 0
29.38 0
29.39 0
29.4 0
29.41 0
29.42 0
29.43 0
29.44 0
29.45 0
29.46 0
29.47 0
29.48 0
29.49 0
29.5 0
29.51 0
29.52 0
29.53 0
29.54 0
29.55 0
29.56 0
29.57 0
29.58 0
29.59 0
29.6 0
29.61 0
29.62 0
29.63 0
29.64 0
29.65 0
29.66 0
29.67 0
29.68 0
29.69 0
29.7 0
29.71 0
29.72 0
29.73 0
29.74 0
29.75 0
29.76 0
29.77 0
29.78 0
29.79 0
29.8 0
29.81 0
29.82 0
29.83 0
29.84 0
29.85 0
29.86 0
29.87 0
29.88 0
29.89 0
29.9 0
29.91 0
29.92 0
29.93 0
29.94 0
29.95 0
29.96 0
29.97 0
29.98 0
29.99 0
30 0
30.01 0
30.02 0
30.03 0
30.04 0
30.05 0
30.06 0
30.07 0
30.08 0
30.09 0
30.1 0
30.11 0
30.12 0
30.13 0
30.14 0
30.15 0
30.16 0
30.17 0
30.18 0
30.19 0
30.2 0
30.21 0
30.22 0
30.23 0
30.24 0
30.25 0
30.26 0
30.27 0
30.28 0
30.29 0
30.3 0
30.31 0
30.32 0
30.33 0
30.34 0
30.35 0
30.36 0
30.37 0
30.38 0
30.39 0
30.4 0
30.41 0
30.42 0
30.43 0
30.44 0
30.45 0
30.46 0
30.47 0
30.48 0
30.49 0
30.5 0
30.51 0
30.52 0
30.53 0
30.54 0
30.55 0
30.56 0
30.57 0
30.58 0
30.59 0
30.6 0
30.61 0
30.62 0
30.63 0
30.64 0
30.65 0
30.66 0
30.67 0
30.68 0
30.69 0
30.7 0
30.71 0
30.72 0
30.73 0
30.74 0
30.75 0
30.76 0
30.77 0
30.78 0
30.79 0
30.8 0
30.81 0
30.82 0
30.83 0
30.84 0
30.85 0
30.86 0
30.87 0
30.88 0
30.89 0
30.9 0
30.91 0
30.92 0
30.93 0
30.94 0
30.95 0
30.96 0
30.97 0
30.98 0
30.99 0
31 0
31.01 0
31.02 0
31.03 0
31.04 0
31.05 0
31.06 0
31.07 0
31.08 0
31.09 0
31.1 0
31.11 0
31.12 0
31.13 0
31.14 0
31.15 0
31.16 0
31.17 0
31.18 0
31.19 0
31.2 0
31.21 0
31.22 0
31.23 0
31.24 0
31.25 0
31.26 0
31.27 0
31.28 0
31.29 0
31.3 0
31.31 0
31.32 0
31.33 0
31.34 0
31.35 0
31.36 0
31.37 0
31.38 0
31.39 0
31.4 0
31.41 0
31.42 0
31.43 0
31.44 0
31.45 0
31.46 0
31.47 0
31.48 0
31.49 0
31.5 0
31.51 0
31.52 0
31.53 0
31.54 0
31.55 0
31.56 0
31.57 0
31.58 0
31.59 0
31.6 0
31.61 0
31.62 0
31.63 0
31.64 0
31.65 0
31.66 0
31.67 0
31.68 0
31.69 0
31.7 0
31.71 0
31.72 0
31.73 0
31.74 0
31.75 0
31.76 0
31.77 0
31.78 0
31.79 0
31.8 0
31.81 0
31.82 0
31.83 0
31.84 0
31.85 0
31.86 0
31.87 0
31.88 0
31.89 0
31.9 0
31.91 0
31.92 0
31.93 0
31.94 0
31.95 0
31.96 0
31.97 0
31.98 0
31.99 0
32 0
32.01 0
32.02 0
32.03 0
32.04 0
32.05 0
32.06 0
32.07 0
32.08 0
32.09 0
32.1 0
32.11 0
32.12 0
32.13 0
32.14 0
32.15 0
32.16 0
32.17 0
32.18 0
32.19 0
32.2 0
32.21 0
32.22 0
32.23 0
32.24 0
32.25 0
32.26 0
32.27 0
32.28 0
32.29 0
32.3 0
32.31 0
32.32 0
32.33 0
32.34 0
32.35 0
32.36 0
32.37 0
32.38 0
32.39 0
32.4 0
32.41 0
32.42 0
32.43 0
32.44 0
32.45 0
32.46 0
32.47 0
32.48 0
32.49 0
32.5 0
32.51 0
32.52 0
32.53 0
32.54 0
32.55 0
32.56 0
32.57 0
32.58 0
32.59 0
32.6 0
32.61 0
32.62 0
32.63 0
32.64 0
32.65 0
32.66 0
32.67 0
32.68 0
32.69 0
32.7 0
32.71 0
32.72 0
32.73 0
32.74 0
32.75 0
32.76 0
32.77 0
32.78 0
32.79 0
32.8 0
32.81 0
32.82 0
32.83 0
32.84 0
32.85 0
32.86 0
32.87 0
32.88 0
32.89 0
32.9 0
32.91 0
32.92 0
32.93 0
32.94 0
32.95 0
32.96 0
32.97 0
32.98 0
32.99 0
