0 0
0.01 0
0.02 0
0.03 0
0.04 0
0.05 0
0.06 0
0.07 0
0.08 0
0.09 0
0.1 0
0.11 0
0.12 0
0.13 0
0.14 0
0.15 0
0.16 0
0.17 0
0.18 0
0.19 0
0.2 0
0.21 83
0.22 18
0.23 17
0.24 18
0.25 13
0.26 0
0.27 0
0.28 0
0.29 0
0.3 0
0.31 0
0.32 0
0.33 0
0.34 0
0.35 0
0.36 0
0.37 0
0.38 0
0.39 0
0.4 0
0.41 0
0.42 0
0.43 2
0.44 6
0.45 7
0.46 11
0.47 16
0.48 18
0.49 19
0.5 23
0.51 28
0.52 30
0.53 28
0.54 18
0.55 17
0.56 17
0.57 17
0.58 15
0.59 0
0.6 0
0.61 0
0.62 0
0.63 0
0.64 0
0.65 0
0.66 0
0.67 0
0.68 0
0.69 0
0.7 0
0.71 0
0.72 0
0.73 0
0.74 2
0.75 4
0.76 8
0.77 11
0.78 13
0.79 14
0.8 17
0.81 21
0.82 24
0.83 26
0.84 29
0.85 26
0.86 17
0.87 17
0.88 17
0.89 17
0.9 13
0.91 0
0.92 0
0.93 0
0.94 0
0.95 0
0.96 0
0.97 0
0.98 0
0.99 0
1 0
1.01 0
1.02 0
1.03 0
1.04 0
1.05 0
1.06 0
1.07 0
1.08 0
1.09 0
1.1 1
1.11 4
1.12 7
1.13 10
1.14 13
1.15 16
1.16 17
1.17 19
1.18 24
1.19 26
1.2 27
1.21 30
1.22 17
1.23 17
1.24 17
1.25 17
1.26 14
1.27 2
1.28 0
1.29 0
1.3 0
1.31 0
1.32 0
1.33 0
1.34 0
1.35 0
1.36 0
1.37 0
1.38 0
1.39 0
1.4 0
1.41 0
1.42 0
1.43 3
1.44 5
1.45 9
1.46 12
1.47 13
1.48 16
1.49 17
1.5 20
1.51 23
1.52 25
1.53 27
1.54 30
1.55 17
1.56 17
1.57 17
1.58 17
1.59 13
1.6 0
1.61 0
1.62 0
1.63 0
1.64 0
1.65 0
1.66 0
1.67 0
1.68 0
1.69 0
1.7 0
1.71 0
1.72 0
1.73 0
1.74 0
1.75 0
1.76 2
1.77 5
1.78 8
1.79 10
1.8 13
1.81 16
1.82 18
1.83 20
1.84 23
1.85 26
1.86 28
1.87 24
1.88 17
1.89 17
1.9 17
1.91 15
1.92 3
1.93 0
1.94 0
1.95 0
1.96 0
1.97 0
1.98 0
1.99 0
2 0
2.01 0
2.02 0
2.03 0
2.04 0
2.05 0
2.06 0
2.07 3
2.08 7
2.09 10
2.1 13
2.11 17
2.12 20
2.13 23
2.14 26
2.15 28
2.16 32
2.17 18
2.18 18
2.19 18
2.2 19
2.21 8
2.22 9
2.23 11
2.24 2
2.25 0
2.26 0
2.27 0
2.28 0
2.29 0
2.3 0
2.31 0
2.32 0
2.33 0
2.34 0
2.35 0
2.36 0
2.37 2
2.38 6
2.39 11
2.4 13
2.41 16
2.42 20
2.43 22
2.44 25
2.45 28
2.46 32
2.47 18
2.48 18
2.49 18
2.5 19
2.51 11
2.52 10
2.53 0
2.54 0
2.55 0
2.56 0
2.57 0
2.58 0
2.59 0
2.6 0
2.61 0
2.62 0
2.63 0
2.64 0
2.65 0
2.66 0
2.67 0
2.68 0
2.69 1
2.7 6
2.71 8
2.72 11
2.73 14
2.74 19
2.75 21
2.76 24
2.77 28
2.78 32
2.79 26
2.8 19
2.81 18
2.82 18
2.83 18
2.84 6
2.85 8
2.86 0
2.87 0
2.88 0
2.89 0
2.9 0
2.91 0
2.92 0
2.93 0
2.94 0
2.95 0
2.96 0
2.97 0
2.98 0
2.99 0
3 0
3.01 0
3.02 2
3.03 6
3.04 10
3.05 13
3.06 16
3.07 20
3.08 23
3.09 26
3.1 29
3.11 32
3.12 18
3.13 18
3.14 18
3.15 18
3.16 8
3.17 9
3.18 0
3.19 0
3.2 0
3.21 0
3.22 0
3.23 0
3.24 0
3.25 0
3.26 0
3.27 0
3.28 0
3.29 0
3.3 0
3.31 0
3.32 0
3.33 0
3.34 0
3.35 4
3.36 7
3.37 9
3.38 14
3.39 17
3.4 20
3.41 23
3.42 26
3.43 29
3.44 31
3.45 17
3.46 17
3.47 17
3.48 17
3.49 12
3.5 5
3.51 0
3.52 0
3.53 0
3.54 0
3.55 0
3.56 0
3.57 0
3.58 0
3.59 0
3.6 0
3.61 0
3.62 0
3.63 0
3.64 0
3.65 0
3.66 0
3.67 1
3.68 4
3.69 7
3.7 10
3.71 12
3.72 16
3.73 18
3.74 21
3.75 24
3.76 26
3.77 29
3.78 30
3.79 17
3.8 17
3.81 17
3.82 17
3.83 9
3.84 6
3.85 0
3.86 0
3.87 0
3.88 0
3.89 0
3.9 0
3.91 0
3.92 0
3.93 0
3.94 0
3.95 0
3.96 0
3.97 0
3.98 0
3.99 0
4 0
4.01 0
4.02 0
4.03 0
4.04 3
4.05 6
4.06 8
4.07 12
4.08 15
4.09 17
4.1 19
4.11 24
4.12 27
4.13 28
4.14 29
4.15 18
4.16 18
4.17 18
4.18 18
4.19 9
4.2 2
4.21 0
4.22 0
4.23 0
4.24 0
4.25 0
4.26 0
4.27 0
4.28 0
4.29 0
4.3 0
4.31 0
4.32 0
4.33 0
4.34 0
4.35 0
4.36 0
4.37 0
4.38 0
4.39 3
4.4 6
4.41 9
4.42 12
4.43 15
4.44 18
4.45 21
4.46 24
4.47 27
4.48 29
4.49 31
4.5 18
4.51 18
4.52 18
4.53 18
4.54 11
4.55 0
4.56 0
4.57 0
4.58 0
4.59 0
4.6 0
4.61 0
4.62 0
4.63 0
4.64 0
4.65 0
4.66 0
4.67 0
4.68 0
4.69 0
4.7 0
4.71 0
4.72 0
4.73 0
4.74 0
4.75 0
4.76 3
4.77 6
4.78 9
4.79 11
4.8 15
4.81 17
4.82 20
4.83 23
4.84 26
4.85 29
4.86 31
4.87 18
4.88 18
4.89 18
4.9 18
4.91 11
4.92 9
4.93 1
4.94 0
4.95 0
4.96 0
4.97 0
4.98 0
4.99 0
5 0
5.01 0
5.02 0
5.03 0
5.04 0
5.05 0
5.06 0
5.07 0
5.08 0
5.09 2
5.1 5
5.11 6
5.12 10
5.13 13
5.14 15
5.15 18
5.16 21
5.17 23
5.18 26
5.19 29
5.2 17
5.21 17
5.22 17
5.23 17
5.24 12
5.25 13
5.26 9
5.27 3
5.28 0
5.29 0
5.3 0
5.31 0
5.32 0
5.33 0
5.34 0
5.35 0
5.36 0
5.37 0
5.38 0
5.39 0
5.4 0
5.41 0
5.42 3
5.43 6
5.44 8
5.45 12
5.46 14
5.47 17
5.48 18
5.49 22
5.5 25
5.51 27
5.52 30
5.53 17
5.54 17
5.55 17
5.56 17
5.57 7
5.58 9
5.59 4
5.6 0
5.61 0
5.62 0
5.63 0
5.64 0
5.65 0
5.66 0
5.67 0
5.68 0
5.69 0
5.7 0
5.71 0
5.72 0
5.73 0
5.74 0
5.75 0
5.76 0
5.77 0
5.78 0
5.79 1
5.8 3
5.81 8
5.82 10
5.83 12
5.84 14
5.85 17
5.86 20
5.87 24
5.88 27
5.89 30
5.9 32
5.91 18
5.92 18
5.93 18
5.94 18
5.95 10
5.96 3
5.97 0
5.98 0
5.99 0
6 0
6.01 0
6.02 0
6.03 0
6.04 0
6.05 0
6.06 0
6.07 0
6.08 0
6.09 0
6.1 0
6.11 0
6.12 0
6.13 1
6.14 4
6.15 7
6.16 10
6.17 13
6.18 16
6.19 18
6.2 20
6.21 23
6.22 26
6.23 29
6.24 29
6.25 17
6.26 17
6.27 17
6.28 17
6.29 8
6.3 0
6.31 0
6.32 0
6.33 0
6.34 0
6.35 0
6.36 0
6.37 0
6.38 0
6.39 0
6.4 0
6.41 0
6.42 0
6.43 0
6.44 0
6.45 0
6.46 0
6.47 0
6.48 3
6.49 6
6.5 7
6.51 10
6.52 13
6.53 17
6.54 20
6.55 22
6.56 25
6.57 28
6.58 31
6.59 17
6.6 17
6.61 17
6.62 17
6.63 13
6.64 8
6.65 4
6.66 0
6.67 0
6.68 0
6.69 0
6.7 0
6.71 0
6.72 0
6.73 0
6.74 0
6.75 0
6.76 0
6.77 0
6.78 0
6.79 0
6.8 0
6.81 0
6.82 0
6.83 0
6.84 3
6.85 7
6.86 10
6.87 13
6.88 15
6.89 18
6.9 20
6.91 25
6.92 27
6.93 30
6.94 24
6.95 17
6.96 17
6.97 17
6.98 15
6.99 9
7 1
7.01 0
7.02 0
7.03 0
7.04 0
7.05 0
7.06 0
7.07 0
7.08 0
7.09 0
7.1 0
7.11 0
7.12 0
7.13 0
7.14 0
7.15 0
7.16 1
7.17 4
7.18 7
7.19 10
7.2 13
7.21 16
7.22 19
7.23 23
7.24 24
7.25 26
7.26 30
7.27 17
7.28 17
7.29 17
7.3 18
7.31 8
7.32 0
7.33 0
7.34 0
7.35 0
7.36 0
7.37 0
7.38 0
7.39 0
7.4 0
7.41 0
7.42 0
7.43 0
7.44 0
7.45 0
7.46 0
7.47 0
7.48 0
7.49 0
7.5 0
7.51 0
7.52 0
7.53 3
7.54 5
7.55 9
7.56 12
7.57 15
7.58 19
7.59 21
7.6 24
7.61 26
7.62 29
7.63 31
7.64 17
7.65 17
7.66 17
7.67 17
7.68 8
7.69 3
7.7 0
7.71 0
7.72 0
7.73 0
7.74 0
7.75 0
7.76 0
7.77 0
7.78 0
7.79 0
7.8 0
7.81 0
7.82 0
7.83 0
7.84 0
7.85 0
7.86 0
7.87 0
7.88 2
7.89 5
7.9 8
7.91 11
7.92 14
7.93 16
7.94 19
7.95 23
7.96 25
7.97 28
7.98 30
7.99 18
8 19
8.01 18
8.02 18
8.03 6
8.04 0
8.05 0
8.06 0
8.07 0
8.08 0
8.09 0
8.1 0
8.11 0
8.12 0
8.13 0
8.14 0
8.15 0
8.16 0
8.17 0
8.18 0
8.19 0
8.2 0
8.21 1
8.22 4
8.23 8
8.24 11
8.25 14
8.26 17
8.27 20
8.28 24
8.29 27
8.3 30
8.31 33
8.32 18
8.33 18
8.34 18
8.35 18
8.36 7
8.37 0
8.38 0
8.39 0
8.4 0
8.41 0
8.42 0
8.43 0
8.44 0
8.45 0
8.46 0
8.47 0
8.48 0
8.49 0
8.5 0
8.51 0
8.52 0
8.53 0
8.54 3
8.55 7
8.56 11
8.57 14
8.58 17
8.59 20
8.6 23
8.61 26
8.62 28
8.63 33
8.64 18
8.65 18
8.66 18
8.67 18
8.68 11
8.69 4
8.7 0
8.71 0
8.72 0
8.73 0
8.74 0
8.75 0
8.76 0
8.77 0
8.78 0
8.79 0
8.8 0
8.81 0
8.82 0
8.83 0
8.84 1
8.85 6
8.86 9
8.87 12
8.88 15
8.89 18
8.9 21
8.91 24
8.92 26
8.93 28
8.94 31
8.95 18
8.96 18
8.97 18
8.98 18
8.99 18
9 16
9.01 11
9.02 0
9.03 0
9.04 0
9.05 0
9.06 0
9.07 0
9.08 0
9.09 0
9.1 0
9.11 0
9.12 0
9.13 0
9.14 0
9.15 0
9.16 0
9.17 0
9.18 1
9.19 4
9.2 7
9.21 10
9.22 13
9.23 16
9.24 19
9.25 22
9.26 25
9.27 27
9.28 29
9.29 17
9.3 17
9.31 17
9.32 17
9.33 11
9.34 5
9.35 0
9.36 0
9.37 0
9.38 0
9.39 0
9.4 0
9.41 0
9.42 0
9.43 0
9.44 0
9.45 0
9.46 0
9.47 0
9.48 0
9.49 0
9.5 0
9.51 0
9.52 0
9.53 2
9.54 5
9.55 9
9.56 12
9.57 14
9.58 17
9.59 21
9.6 24
9.61 26
9.62 30
9.63 31
9.64 17
9.65 17
9.66 17
9.67 17
9.68 13
9.69 3
9.7 1
9.71 0
9.72 0
9.73 0
9.74 0
9.75 0
9.76 0
9.77 0
9.78 0
9.79 0
9.8 0
9.81 0
9.82 0
9.83 0
9.84 0
9.85 0
9.86 0
9.87 3
9.88 7
9.89 8
9.9 11
9.91 16
9.92 17
9.93 21
9.94 22
9.95 24
9.96 27
9.97 29
9.98 18
9.99 17
10 17
10.01 17
10.02 16
10.03 7
10.04 3
10.05 0
10.06 0
10.07 0
10.08 0
10.09 0
10.1 0
10.11 0
10.12 0
10.13 0
10.14 0
10.15 0
10.16 0
10.17 0
10.18 0
10.19 0
10.2 0
10.21 0
10.22 0
10.23 0
10.24 0
10.25 0
10.26 4
10.27 6
10.28 10
10.29 13
10.3 15
10.31 19
10.32 20
10.33 23
10.34 24
10.35 28
10.36 30
10.37 18
10.38 18
10.39 18
10.4 18
10.41 9
10.42 4
10.43 0
10.44 0
10.45 0
10.46 0
10.47 0
10.48 0
10.49 0
10.5 0
10.51 0
10.52 0
10.53 0
10.54 0
10.55 0
10.56 0
10.57 0
10.58 0
10.59 3
10.6 6
10.61 9
10.62 12
10.63 15
10.64 17
10.65 20
10.66 22
10.67 24
10.68 26
10.69 30
10.7 17
10.71 17
10.72 17
10.73 17
10.74 8
10.75 5
10.76 0
10.77 0
10.78 0
10.79 0
10.8 0
10.81 0
10.82 0
10.83 0
10.84 0
10.85 0
10.86 0
10.87 0
10.88 0
10.89 0
10.9 0
10.91 0
10.92 0
10.93 0
10.94 4
10.95 5
10.96 9
10.97 11
10.98 14
10.99 16
11 20
11.01 23
11.02 26
11.03 27
11.04 30
11.05 19
11.06 18
11.07 18
11.08 18
11.09 13
11.1 11
11.11 0
11.12 0
11.13 0
11.14 0
11.15 0
11.16 0
11.17 0
11.18 0
11.19 0
11.2 0
11.21 0
11.22 0
11.23 0
11.24 0
11.25 0
11.26 0
11.27 0
11.28 0
11.29 0
11.3 0
11.31 0
11.32 2
11.33 5
11.34 8
11.35 12
11.36 13
11.37 16
11.38 18
11.39 20
11.4 23
11.41 25
11.42 27
11.43 29
11.44 17
11.45 17
11.46 17
11.47 18
11.48 13
11.49 0
11.5 0
11.51 0
11.52 0
11.53 0
11.54 0
11.55 0
11.56 0
11.57 0
11.58 0
11.59 0
11.6 0
11.61 0
11.62 0
11.63 0
11.64 0
11.65 0
11.66 3
11.67 5
11.68 9
11.69 12
11.7 15
11.71 17
11.72 20
11.73 22
11.74 26
11.75 29
11.76 30
11.77 18
11.78 18
11.79 18
11.8 18
11.81 15
11.82 6
11.83 3
11.84 0
11.85 0
11.86 0
11.87 0
11.88 0
11.89 0
11.9 0
11.91 0
11.92 0
11.93 0
11.94 0
11.95 0
11.96 0
11.97 0
11.98 0
11.99 0
12 0
12.01 0
12.02 0
12.03 4
12.04 6
12.05 8
12.06 11
12.07 12
12.08 15
12.09 19
12.1 22
12.11 23
12.12 24
12.13 27
12.14 29
12.15 17
12.16 18
12.17 17
12.18 17
12.19 12
12.2 0
12.21 0
12.22 0
12.23 0
12.24 0
12.25 0
12.26 0
12.27 0
12.28 0
12.29 0
12.3 0
12.31 0
12.32 0
12.33 0
12.34 0
12.35 0
12.36 0
12.37 0
12.38 0
12.39 0
12.4 0
12.41 2
12.42 5
12.43 8
12.44 12
12.45 14
12.46 15
12.47 18
12.48 21
12.49 23
12.5 25
12.51 27
12.52 30
12.53 18
12.54 18
12.55 18
12.56 18
12.57 7
12.58 0
12.59 0
12.6 0
12.61 0
12.62 0
12.63 0
12.64 0
12.65 0
12.66 0
12.67 0
12.68 0
12.69 0
12.7 0
12.71 0
12.72 0
12.73 0
12.74 0
12.75 0
12.76 0
12.77 1
12.78 4
12.79 8
12.8 10
12.81 13
12.82 16
12.83 17
12.84 19
12.85 21
12.86 23
12.87 25
12.88 28
12.89 22
12.9 17
12.91 17
12.92 17
12.93 16
12.94 8
12.95 0
12.96 0
12.97 0
12.98 0
12.99 0
13 0
13.01 0
13.02 0
13.03 0
13.04 0
13.05 0
13.06 0
13.07 0
13.08 0
13.09 0
13.1 0
13.11 0
13.12 0
13.13 0
13.14 0
13.15 1
13.16 2
13.17 7
13.18 9
13.19 12
13.2 14
13.21 17
13.22 22
13.23 23
13.24 27
13.25 30
13.26 35
13.27 18
13.28 19
13.29 18
13.3 18
13.31 6
13.32 0
13.33 0
13.34 0
13.35 0
13.36 0
13.37 0
13.38 0
13.39 0
13.4 0
13.41 0
13.42 0
13.43 0
13.44 0
13.45 0
13.46 0
13.47 0
13.48 0
13.49 0
13.5 4
13.51 7
13.52 10
13.53 14
13.54 17
13.55 20
13.56 25
13.57 27
13.58 29
13.59 32
13.6 17
13.61 17
13.62 17
13.63 17
13.64 8
13.65 12
13.66 9
13.67 1
13.68 0
13.69 0
13.7 0
13.71 0
13.72 0
13.73 0
13.74 0
13.75 0
13.76 0
13.77 0
13.78 0
13.79 0
13.8 0
13.81 0
13.82 0
13.83 0
13.84 0
13.85 4
13.86 6
13.87 9
13.88 13
13.89 16
13.9 20
13.91 22
13.92 26
13.93 29
13.94 32
13.95 17
13.96 18
13.97 17
13.98 17
13.99 11
14 5
14.01 4
14.02 0
14.03 0
14.04 0
14.05 0
14.06 0
14.07 0
14.08 0
14.09 0
14.1 0
14.11 0
14.12 0
14.13 0
14.14 0
14.15 0
14.16 0
14.17 0
14.18 1
14.19 5
14.2 8
14.21 11
14.22 15
14.23 18
14.24 21
14.25 23
14.26 27
14.27 30
14.28 32
14.29 18
14.3 18
14.31 18
14.32 18
14.33 17
14.34 17
14.35 12
14.36 0
14.37 0
14.38 0
14.39 0
14.4 0
14.41 0
14.42 0
14.43 0
14.44 0
14.45 0
14.46 0
14.47 0
14.48 0
14.49 0
14.5 0
14.51 0
14.52 0
14.53 0
14.54 0
14.55 0
14.56 1
14.57 4
14.58 7
14.59 11
14.6 14
14.61 15
14.62 19
14.63 22
14.64 26
14.65 28
14.66 31
14.67 18
14.68 18
14.69 18
14.7 18
14.71 17
14.72 3
14.73 0
14.74 0
14.75 0
14.76 0
14.77 0
14.78 0
14.79 0
14.8 0
14.81 0
14.82 0
14.83 0
14.84 0
14.85 0
14.86 0
14.87 0
14.88 2
14.89 4
14.9 7
14.91 10
14.92 14
14.93 16
14.94 17
14.95 22
14.96 25
14.97 29
14.98 30
14.99 27
15 18
15.01 18
15.02 19
15.03 18
15.04 13
15.05 5
15.06 0
15.07 0
15.08 0
15.09 0
15.1 0
15.11 0
15.12 0
15.13 0
15.14 0
15.15 0
15.16 0
15.17 0
15.18 0
15.19 0
15.2 1
15.21 4
15.22 7
15.23 9
15.24 11
15.25 16
15.26 18
15.27 20
15.28 22
15.29 26
15.3 28
15.31 30
15.32 17
15.33 17
15.34 17
15.35 17
15.36 17
15.37 12
15.38 9
15.39 0
15.4 0
15.41 0
15.42 0
15.43 0
15.44 0
15.45 0
15.46 0
15.47 0
15.48 0
15.49 0
15.5 0
15.51 0
15.52 0
15.53 0
15.54 0
15.55 0
15.56 0
15.57 0
15.58 0
15.59 1
15.6 3
15.61 6
15.62 8
15.63 10
15.64 13
15.65 16
15.66 18
15.67 21
15.68 23
15.69 24
15.7 27
15.71 30
15.72 17
15.73 17
15.74 17
15.75 18
15.76 9
15.77 8
15.78 4
15.79 0
15.8 0
15.81 0
15.82 0
15.83 0
15.84 0
15.85 0
15.86 0
15.87 0
15.88 0
15.89 0
15.9 0
15.91 0
15.92 0
15.93 0
15.94 0
15.95 0
15.96 0
15.97 0
15.98 0
15.99 2
16 8
16.01 10
16.02 12
16.03 16
16.04 19
16.05 21
16.06 23
16.07 28
16.08 30
16.09 26
16.1 18
16.11 18
16.12 18
16.13 18
16.14 13
16.15 5
16.16 2
16.17 0
16.18 0
16.19 0
16.2 0
16.21 0
16.22 0
16.23 0
16.24 0
16.25 0
16.26 0
16.27 0
16.28 0
16.29 0
16.3 0
16.31 0
16.32 2
16.33 4
16.34 7
16.35 10
16.36 13
16.37 15
16.38 16
16.39 20
16.4 22
16.41 25
16.42 27
16.43 30
16.44 17
16.45 17
16.46 17
16.47 17
16.48 2
16.49 0
16.5 0
16.51 0
16.52 0
16.53 0
16.54 0
16.55 0
16.56 0
16.57 0
16.58 0
16.59 0
16.6 0
16.61 0
16.62 0
16.63 0
16.64 0
16.65 0
16.66 0
16.67 3
16.68 4
16.69 7
16.7 11
16.71 14
16.72 16
16.73 20
16.74 22
16.75 25
16.76 28
16.77 31
16.78 17
16.79 17
16.8 17
16.81 17
16.82 16
16.83 5
16.84 7
16.85 4
16.86 0
16.87 0
16.88 0
16.89 0
16.9 0
16.91 0
16.92 0
16.93 0
16.94 0
16.95 0
16.96 0
16.97 3
16.98 6
16.99 10
17 11
17.01 13
17.02 17
17.03 19
17.04 22
17.05 25
17.06 28
17.07 28
17.08 17
17.09 17
17.1 17
17.11 17
17.12 9
17.13 5
17.14 4
17.15 0
17.16 0
17.17 0
17.18 0
17.19 0
17.2 0
17.21 0
17.22 0
17.23 0
17.24 0
17.25 0
17.26 0
17.27 0
17.28 0
17.29 0
17.3 0
17.31 0
17.32 2
17.33 5
17.34 8
17.35 10
17.36 13
17.37 16
17.38 19
17.39 22
17.4 23
17.41 28
17.42 30
17.43 24
17.44 18
17.45 18
17.46 18
17.47 16
17.48 16
17.49 0
17.5 0
17.51 0
17.52 0
17.53 0
17.54 0
17.55 0
17.56 0
17.57 0
17.58 0
17.59 0
17.6 0
17.61 0
17.62 0
17.63 0
17.64 0
17.65 0
17.66 2
17.67 5
17.68 8
17.69 11
17.7 15
17.71 18
17.72 21
17.73 25
17.74 27
17.75 29
17.76 24
17.77 18
17.78 17
17.79 17
17.8 17
17.81 11
17.82 1
17.83 0
17.84 0
17.85 0
17.86 0
17.87 0
17.88 0
17.89 0
17.9 0
17.91 0
17.92 0
17.93 0
17.94 0
17.95 0
17.96 0
17.97 0
17.98 0
17.99 0
18 1
18.01 3
18.02 6
18.03 9
18.04 13
18.05 15
18.06 19
18.07 22
18.08 25
18.09 27
18.1 30
18.11 23
18.12 18
18.13 18
18.14 18
18.15 15
18.16 0
18.17 0
18.18 0
18.19 0
18.2 0
18.21 0
18.22 0
18.23 0
18.24 0
18.25 0
18.26 0
18.27 0
18.28 0
18.29 0
18.3 0
18.31 0
18.32 2
18.33 5
18.34 8
18.35 11
18.36 14
18.37 17
18.38 19
18.39 22
18.4 23
18.41 27
18.42 29
18.43 17
18.44 17
18.45 17
18.46 17
18.47 10
18.48 11
18.49 5
18.5 0
18.51 0
18.52 0
18.53 0
18.54 0
18.55 0
18.56 0
18.57 0
18.58 0
18.59 0
18.6 0
18.61 0
18.62 0
18.63 0
18.64 0
18.65 0
18.66 3
18.67 5
18.68 8
18.69 11
18.7 15
18.71 17
18.72 20
18.73 24
18.74 27
18.75 29
18.76 31
18.77 18
18.78 18
18.79 18
18.8 19
18.81 7
18.82 0
18.83 0
18.84 0
18.85 0
18.86 0
18.87 0
18.88 0
18.89 0
18.9 0
18.91 0
18.92 0
18.93 0
18.94 0
18.95 0
18.96 0
18.97 0
18.98 0
18.99 0
19 3
19.01 7
19.02 9
19.03 14
19.04 17
19.05 20
19.06 24
19.07 27
19.08 30
19.09 33
19.1 18
19.11 18
19.12 18
19.13 18
19.14 10
19.15 8
19.16 0
19.17 0
19.18 0
19.19 0
19.2 0
19.21 0
19.22 0
19.23 0
19.24 0
19.25 0
19.26 0
19.27 0
19.28 0
19.29 0
19.3 0
19.31 2
19.32 4
19.33 7
19.34 11
19.35 14
19.36 17
19.37 20
19.38 23
19.39 26
19.4 28
19.41 30
19.42 17
19.43 17
19.44 17
19.45 18
19.46 8
19.47 0
19.48 0
19.49 0
19.5 0
19.51 0
19.52 0
19.53 0
19.54 0
19.55 0
19.56 0
19.57 0
19.58 0
19.59 0
19.6 0
19.61 0
19.62 0
19.63 0
19.64 0
19.65 0
19.66 0
19.67 2
19.68 5
19.69 8
19.7 12
19.71 14
19.72 17
19.73 20
19.74 22
19.75 25
19.76 27
19.77 31
19.78 18
19.79 18
19.8 18
19.81 18
19.82 15
19.83 9
19.84 4
19.85 0
19.86 0
19.87 0
19.88 0
19.89 0
19.9 0
19.91 0
19.92 0
19.93 0
19.94 0
19.95 0
19.96 0
19.97 0
19.98 0
19.99 0
20 0
20.01 0
20.02 0
20.03 1
20.04 4
20.05 6
20.06 9
20.07 11
20.08 14
20.09 17
20.1 21
20.11 23
20.12 24
20.13 27
20.14 30
20.15 18
20.16 18
20.17 18
20.18 18
20.19 11
20.2 9
20.21 8
20.22 0
20.23 0
20.24 0
20.25 0
20.26 0
20.27 0
20.28 0
20.29 0
20.3 0
20.31 0
20.32 0
20.33 0
20.34 0
20.35 0
20.36 0
20.37 0
20.38 0
20.39 0
20.4 0
20.41 0
20.42 0
20.43 0
20.44 2
20.45 5
20.46 8
20.47 10
20.48 12
20.49 14
20.5 17
20.51 20
20.52 23
20.53 26
20.54 28
20.55 31
20.56 18
20.57 18
20.58 18
20.59 18
20.6 9
20.61 1
20.62 0
20.63 0
20.64 0
20.65 0
20.66 0
20.67 0
20.68 0
20.69 0
20.7 0
20.71 0
20.72 0
20.73 0
20.74 0
20.75 0
20.76 0
20.77 0
20.78 0
20.79 1
20.8 3
20.81 7
20.82 9
20.83 12
20.84 14
20.85 17
20.86 22
20.87 23
20.88 26
20.89 28
20.9 30
20.91 17
20.92 17
20.93 17
20.94 17
20.95 10
20.96 4
20.97 4
20.98 0
20.99 0
21 0
21.01 0
21.02 0
21.03 0
21.04 0
21.05 0
21.06 0
21.07 0
21.08 0
21.09 0
21.1 0
21.11 0
21.12 0
21.13 0
21.14 0
21.15 2
21.16 7
21.17 9
21.18 12
21.19 15
21.2 18
21.21 20
21.22 25
21.23 28
21.24 31
21.25 26
21.26 18
21.27 18
21.28 18
21.29 18
21.3 13
21.31 8
21.32 2
21.33 0
21.34 0
21.35 0
21.36 0
21.37 0
21.38 0
21.39 0
21.4 0
21.41 0
21.42 0
21.43 0
21.44 0
21.45 0
21.46 0
21.47 0
21.48 0
21.49 0
21.5 2
21.51 5
21.52 8
21.53 11
21.54 13
21.55 17
21.56 20
21.57 22
21.58 24
21.59 28
21.6 29
21.61 17
21.62 17
21.63 17
21.64 17
21.65 17
21.66 8
21.67 1
21.68 0
21.69 0
21.7 0
21.71 0
21.72 0
21.73 0
21.74 0
21.75 0
21.76 0
21.77 0
21.78 0
21.79 0
21.8 0
21.81 0
21.82 0
21.83 0
21.84 0
21.85 0
21.86 3
21.87 5
21.88 8
21.89 11
21.9 14
21.91 17
21.92 20
21.93 21
21.94 24
21.95 27
21.96 28
21.97 29
21.98 18
21.99 18
22 18
22.01 18
22.02 3
22.03 0
22.04 0
22.05 0
22.06 0
22.07 0
22.08 0
22.09 0
22.1 0
22.11 0
22.12 0
22.13 0
22.14 0
22.15 0
22.16 0
22.17 0
22.18 0
22.19 0
22.2 0
22.21 3
22.22 6
22.23 9
22.24 12
22.25 14
22.26 17
22.27 19
22.28 22
22.29 25
22.3 27
22.31 29
22.32 21
22.33 18
22.34 18
22.35 18
22.36 18
22.37 2
22.38 0
22.39 0
22.4 0
22.41 0
22.42 0
22.43 0
22.44 0
22.45 0
22.46 0
22.47 0
22.48 0
22.49 0
22.5 0
22.51 0
22.52 0
22.53 0
22.54 0
22.55 0
22.56 3
22.57 6
22.58 8
22.59 12
22.6 14
22.61 17
22.62 20
22.63 23
22.64 26
22.65 28
22.66 32
22.67 18
22.68 18
22.69 18
22.7 18
22.71 16
22.72 9
22.73 6
22.74 1
22.75 0
22.76 0
22.77 0
22.78 0
22.79 0
22.8 0
22.81 0
22.82 0
22.83 0
22.84 0
22.85 0
22.86 0
22.87 0
22.88 0
22.89 1
22.9 4
22.91 7
22.92 11
22.93 14
22.94 17
22.95 20
22.96 23
22.97 26
22.98 29
22.99 33
23 18
23.01 18
23.02 18
23.03 18
23.04 10
23.05 0
23.06 0
23.07 0
23.08 0
23.09 0
23.1 0
23.11 0
23.12 0
23.13 0
23.14 0
23.15 0
23.16 0
23.17 0
23.18 0
23.19 4
23.2 8
23.21 10
23.22 15
23.23 18
23.24 21
23.25 24
23.26 27
23.27 31
23.28 33
23.29 19
23.3 18
23.31 18
23.32 18
23.33 18
23.34 16
23.35 15
23.36 5
23.37 0
23.38 0
23.39 0
23.4 0
23.41 0
23.42 0
23.43 0
23.44 0
23.45 0
23.46 0
23.47 0
23.48 0
23.49 0
23.5 0
23.51 0
23.52 0
23.53 0
23.54 0
23.55 1
23.56 4
23.57 7
23.58 10
23.59 14
23.6 18
23.61 21
23.62 24
23.63 28
23.64 31
23.65 33
23.66 18
23.67 18
23.68 19
23.69 18
23.7 9
23.71 7
23.72 0
23.73 0
23.74 0
23.75 0
23.76 0
23.77 0
23.78 0
23.79 0
23.8 0
23.81 0
23.82 0
23.83 0
23.84 0
23.85 0
23.86 0
23.87 1
23.88 4
23.89 9
23.9 12
23.91 15
23.92 18
23.93 21
23.94 24
23.95 28
23.96 31
23.97 34
23.98 18
23.99 18
24 18
24.01 18
24.02 15
24.03 9
24.04 9
24.05 0
24.06 0
24.07 0
24.08 0
24.09 0
24.1 0
24.11 0
24.12 0
24.13 0
24.14 0
24.15 0
24.16 0
24.17 0
24.18 0
24.19 0
24.2 0
24.21 2
24.22 6
24.23 9
24.24 13
24.25 16
24.26 19
24.27 22
24.28 25
24.29 29
24.3 32
24.31 17
24.32 17
24.33 17
24.34 17
24.35 15
24.36 10
24.37 6
24.38 3
24.39 0
24.4 0
24.41 0
24.42 0
24.43 0
24.44 0
24.45 0
24.46 0
24.47 0
24.48 0
24.49 0
24.5 0
24.51 0
24.52 0
24.53 0
24.54 2
24.55 7
24.56 9
24.57 13
24.58 16
24.59 19
24.6 21
24.61 24
24.62 28
24.63 31
24.64 17
24.65 17
24.66 17
24.67 17
24.68 16
24.69 9
24.7 6
24.71 3
24.72 0
24.73 0
24.74 0
24.75 0
24.76 0
24.77 0
24.78 0
24.79 0
24.8 0
24.81 0
24.82 0
24.83 0
24.84 0
24.85 0
24.86 0
24.87 0
24.88 0
24.89 0
24.9 1
24.91 4
24.92 6
24.93 10
24.94 13
24.95 16
24.96 18
24.97 20
24.98 24
24.99 27
25 29
25.01 32
25.02 18
25.03 18
25.04 18
25.05 18
25.06 12
25.07 1
25.08 0
25.09 0
25.1 0
25.11 0
25.12 0
25.13 0
25.14 0
25.15 0
25.16 0
25.17 0
25.18 0
25.19 0
25.2 0
25.21 0
25.22 0
25.23 0
25.24 1
25.25 3
25.26 6
25.27 9
25.28 12
25.29 15
25.3 18
25.31 20
25.32 22
25.33 25
25.34 28
25.35 31
25.36 17
25.37 17
25.38 17
25.39 17
25.4 7
25.41 0
25.42 0
25.43 0
25.44 0
25.45 0
25.46 0
25.47 0
25.48 0
25.49 0
25.5 0
25.51 0
25.52 0
25.53 0
25.54 0
25.55 0
25.56 0
25.57 0
25.58 0
25.59 1
25.6 4
25.61 8
25.62 11
25.63 14
25.64 18
25.65 21
25.66 24
25.67 26
25.68 29
25.69 33
25.7 18
25.71 18
25.72 18
25.73 18
25.74 13
25.75 9
25.76 7
25.77 1
25.78 0
25.79 0
25.8 0
25.81 0
25.82 0
25.83 0
25.84 0
25.85 0
25.86 0
25.87 0
25.88 0
25.89 0
25.9 0
25.91 0
25.92 0
25.93 0
25.94 0
25.95 1
25.96 6
25.97 9
25.98 11
25.99 15
26 18
26.01 21
26.02 22
26.03 26
26.04 28
26.05 31
26.06 17
26.07 17
26.08 17
26.09 17
26.1 10
26.11 3
26.12 0
26.13 0
26.14 0
26.15 0
26.16 0
26.17 0
26.18 0
26.19 0
26.2 0
26.21 0
26.22 0
26.23 0
26.24 0
26.25 0
26.26 0
26.27 0
26.28 0
26.29 0
26.3 2
26.31 5
26.32 9
26.33 13
26.34 15
26.35 17
26.36 20
26.37 22
26.38 25
26.39 28
26.4 32
26.41 18
26.42 18
26.43 18
26.44 19
26.45 18
26.46 6
26.47 0
26.48 0
26.49 0
26.5 0
26.51 0
26.52 0
26.53 0
26.54 0
26.55 0
26.56 0
26.57 0
26.58 0
26.59 0
26.6 0
26.61 0
26.62 0
26.63 0
26.64 0
26.65 3
26.66 5
26.67 9
26.68 11
26.69 14
26.7 17
26.71 20
26.72 22
26.73 25
26.74 27
26.75 29
26.76 17
26.77 17
26.78 17
26.79 17
26.8 10
26.81 0
26.82 0
26.83 0
26.84 0
26.85 0
26.86 0
26.87 0
26.88 0
26.89 0
26.9 0
26.91 0
26.92 0
26.93 0
26.94 0
26.95 0
26.96 0
26.97 0
26.98 0
26.99 1
27 4
27.01 8
27.02 12
27.03 14
27.04 18
27.05 22
27.06 24
27.07 26
27.08 29
27.09 33
27.1 18
27.11 18
27.12 18
27.13 18
27.14 12
27.15 8
27.16 3
27.17 0
27.18 0
27.19 0
27.2 0
27.21 0
27.22 0
27.23 0
27.24 0
27.25 0
27.26 0
27.27 0
27.28 0
27.29 0
27.3 0
27.31 0
27.32 0
27.33 0
27.34 0
27.35 1
27.36 4
27.37 8
27.38 10
27.39 13
27.4 16
27.41 19
27.42 23
27.43 24
27.44 27
27.45 30
27.46 18
27.47 17
27.48 17
27.49 17
27.5 10
27.51 9
27.52 0
27.53 0
27.54 0
27.55 0
27.56 0
27.57 0
27.58 0
27.59 0
27.6 0
27.61 0
27.62 0
27.63 0
27.64 0
27.65 0
27.66 0
27.67 0
27.68 2
27.69 6
27.7 8
27.71 11
27.72 15
27.73 16
27.74 19
27.75 22
27.76 24
27.77 26
27.78 29
27.79 17
27.8 17
27.81 17
27.82 17
27.83 10
27.84 3
27.85 0
27.86 0
27.87 0
27.88 0
27.89 0
27.9 0
27.91 0
27.92 0
27.93 0
27.94 0
27.95 0
27.96 0
27.97 0
27.98 0
27.99 0
28 0
28.01 2
28.02 5
28.03 9
28.04 12
28.05 15
28.06 17
28.07 20
28.08 22
28.09 25
28.1 29
28.11 31
28.12 17
28.13 17
28.14 17
28.15 17
28.16 15
28.17 6
28.18 0
28.19 0
28.2 0
28.21 0
28.22 0
28.23 0
28.24 0
28.25 0
28.26 0
28.27 0
28.28 0
28.29 0
28.3 0
28.31 0
28.32 0
28.33 1
28.34 5
28.35 9
28.36 12
28.37 15
28.38 18
28.39 21
28.4 25
28.41 26
28.42 29
28.43 26
28.44 17
28.45 17
28.46 18
28.47 17
28.48 0
28.49 1
28.5 0
28.51 0
28.52 0
28.53 0
28.54 0
28.55 0
28.56 0
28.57 0
28.58 0
28.59 0
28.6 0
28.61 0
28.62 0
28.63 0
28.64 0
28.65 2
28.66 5
28.67 9
28.68 13
28.69 15
28.7 18
28.71 23
28.72 25
28.73 27
28.74 30
28.75 17
28.76 17
28.77 17
28.78 17
28.79 15
28.8 7
28.81 4
28.82 0
28.83 0
28.84 0
28.85 0
28.86 0
28.87 0
28.88 0
28.89 0
28.9 0
28.91 0
28.92 0
28.93 0
28.94 0
28.95 0
28.96 0
28.97 0
28.98 0
28.99 1
29 4
29.01 7
29.02 9
29.03 12
29.04 15
29.05 18
29.06 19
29.07 22
29.08 27
29.09 29
29.1 31
29.11 17
29.12 17
29.13 17
29.14 17
29.15 7
29.16 0
29.17 0
29.18 0
29.19 0
29.2 0
29.21 0
29.22 0
29.23 0
29.24 0
29.25 0
29.26 0
29.27 0
29.28 0
29.29 0
29.3 0
29.31 0
29.32 0
29.33 3
29.34 7
29.35 10
29.36 14
29.37 16
29.38 19
29.39 22
29.4 24
29.41 27
29.42 31
29.43 17
29.44 17
29.45 17
29.46 17
29.47 10
29.48 4
29.49 6
29.5 0
29.51 0
29.52 0
29.53 0
29.54 0
29.55 0
29.56 0
29.57 0
29.58 0
29.59 0
29.6 0
29.61 0
29.62 0
29.63 0
29.64 0
29.65 0
29.66 0
29.67 0
29.68 2
29.69 4
29.7 7
29.71 10
29.72 12
29.73 15
29.74 18
29.75 22
29.76 24
29.77 26
29.78 29
29.79 31
29.8 18
29.81 18
29.82 18
29.83 18
29.84 8
29.85 3
29.86 0
29.87 0
29.88 0
29.89 0
29.9 0
29.91 0
29.92 0
29.93 0
29.94 0
29.95 0
29.96 0
29.97 0
29.98 0
29.99 0
30 0
30.01 0
30.02 0
30.03 2
30.04 5
30.05 8
30.06 10
30.07 13
30.08 16
30.09 19
30.1 22
30.11 24
30.12 28
30.13 29
30.14 20
30.15 18
30.16 18
30.17 17
30.18 11
30.19 12
30.2 6
30.21 7
30.22 0
30.23 0
30.24 0
30.25 0
30.26 0
30.27 0
30.28 0
30.29 0
30.3 0
30.31 0
30.32 0
30.33 0
30.34 0
30.35 0
30.36 3
30.37 7
30.38 9
30.39 12
30.4 16
30.41 18
30.42 21
30.43 24
30.44 27
30.45 29
30.46 25
30.47 17
30.48 17
30.49 17
30.5 16
30.51 7
30.52 4
30.53 0
30.54 0
30.55 0
30.56 0
30.57 0
30.58 0
30.59 0
30.6 0
30.61 0
30.62 0
30.63 0
30.64 0
30.65 0
30.66 0
30.67 0
30.68 0
30.69 0
30.7 3
30.71 6
30.72 10
30.73 12
30.74 16
30.75 19
30.76 22
30.77 25
30.78 27
30.79 29
30.8 32
30.81 18
30.82 18
30.83 18
30.84 18
30.85 11
30.86 13
30.87 16
30.88 2
30.89 0
30.9 0
30.91 0
30.92 0
30.93 0
30.94 0
30.95 0
30.96 0
30.97 0
30.98 0
30.99 0
31 0
31.01 0
31.02 1
31.03 4
31.04 7
31.05 11
31.06 15
31.07 18
31.08 20
31.09 24
31.1 27
31.11 30
31.12 18
31.13 17
31.14 17
31.15 17
31.16 12
31.17 4
31.18 0
31.19 0
31.2 0
31.21 0
31.22 0
31.23 0
31.24 0
31.25 0
31.26 0
31.27 0
31.28 0
31.29 0
31.3 0
31.31 0
31.32 0
31.33 0
31.34 0
31.35 0
31.36 3
31.37 5
31.38 9
31.39 12
31.4 15
31.41 18
31.42 21
31.43 24
31.44 26
31.45 31
31.46 30
31.47 18
31.48 19
31.49 19
31.5 18
31.51 12
31.52 12
31.53 1
31.54 0
31.55 0
31.56 0
31.57 0
31.58 0
31.59 0
31.6 0
31.61 0
31.62 0
31.63 0
31.64 0
31.65 0
31.66 0
31.67 0
31.68 2
31.69 4
31.7 8
31.71 13
31.72 13
31.73 17
31.74 22
31.75 25
31.76 27
31.77 30
31.78 20
31.79 17
31.8 17
31.81 17
31.82 13
31.83 4
31.84 0
31.85 0
31.86 0
31.87 0
31.88 0
31.89 0
31.9 0
31.91 0
31.92 0
31.93 0
31.94 0
31.95 0
31.96 0
31.97 0
31.98 0
31.99 3
32 6
32.01 9
32.02 12
32.03 16
32.04 18
32.05 21
32.06 25
32.07 29
32.08 31
32.09 19
32.1 18
32.11 18
32.12 18
32.13 14
32.14 14
32.15 15
32.16 11
32.17 0
32.18 0
32.19 0
32.2 0
32.21 0
32.22 0
32.23 0
32.24 0
32.25 0
32.26 0
32.27 0
32.28 0
32.29 0
32.3 0
32.31 0
32.32 2
32.33 6
32.34 10
32.35 12
32.36 16
32.37 19
32.38 22
32.39 24
32.4 27
32.41 29
32.42 23
32.43 17
32.44 17
32.45 17
32.46 14
32.47 4
32.48 0
32.49 0
32.5 0
32.51 0
32.52 0
32.53 0
32.54 0
32.55 0
32.56 0
32.57 0
32.58 0
32.59 0
32.6 0
32.61 0
32.62 0
32.63 0
32.64 2
32.65 5
32.66 8
32.67 12
32.68 17
32.69 19
32.7 22
32.71 25
32.72 28
32.73 31
32.74 17
32.75 17
32.76 17
32.77 17
32.78 17
32.79 10
32.8 7
32.81 0
32.82 0
32.83 0
32.84 0
32.85 0
32.86 0
32.87 0
32.88 0
32.89 0
32.9 0
32.91 0
32.92 0
32.93 0
32.94 0
32.95 0
32.96 0
32.97 0
32.98 4
32.99 7
33 10
33.01 14
33.02 16
33.03 19
33.04 21
33.05 26
33.06 29
33.07 32
33.08 17
33.09 17
33.1 17
33.11 17
33.12 9
33.13 2
33.14 0
33.15 0
33.16 0
33.17 0
33.18 0
33.19 0
33.2 0
33.21 0
33.22 0
33.23 0
33.24 0
33.25 0
33.26 0
33.27 0
33.28 0
33.29 0
33.3 0
33.31 5
33.32 7
33.33 11
33.34 14
33.35 17
33.36 19
33.37 22
33.38 27
33.39 28
33.4 30
33.41 17
33.42 18
33.43 17
33.44 18
33.45 11
33.46 4
33.47 2
33.48 0
33.49 0
33.5 0
33.51 0
33.52 0
33.53 0
33.54 0
33.55 0
33.56 0
33.57 0
33.58 0
33.59 0
33.6 0
33.61 0
33.62 0
33.63 0
33.64 2
33.65 4
33.66 7
33.67 11
33.68 14
33.69 16
33.7 20
33.71 24
33.72 25
33.73 28
33.74 32
33.75 18
33.76 17
33.77 17
33.78 17
33.79 8
33.8 6
33.81 0
33.82 0
33.83 0
33.84 0
33.85 0
33.86 0
33.87 0
33.88 0
33.89 0
33.9 0
33.91 0
33.92 0
33.93 0
33.94 0
33.95 0
33.96 0
33.97 0
33.98 0
33.99 1
34 6
34.01 10
34.02 13
34.03 15
34.04 18
34.05 21
34.06 23
34.07 26
34.08 30
34.09 29
34.1 17
34.11 17
34.12 17
34.13 17
34.14 7
34.15 0
34.16 0
34.17 0
34.18 0
34.19 0
34.2 0
34.21 0
34.22 0
34.23 0
34.24 0
34.25 0
34.26 0
34.27 0
34.28 0
34.29 0
34.3 0
34.31 0
34.32 0
34.33 1
34.34 4
34.35 7
34.36 9
34.37 12
34.38 15
34.39 19
34.4 22
34.41 24
34.42 27
34.43 30
34.44 32
34.45 18
34.46 18
34.47 18
34.48 18
34.49 11
34.5 7
34.51 0
34.52 0
34.53 0
34.54 0
34.55 0
34.56 0
34.57 0
34.58 0
34.59 0
34.6 0
34.61 0
34.62 0
34.63 0
34.64 0
34.65 0
34.66 0
34.67 0
34.68 0
34.69 4
34.7 7
34.71 11
34.72 15
34.73 17
34.74 21
34.75 23
34.76 27
34.77 29
34.78 32
34.79 18
34.8 18
34.81 18
34.82 18
34.83 13
34.84 11
34.85 13
34.86 11
34.87 0
34.88 0
34.89 0
34.9 0
34.91 0
34.92 0
34.93 0
34.94 0
34.95 0
34.96 0
34.97 0
34.98 0
34.99 0
35 0
35.01 1
35.02 4
35.03 8
35.04 11
35.05 14
35.06 18
35.07 21
35.08 24
35.09 27
35.1 30
35.11 18
35.12 17
35.13 17
35.14 18
35.15 12
35.16 1
35.17 0
35.18 0
35.19 0
35.2 0
35.21 0
35.22 0
35.23 0
35.24 0
35.25 0
35.26 0
35.27 0
35.28 0
35.29 0
35.3 0
35.31 0
35.32 0
35.33 0
35.34 0
35.35 1
35.36 3
35.37 6
35.38 9
35.39 13
35.4 16
35.41 18
35.42 20
35.43 23
35.44 27
35.45 30
35.46 32
35.47 18
35.48 18
35.49 18
35.5 18
35.51 18
35.52 13
35.53 5
35.54 0
35.55 0
35.56 0
35.57 0
35.58 0
35.59 0
35.6 0
35.61 0
35.62 0
35.63 0
35.64 0
35.65 0
35.66 0
35.67 0
35.68 0
35.69 0
35.7 0
35.71 0
35.72 2
35.73 5
35.74 8
35.75 11
35.76 14
35.77 17
35.78 19
35.79 22
35.8 25
35.81 28
35.82 31
35.83 18
35.84 18
35.85 18
35.86 18
35.87 9
35.88 6
35.89 0
35.9 0
35.91 0
35.92 0
35.93 0
35.94 0
35.95 0
35.96 0
35.97 0
35.98 0
35.99 0
36 0
36.01 0
36.02 0
36.03 0
36.04 0
36.05 0
36.06 1
36.07 4
36.08 7
36.09 9
36.1 12
36.11 14
36.12 18
36.13 21
36.14 24
36.15 26
36.16 30
36.17 17
36.18 17
36.19 17
36.2 17
36.21 15
36.22 6
36.23 0
36.24 0
36.25 0
36.26 0
36.27 0
36.28 0
36.29 0
36.3 0
36.31 0
36.32 0
36.33 0
36.34 0
36.35 0
36.36 0
36.37 0
36.38 2
36.39 5
36.4 8
36.41 11
36.42 14
36.43 17
36.44 19
36.45 23
36.46 25
36.47 28
36.48 30
36.49 17
36.5 17
36.51 17
36.52 17
36.53 16
36.54 15
36.55 7
36.56 0
36.57 0
36.58 0
36.59 0
36.6 0
36.61 0
36.62 0
36.63 0
36.64 0
36.65 0
36.66 0
36.67 0
36.68 2
36.69 4
36.7 7
36.71 11
36.72 15
36.73 18
36.74 20
36.75 25
36.76 27
36.77 30
36.78 20
36.79 17
36.8 17
36.81 17
36.82 13
36.83 15
36.84 11
36.85 0
36.86 0
36.87 0
36.88 0
36.89 0
36.9 0
36.91 0
36.92 0
36.93 0
36.94 0
36.95 0
36.96 0
36.97 0
36.98 0
36.99 0
37 0
37.01 3
37.02 7
37.03 11
37.04 13
37.05 16
37.06 21
37.07 23
37.08 26
37.09 29
37.1 33
37.11 18
37.12 18
37.13 18
37.14 18
37.15 18
37.16 17
37.17 0
37.18 0
37.19 0
37.2 0
37.21 0
37.22 0
37.23 0
37.24 0
37.25 0
37.26 0
37.27 0
37.28 0
37.29 0
37.3 0
37.31 0
37.32 0
37.33 0
37.34 2
37.35 5
37.36 8
37.37 12
37.38 15
37.39 17
37.4 21
37.41 25
37.42 27
37.43 30
37.44 19
37.45 17
37.46 17
37.47 17
37.48 13
37.49 4
37.5 0
37.51 0
37.52 0
37.53 0
37.54 0
37.55 0
37.56 0
37.57 0
37.58 0
37.59 0
37.6 0
37.61 0
37.62 0
37.63 0
37.64 0
37.65 0
37.66 0
37.67 0
37.68 0
37.69 1
37.7 3
37.71 7
37.72 10
37.73 15
37.74 19
37.75 20
37.76 24
37.77 27
37.78 30
37.79 32
37.8 18
37.81 18
37.82 18
37.83 18
37.84 7
37.85 3
37.86 0
37.87 0
37.88 0
37.89 0
37.9 0
37.91 0
37.92 0
37.93 0
37.94 0
37.95 0
37.96 0
37.97 0
37.98 0
37.99 0
38 0
38.01 0
38.02 1
38.03 5
38.04 8
38.05 11
38.06 14
38.07 17
38.08 21
38.09 23
38.1 25
38.11 29
38.12 32
38.13 17
38.14 17
38.15 17
38.16 17
38.17 13
38.18 7
38.19 2
38.2 0
38.21 0
38.22 0
38.23 0
38.24 0
38.25 0
38.26 0
38.27 0
38.28 0
38.29 0
38.3 0
38.31 0
38.32 0
38.33 0
38.34 0
38.35 0
38.36 4
38.37 6
38.38 9
38.39 13
38.4 15
38.41 17
38.42 20
38.43 24
38.44 25
38.45 29
38.46 32
38.47 17
38.48 17
38.49 17
38.5 17
38.51 10
38.52 5
38.53 0
38.54 0
38.55 0
38.56 0
38.57 0
38.58 0
38.59 0
38.6 0
38.61 0
38.62 0
38.63 0
38.64 0
38.65 0
38.66 0
38.67 0
38.68 0
38.69 0
38.7 2
38.71 5
38.72 7
38.73 11
38.74 13
38.75 15
38.76 18
38.77 22
38.78 24
38.79 26
38.8 28
38.81 27
38.82 17
38.83 17
38.84 17
38.85 17
38.86 14
38.87 0
38.88 0
38.89 0
38.9 0
38.91 0
38.92 0
38.93 0
38.94 0
38.95 0
38.96 0
38.97 0
38.98 0
38.99 0
39 0
39.01 0
39.02 0
39.03 1
39.04 4
39.05 7
39.06 10
39.07 13
39.08 16
39.09 19
39.1 22
39.11 23
39.12 26
39.13 30
39.14 19
39.15 17
39.16 17
39.17 18
39.18 12
39.19 3
39.2 0
39.21 0
39.22 0
39.23 0
39.24 0
39.25 0
39.26 0
39.27 0
39.28 0
39.29 0
39.3 0
39.31 0
39.32 0
39.33 0
39.34 0
39.35 0
39.36 0
39.37 0
39.38 0
39.39 0
39.4 4
39.41 6
39.42 10
39.43 13
39.44 16
39.45 19
39.46 22
39.47 26
39.48 28
39.49 31
39.5 18
39.51 18
39.52 18
39.53 18
39.54 18
39.55 7
39.56 1
39.57 0
39.58 0
39.59 0
39.6 0
39.61 0
39.62 0
39.63 0
39.64 0
39.65 0
39.66 0
39.67 0
39.68 0
39.69 0
39.7 0
39.71 0
39.72 0
39.73 1
39.74 6
39.75 8
39.76 11
39.77 16
39.78 18
39.79 20
39.8 22
39.81 25
39.82 29
39.83 30
39.84 17
39.85 17
39.86 18
39.87 17
39.88 12
39.89 2
39.9 0
39.91 0
39.92 0
39.93 0
39.94 0
39.95 0
39.96 0
39.97 0
39.98 0
39.99 0
40 0
40.01 0
40.02 0
40.03 0
40.04 0
40.05 0
40.06 0
40.07 3
40.08 6
40.09 9
40.1 11
40.11 13
40.12 16
40.13 18
40.14 20
40.15 23
40.16 25
40.17 27
40.18 28
40.19 17
40.2 17
40.21 17
40.22 17
40.23 7
40.24 0
40.25 0
40.26 0
40.27 0
40.28 0
40.29 0
40.3 0
40.31 0
40.32 0
40.33 0
40.34 0
40.35 0
40.36 0
40.37 0
40.38 0
40.39 0
40.4 0
40.41 0
40.42 0
40.43 0
40.44 2
40.45 4
40.46 7
40.47 9
40.48 11
40.49 14
40.5 16
40.51 18
40.52 20
40.53 23
40.54 26
40.55 27
40.56 29
40.57 17
40.58 17
40.59 17
40.6 17
40.61 12
40.62 2
40.63 0
40.64 0
40.65 0
40.66 0
40.67 0
40.68 0
40.69 0
40.7 0
40.71 0
40.72 0
40.73 0
40.74 0
40.75 0
40.76 0
40.77 0
40.78 0
40.79 3
40.8 6
40.81 8
40.82 11
40.83 12
40.84 15
40.85 16
40.86 20
40.87 21
40.88 26
40.89 28
40.9 30
40.91 17
40.92 17
40.93 17
40.94 17
40.95 8
40.96 4
40.97 3
40.98 0
40.99 0
41 0
41.01 0
41.02 0
41.03 0
41.04 0
41.05 0
41.06 0
41.07 0
41.08 0
41.09 0
41.1 0
41.11 0
41.12 0
41.13 0
41.14 0
41.15 0
41.16 2
41.17 4
41.18 7
41.19 10
41.2 13
41.21 16
41.22 20
41.23 23
41.24 25
41.25 28
41.26 32
41.27 18
41.28 18
41.29 18
41.3 18
41.31 18
41.32 17
41.33 13
41.34 10
41.35 0
41.36 0
41.37 0
41.38 0
41.39 0
41.4 0
41.41 0
41.42 0
41.43 0
41.44 0
41.45 0
41.46 0
41.47 0
41.48 0
41.49 0
41.5 0
41.51 0
41.52 0
41.53 0
41.54 0
41.55 2
41.56 4
41.57 7
41.58 11
41.59 13
41.6 15
41.61 18
41.62 20
41.63 22
41.64 25
41.65 28
41.66 29
41.67 17
41.68 17
41.69 17
41.7 17
41.71 17
41.72 12
41.73 6
41.74 7
41.75 0
41.76 0
41.77 0
41.78 0
41.79 0
41.8 0
41.81 0
41.82 0
41.83 0
41.84 0
41.85 0
41.86 0
41.87 0
41.88 0
41.89 0
41.9 0
41.91 2
41.92 4
41.93 8
41.94 10
41.95 13
41.96 15
41.97 17
41.98 19
41.99 22
42 25
42.01 28
42.02 31
42.03 17
42.04 17
42.05 17
42.06 17
42.07 12
42.08 6
42.09 1
42.1 0
42.11 0
42.12 0
42.13 0
42.14 0
42.15 0
42.16 0
42.17 0
42.18 0
42.19 0
42.2 0
42.21 0
42.22 0
42.23 0
42.24 0
42.25 0
42.26 0
42.27 0
42.28 0
42.29 2
42.3 6
42.31 10
42.32 13
42.33 15
42.34 21
42.35 23
42.36 25
42.37 25
42.38 29
42.39 24
42.4 18
42.41 18
42.42 18
42.43 16
42.44 13
42.45 7
42.46 1
42.47 0
42.48 0
42.49 0
42.5 0
42.51 0
42.52 0
42.53 0
42.54 0
42.55 0
42.56 0
42.57 0
42.58 0
42.59 0
42.6 0
42.61 2
42.62 5
42.63 7
42.64 11
42.65 13
42.66 16
42.67 20
42.68 23
42.69 27
42.7 28
42.71 32
42.72 17
42.73 17
42.74 17
42.75 17
42.76 7
42.77 2
42.78 0
42.79 0
42.8 0
42.81 0
42.82 0
42.83 0
42.84 0
42.85 0
42.86 0
42.87 0
42.88 0
42.89 0
42.9 0
42.91 0
42.92 0
42.93 0
42.94 0
42.95 0
42.96 0
42.97 3
42.98 6
42.99 10
43 14
43.01 15
43.02 18
43.03 22
43.04 26
43.05 28
43.06 30
43.07 18
43.08 18
43.09 18
43.1 18
43.11 12
43.12 0
43.13 0
43.14 1
43.15 0
43.16 0
43.17 0
43.18 0
43.19 0
43.2 0
43.21 0
43.22 0
43.23 0
43.24 0
43.25 0
43.26 0
43.27 0
43.28 0
43.29 0
43.3 0
43.31 3
43.32 7
43.33 9
43.34 11
43.35 13
43.36 16
43.37 20
43.38 22
43.39 24
43.4 27
43.41 30
43.42 17
43.43 17
43.44 17
43.45 17
43.46 13
43.47 15
43.48 10
43.49 0
43.5 0
43.51 0
43.52 0
43.53 0
43.54 0
43.55 0
43.56 0
43.57 0
43.58 0
43.59 0
43.6 0
43.61 4
43.62 7
43.63 9
43.64 13
43.65 16
43.66 19
43.67 22
43.68 26
43.69 28
43.7 31
43.71 22
43.72 18
43.73 18
43.74 18
43.75 15
43.76 5
43.77 0
43.78 0
43.79 0
43.8 0
43.81 0
43.82 0
43.83 0
43.84 0
43.85 0
43.86 0
43.87 0
43.88 0
43.89 0
43.9 0
43.91 0
43.92 0
43.93 0
43.94 0
43.95 0
43.96 2
43.97 5
43.98 8
43.99 11
44 14
44.01 17
44.02 20
44.03 22
44.04 24
44.05 28
44.06 31
44.07 21
44.08 18
44.09 18
44.1 18
44.11 18
44.12 18
44.13 18
44.14 8
44.15 0
44.16 0
44.17 0
44.18 0
44.19 0
44.2 0
44.21 0
44.22 0
44.23 0
44.24 0
44.25 0
44.26 0
44.27 0
44.28 0
44.29 0
44.3 0
44.31 0
44.32 0
44.33 0
44.34 0
44.35 2
44.36 6
44.37 7
44.38 10
44.39 14
44.4 17
44.41 19
44.42 21
44.43 24
44.44 27
44.45 29
44.46 18
44.47 17
44.48 17
44.49 17
44.5 11
44.51 0
44.52 0
44.53 0
44.54 0
44.55 0
44.56 0
44.57 0
44.58 0
44.59 0
44.6 0
44.61 0
44.62 0
44.63 0
44.64 0
44.65 0
44.66 0
44.67 0
44.68 0
44.69 3
44.7 5
44.71 8
44.72 11
44.73 15
44.74 18
44.75 21
44.76 24
44.77 27
44.78 30
44.79 32
44.8 18
44.81 18
44.82 18
44.83 18
44.84 11
44.85 6
44.86 2
44.87 0
44.88 0
44.89 0
44.9 0
44.91 0
44.92 0
44.93 0
44.94 0
44.95 0
44.96 0
44.97 0
44.98 0
44.99 0
45 0
45.01 0
45.02 0
45.03 0
45.04 0
45.05 0
45.06 4
45.07 6
45.08 11
45.09 12
45.1 16
45.11 19
45.12 22
45.13 24
45.14 26
45.15 28
45.16 25
45.17 17
45.18 17
45.19 17
45.2 17
45.21 3
45.22 0
45.23 0
45.24 0
45.25 0
45.26 0
45.27 0
45.28 0
45.29 0
45.3 0
45.31 0
45.32 0
45.33 0
45.34 0
45.35 0
45.36 0
45.37 1
45.38 4
45.39 7
45.4 10
45.41 13
45.42 15
45.43 19
45.44 22
45.45 24
45.46 27
45.47 30
45.48 24
45.49 18
45.5 18
45.51 18
45.52 16
45.53 8
45.54 0
45.55 0
45.56 0
45.57 0
45.58 0
45.59 0
45.6 0
45.61 0
45.62 0
45.63 0
45.64 0
45.65 0
45.66 0
45.67 0
45.68 0
45.69 0
45.7 0
45.71 0
45.72 0
45.73 0
45.74 1
45.75 3
45.76 7
45.77 10
45.78 12
45.79 15
45.8 19
45.81 20
45.82 22
45.83 24
45.84 27
45.85 29
45.86 18
45.87 19
45.88 18
45.89 18
45.9 15
45.91 8
45.92 4
45.93 0
45.94 0
45.95 0
45.96 0
45.97 0
45.98 0
45.99 0
46 0
46.01 0
46.02 0
46.03 0
46.04 0
46.05 0
46.06 0
46.07 0
46.08 0
46.09 0
46.1 0
46.11 3
46.12 6
46.13 10
46.14 12
46.15 14
46.16 17
46.17 20
46.18 21
46.19 25
46.2 28
46.21 31
46.22 17
46.23 17
46.24 17
46.25 17
46.26 10
46.27 2
46.28 0
46.29 0
46.3 0
46.31 0
46.32 0
46.33 0
46.34 0
46.35 0
46.36 0
46.37 0
46.38 0
46.39 0
46.4 0
46.41 0
46.42 0
46.43 0
46.44 2
46.45 4
46.46 7
46.47 12
46.48 15
46.49 19
46.5 21
46.51 25
46.52 27
46.53 30
46.54 33
46.55 18
46.56 18
46.57 18
46.58 18
46.59 9
46.6 10
46.61 8
46.62 0
46.63 0
46.64 0
46.65 0
46.66 0
46.67 0
46.68 0
46.69 0
46.7 0
46.71 0
46.72 0
46.73 0
46.74 0
46.75 0
46.76 0
46.77 4
46.78 6
46.79 10
46.8 13
46.81 16
46.82 18
46.83 22
46.84 25
46.85 27
46.86 28
46.87 17
46.88 17
46.89 18
46.9 17
46.91 10
46.92 0
46.93 0
46.94 0
46.95 0
46.96 0
46.97 0
46.98 0
46.99 0
47 0
47.01 0
47.02 0
47.03 0
47.04 0
47.05 0
47.06 0
47.07 0
47.08 0
47.09 0
47.1 0
47.11 0
47.12 2
47.13 6
47.14 7
47.15 10
47.16 14
47.17 17
47.18 19
47.19 22
47.2 25
47.21 28
47.22 30
47.23 17
47.24 17
47.25 17
47.26 17
47.27 8
47.28 1
47.29 0
47.3 0
47.31 0
47.32 0
47.33 0
47.34 0
47.35 0
47.36 0
47.37 0
47.38 0
47.39 0
47.4 0
47.41 0
47.42 0
47.43 0
47.44 0
47.45 0
47.46 1
47.47 3
47.48 6
47.49 8
47.5 12
47.51 15
47.52 18
47.53 20
47.54 23
47.55 27
47.56 29
47.57 31
47.58 17
47.59 17
47.6 17
47.61 17
47.62 12
47.63 0
47.64 0
47.65 0
47.66 0
47.67 0
47.68 0
47.69 0
47.7 0
47.71 0
47.72 0
47.73 0
47.74 0
47.75 0
47.76 0
47.77 0
47.78 0
47.79 0
47.8 0
47.81 2
47.82 5
47.83 7
47.84 11
47.85 14
47.86 17
47.87 19
47.88 22
47.89 25
47.9 27
47.91 30
47.92 21
47.93 18
47.94 18
47.95 18
47.96 16
47.97 9
47.98 0
47.99 0
48 0
48.01 0
48.02 0
48.03 0
48.04 0
48.05 0
48.06 0
48.07 0
48.08 0
48.09 0
48.1 0
48.11 0
48.12 0
48.13 0
48.14 0
48.15 2
48.16 5
48.17 8
48.18 10
48.19 14
48.2 17
48.21 19
48.22 21
48.23 26
48.24 30
48.25 32
48.26 18
48.27 18
48.28 18
48.29 18
48.3 18
48.31 5
48.32 1
48.33 0
48.34 0
48.35 0
48.36 0
48.37 0
48.38 0
48.39 0
48.4 0
48.41 0
48.42 0
48.43 1
48.44 4
48.45 6
48.46 10
48.47 12
48.48 15
48.49 17
48.5 21
48.51 24
48.52 27
48.53 30
48.54 16
48.55 16
48.56 17
48.57 16
48.58 4
48.59 0
48.6 0
48.61 0
48.62 0
48.63 0
48.64 0
48.65 0
48.66 0
48.67 0
48.68 0
48.69 0
48.7 0
48.71 0
48.72 0
48.73 0
48.74 0
48.75 0
48.76 0
48.77 4
48.78 7
48.79 11
48.8 14
48.81 17
48.82 19
48.83 23
48.84 23
48.85 28
48.86 29
48.87 18
48.88 18
48.89 18
48.9 18
48.91 10
48.92 7
48.93 6
48.94 2
48.95 0
48.96 0
48.97 0
48.98 0
48.99 0
49 0
49.01 0
49.02 0
49.03 0
49.04 0
49.05 0
49.06 0
49.07 0
49.08 0
49.09 0
49.1 1
49.11 4
49.12 8
49.13 10
49.14 14
49.15 18
49.16 20
49.17 22
49.18 25
49.19 27
49.2 30
49.21 17
49.22 17
49.23 17
49.24 17
49.25 17
49.26 10
49.27 7
49.28 0
49.29 0
49.3 0
49.31 0
49.32 0
49.33 0
49.34 0
49.35 0
49.36 0
49.37 0
49.38 0
49.39 0
49.4 0
49.41 0
49.42 0
49.43 0
49.44 0
49.45 1
49.46 5
49.47 7
49.48 11
49.49 13
49.5 17
49.51 20
49.52 22
49.53 25
49.54 29
49.55 31
49.56 17
49.57 17
49.58 17
49.59 17
49.6 14
49.61 4
49.62 0
49.63 0
49.64 0
49.65 0
49.66 0
49.67 0
49.68 0
49.69 0
49.7 0
49.71 0
49.72 0
49.73 0
49.74 0
49.75 0
49.76 0
49.77 5
49.78 7
49.79 11
49.8 15
49.81 18
49.82 22
49.83 24
49.84 28
49.85 31
49.86 33
49.87 18
49.88 18
49.89 18
49.9 18
49.91 18
49.92 6
49.93 0
49.94 0
49.95 0
49.96 0
49.97 0
49.98 0
49.99 0
50 0
50.01 0
50.02 0
50.03 0
50.04 0
50.05 2
50.06 6
50.07 8
50.08 10
50.09 12
50.1 16
50.11 18
50.12 21
50.13 23
50.14 26
50.15 28
50.16 16
50.17 16
50.18 16
50.19 16
50.2 14
50.21 12
50.22 0
50.23 0
50.24 0
50.25 0
50.26 0
50.27 0
50.28 0
50.29 0
50.3 0
50.31 0
50.32 0
50.33 0
50.34 0
50.35 0
50.36 0
50.37 0
50.38 0
50.39 0
50.4 0
50.41 2
50.42 6
50.43 9
50.44 12
50.45 14
50.46 18
50.47 20
50.48 23
50.49 27
50.5 30
50.51 31
50.52 18
50.53 18
50.54 18
50.55 18
50.56 9
50.57 8
50.58 0
50.59 0
50.6 0
50.61 0
50.62 0
50.63 0
50.64 0
50.65 0
50.66 0
50.67 0
50.68 0
50.69 0
50.7 0
50.71 0
50.72 0
50.73 0
50.74 3
50.75 5
50.76 9
50.77 12
50.78 14
50.79 17
50.8 20
50.81 23
50.82 25
50.83 28
50.84 31
50.85 18
50.86 18
50.87 18
50.88 18
50.89 18
50.9 18
50.91 9
50.92 0
50.93 0
50.94 0
50.95 0
50.96 0
50.97 0
50.98 0
50.99 0
51 0
51.01 0
51.02 0
51.03 0
51.04 0
51.05 0
51.06 0
51.07 0
51.08 1
51.09 4
51.1 8
51.11 10
51.12 12
51.13 14
51.14 18
51.15 21
51.16 24
51.17 27
51.18 29
51.19 26
51.2 17
51.21 17
51.22 17
51.23 17
51.24 6
51.25 3
51.26 0
51.27 0
51.28 0
51.29 0
51.3 0
51.31 0
51.32 0
51.33 0
51.34 0
51.35 0
51.36 0
51.37 0
51.38 0
51.39 0
51.4 0
51.41 0
51.42 0
51.43 0
51.44 0
51.45 3
51.46 6
51.47 9
51.48 12
51.49 15
51.5 16
51.51 19
51.52 23
51.53 26
51.54 29
51.55 32
51.56 18
51.57 18
51.58 18
51.59 18
51.6 11
51.61 0
51.62 0
51.63 0
51.64 0
51.65 0
51.66 0
51.67 0
51.68 0
51.69 0
51.7 0
51.71 0
51.72 0
51.73 0
51.74 0
51.75 0
51.76 0
51.77 0
51.78 2
51.79 5
51.8 9
51.81 12
51.82 16
51.83 19
51.84 20
51.85 22
51.86 24
51.87 28
51.88 30
51.89 18
51.9 18
51.91 18
51.92 18
51.93 12
51.94 3
51.95 0
51.96 0
51.97 0
51.98 0
51.99 0
52 0
52.01 0
52.02 0
52.03 0
52.04 0
52.05 0
52.06 0
52.07 0
52.08 0
52.09 0
52.1 0
52.11 0
52.12 0
52.13 2
52.14 3
52.15 5
52.16 9
52.17 12
52.18 14
52.19 17
52.2 20
52.21 23
52.22 25
52.23 28
52.24 31
52.25 17
52.26 17
52.27 17
52.28 17
52.29 10
52.3 11
52.31 14
52.32 10
52.33 0
52.34 0
52.35 0
52.36 0
52.37 0
52.38 0
52.39 0
52.4 0
52.41 0
52.42 0
52.43 0
52.44 0
52.45 0
52.46 0
52.47 1
52.48 4
52.49 7
52.5 9
52.51 12
52.52 15
52.53 17
52.54 19
52.55 21
52.56 24
52.57 26
52.58 28
52.59 17
52.6 17
52.61 17
52.62 17
52.63 7
52.64 1
52.65 0
52.66 0
52.67 0
52.68 0
52.69 0
52.7 0
52.71 0
52.72 0
52.73 0
52.74 0
52.75 0
52.76 0
52.77 0
52.78 0
52.79 0
52.8 0
52.81 0
52.82 0
52.83 3
52.84 6
52.85 10
52.86 13
52.87 16
52.88 19
52.89 22
52.9 25
52.91 28
52.92 31
52.93 18
52.94 17
52.95 17
52.96 17
52.97 14
52.98 6
52.99 7
53 1
53.01 0
53.02 0
53.03 0
53.04 0
53.05 0
53.06 0
53.07 0
53.08 0
53.09 0
53.1 0
53.11 0
53.12 0
53.13 0
53.14 0
53.15 0
53.16 0
53.17 0
53.18 0
53.19 1
53.2 5
53.21 8
53.22 9
53.23 13
53.24 16
53.25 21
53.26 22
53.27 24
53.28 27
53.29 32
53.3 18
53.31 18
53.32 18
53.33 18
53.34 14
53.35 3
53.36 0
53.37 0
53.38 0
53.39 0
53.4 0
53.41 0
53.42 0
53.43 0
53.44 0
53.45 0
53.46 0
53.47 0
53.48 0
53.49 0
53.5 0
53.51 0
53.52 4
53.53 8
53.54 11
53.55 14
53.56 18
53.57 22
53.58 23
53.59 26
53.6 29
53.61 32
53.62 18
53.63 18
53.64 18
53.65 18
53.66 10
53.67 4
53.68 4
53.69 5
53.7 0
53.71 0
53.72 0
53.73 0
53.74 0
53.75 0
53.76 0
53.77 0
53.78 0
53.79 0
53.8 0
53.81 0
53.82 0
53.83 0
53.84 0
53.85 0
53.86 1
53.87 4
53.88 6
53.89 9
53.9 12
53.91 16
53.92 19
53.93 22
53.94 26
53.95 28
53.96 30
53.97 18
53.98 17
53.99 17
54 17
54.01 14
54.02 12
54.03 6
54.04 1
54.05 0
54.06 0
54.07 0
54.08 0
54.09 0
54.1 0
54.11 0
54.12 0
54.13 0
54.14 0
54.15 2
54.16 6
54.17 8
54.18 11
54.19 14
54.2 18
54.21 21
54.22 23
54.23 25
54.24 29
54.25 19
54.26 17
54.27 17
54.28 18
54.29 11
54.3 0
54.31 0
54.32 0
54.33 0
54.34 0
54.35 0
54.36 0
54.37 0
54.38 0
54.39 0
54.4 0
54.41 0
54.42 0
54.43 0
54.44 0
54.45 0
54.46 0
54.47 0
54.48 2
54.49 5
54.5 7
54.51 10
54.52 14
54.53 17
54.54 20
54.55 21
54.56 24
54.57 26
54.58 29
54.59 20
54.6 18
54.61 18
54.62 17
54.63 12
54.64 0
54.65 0
54.66 0
54.67 0
54.68 0
54.69 0
54.7 0
54.71 0
54.72 0
54.73 0
54.74 0
54.75 0
54.76 0
54.77 0
54.78 0
54.79 0
54.8 0
54.81 0
54.82 0
54.83 0
54.84 3
54.85 6
54.86 10
54.87 14
54.88 16
54.89 18
54.9 21
54.91 24
54.92 27
54.93 29
54.94 30
54.95 18
54.96 18
54.97 18
54.98 19
54.99 13
55 6
55.01 5
55.02 3
55.03 0
55.04 0
55.05 0
55.06 0
55.07 0
55.08 0
55.09 0
55.1 0
55.11 0
55.12 0
55.13 0
55.14 0
55.15 0
55.16 0
55.17 0
55.18 2
55.19 5
55.2 8
55.21 11
55.22 14
55.23 16
55.24 19
55.25 22
55.26 24
55.27 26
55.28 29
55.29 17
55.3 17
55.31 17
55.32 17
55.33 14
55.34 7
55.35 7
55.36 1
55.37 0
55.38 0
55.39 0
55.4 0
55.41 0
55.42 0
55.43 0
55.44 0
55.45 0
55.46 0
55.47 0
55.48 0
55.49 0
55.5 0
55.51 0
55.52 0
55.53 2
55.54 6
55.55 8
55.56 11
55.57 14
55.58 17
55.59 19
55.6 25
55.61 26
55.62 28
55.63 30
55.64 18
55.65 18
55.66 18
55.67 18
55.68 9
55.69 8
55.7 0
55.71 0
55.72 0
55.73 0
55.74 0
55.75 0
55.76 0
55.77 0
55.78 0
55.79 0
55.8 0
55.81 0
55.82 0
55.83 0
55.84 0
55.85 0
55.86 0
55.87 0
55.88 0
55.89 0
55.9 0
55.91 0
55.92 3
55.93 4
55.94 8
55.95 9
55.96 13
55.97 15
55.98 17
55.99 20
56 22
56.01 24
56.02 26
56.03 29
56.04 18
56.05 19
56.06 18
56.07 18
56.08 10
56.09 0
56.1 0
56.11 0
56.12 0
56.13 0
56.14 0
56.15 0
56.16 0
56.17 0
56.18 0
56.19 0
56.2 0
56.21 0
56.22 0
56.23 0
56.24 0
56.25 0
56.26 0
56.27 0
56.28 0
56.29 0
56.3 1
56.31 4
56.32 6
56.33 9
56.34 11
56.35 14
56.36 16
56.37 18
56.38 21
56.39 23
56.4 25
56.41 28
56.42 27
56.43 17
56.44 17
56.45 17
56.46 17
56.47 3
56.48 0
56.49 0
56.5 0
56.51 0
56.52 0
56.53 0
56.54 0
56.55 0
56.56 0
56.57 0
56.58 0
56.59 0
56.6 0
56.61 0
56.62 0
56.63 0
56.64 0
56.65 0
56.66 0
56.67 0
56.68 0
56.69 0
56.7 4
56.71 7
56.72 9
56.73 13
56.74 17
56.75 18
56.76 21
56.77 25
56.78 29
56.79 31
56.8 18
56.81 18
56.82 18
56.83 18
56.84 13
56.85 7
56.86 0
56.87 0
56.88 0
56.89 0
56.9 0
56.91 0
56.92 0
56.93 0
56.94 0
56.95 0
56.96 0
56.97 0
56.98 0
56.99 0
57 0
57.01 0
57.02 0
57.03 1
57.04 4
57.05 7
57.06 11
57.07 13
57.08 17
57.09 20
57.1 23
57.11 25
57.12 28
57.13 30
57.14 17
57.15 17
57.16 17
57.17 17
57.18 7
57.19 6
57.2 3
57.21 0
57.22 0
57.23 0
57.24 0
57.25 0
57.26 0
57.27 0
57.28 0
57.29 0
57.3 0
57.31 0
57.32 0
57.33 0
57.34 1
57.35 4
57.36 7
57.37 11
57.38 14
57.39 16
57.4 18
57.41 20
57.42 24
57.43 25
57.44 28
57.45 31
57.46 17
57.47 17
57.48 17
57.49 17
57.5 12
57.51 3
57.52 0
57.53 0
57.54 0
57.55 0
57.56 0
57.57 0
57.58 0
57.59 0
57.6 0
57.61 0
57.62 0
57.63 0
57.64 0
57.65 0
57.66 0
57.67 0
57.68 0
57.69 0
57.7 0
57.71 0
57.72 2
57.73 3
57.74 7
57.75 11
57.76 14
57.77 17
57.78 20
57.79 22
57.8 25
57.81 28
57.82 30
57.83 17
57.84 17
57.85 17
57.86 17
57.87 14
57.88 3
57.89 0
57.9 0
57.91 0
57.92 0
57.93 0
57.94 0
57.95 0
57.96 0
57.97 0
57.98 0
57.99 0
58 0
58.01 0
58.02 0
58.03 0
58.04 0
58.05 4
58.06 6
58.07 9
58.08 12
58.09 15
58.1 17
58.11 21
58.12 24
58.13 26
58.14 30
58.15 28
58.16 17
58.17 14
58.18 15
58.19 16
58.2 0
58.21 0
58.22 0
58.23 0
58.24 0
58.25 0
58.26 0
58.27 0
58.28 0
58.29 0
58.3 0
58.31 0
58.32 0
58.33 0
58.34 0
58.35 0
58.36 0
58.37 0
58.38 0
58.39 0
58.4 0
58.41 0
58.42 0
58.43 0
58.44 0
58.45 0
58.46 0
58.47 0
58.48 0
58.49 0
58.5 0
58.51 0
58.52 0
58.53 0
58.54 0
58.55 0
58.56 0
58.57 0
58.58 0
58.59 0
58.6 0
58.61 0
58.62 0
58.63 0
58.64 0
58.65 0
58.66 0
58.67 0
58.68 0
58.69 0
58.7 0
58.71 0
58.72 0
58.73 0
58.74 0
58.75 0
58.76 0
58.77 0
58.78 0
58.79 0
58.8 0
58.81 0
58.82 0
58.83 0
58.84 0
58.85 0
58.86 0
58.87 0
58.88 0
58.89 0
58.9 0
58.91 0
58.92 0
58.93 0
58.94 0
58.95 0
58.96 0
58.97 0
58.98 0
58.99 0
59 0
59.01 0
59.02 0
59.03 0
59.04 0
59.05 0
59.06 0
59.07 0
59.08 0
59.09 0
59.1 0
59.11 0
59.12 0
59.13 0
59.14 0
59.15 0
59.16 0
59.17 0
59.18 0
59.19 0
59.2 0
59.21 0
59.22 0
59.23 0
59.24 0
59.25 0
59.26 0
59.27 0
59.28 0
59.29 0
59.3 0
59.31 0
59.32 0
59.33 0
59.34 0
59.35 0
59.36 0
59.37 0
59.38 0
59.39 0
59.4 0
59.41 0
59.42 0
59.43 0
59.44 0
59.45 0
59.46 0
59.47 0
59.48 0
59.49 0
59.5 0
59.51 0
59.52 0
59.53 0
59.54 0
59.55 0
59.56 0
59.57 0
59.58 0
59.59 0
59.6 0
59.61 0
59.62 0
59.63 0
59.64 0
59.65 0
59.66 0
59.67 0
59.68 0
59.69 0
59.7 0
59.71 0
59.72 0
59.73 0
59.74 0
59.75 0
59.76 0
59.77 0
59.78 0
59.79 0
59.8 0
59.81 0
59.82 0
59.83 0
59.84 0
59.85 0
59.86 0
59.87 0
59.88 0
59.89 0
59.9 0
59.91 0
59.92 0
59.93 0
59.94 0
59.95 0
59.96 0
59.97 0
59.98 0
59.99 0
60 0
60.01 0
60.02 0
60.03 0
60.04 0
60.05 0
60.06 0
60.07 0
60.08 0
60.09 0
60.1 0
60.11 0
60.12 0
60.13 0
60.14 0
60.15 0
60.16 0
60.17 0
60.18 0
60.19 0
60.2 0
60.21 0
60.22 0
60.23 0
60.24 0
60.25 0
60.26 0
60.27 0
60.28 0
60.29 0
60.3 0
60.31 0
60.32 0
60.33 0
60.34 0
60.35 0
60.36 0
60.37 0
60.38 0
60.39 0
60.4 0
60.41 0
60.42 0
60.43 0
60.44 0
60.45 0
60.46 0
60.47 0
60.48 0
60.49 0
60.5 0
60.51 0
60.52 0
60.53 0
60.54 0
60.55 0
60.56 0
60.57 0
60.58 0
60.59 0
60.6 0
60.61 0
60.62 0
60.63 0
60.64 0
60.65 0
60.66 0
60.67 0
60.68 0
60.69 0
60.7 0
60.71 0
60.72 0
60.73 0
60.74 0
60.75 0
60.76 0
60.77 0
60.78 0
60.79 0
60.8 0
60.81 0
60.82 0
60.83 0
60.84 0
60.85 0
60.86 0
60.87 0
60.88 0
60.89 0
60.9 0
60.91 0
60.92 0
60.93 0
60.94 0
60.95 0
60.96 0
60.97 0
60.98 0
60.99 0
61 0
61.01 0
61.02 0
61.03 0
61.04 0
61.05 0
61.06 0
61.07 0
61.08 0
61.09 0
61.1 0
61.11 0
61.12 0
61.13 0
61.14 0
61.15 0
61.16 0
61.17 0
61.18 0
61.19 0
61.2 0
61.21 0
61.22 0
61.23 0
61.24 0
61.25 0
61.26 0
61.27 0
61.28 0
61.29 0
61.3 0
61.31 0
61.32 0
61.33 0
61.34 0
61.35 0
61.36 0
61.37 0
61.38 0
61.39 0
61.4 0
61.41 0
61.42 0
61.43 0
61.44 0
61.45 0
61.46 0
61.47 0
61.48 0
61.49 0
61.5 0
61.51 0
61.52 0
61.53 0
61.54 0
61.55 0
61.56 0
61.57 0
61.58 0
61.59 0
61.6 0
61.61 0
61.62 0
61.63 0
61.64 0
61.65 0
61.66 0
61.67 0
61.68 0
61.69 0
61.7 0
61.71 0
61.72 0
61.73 0
61.74 0
61.75 0
61.76 0
61.77 0
61.78 0
61.79 0
61.8 0
61.81 0
61.82 0
61.83 0
61.84 0
61.85 0
61.86 0
61.87 0
61.88 0
61.89 0
61.9 0
61.91 0
61.92 0
61.93 0
61.94 0
61.95 0
61.96 0
61.97 0
61.98 0
61.99 0
62 0
62.01 0
62.02 0
62.03 0
62.04 0
62.05 0
62.06 0
62.07 0
62.08 0
62.09 0
62.1 0
62.11 0
62.12 0
62.13 0
62.14 0
62.15 0
62.16 0
62.17 0
62.18 0
62.19 0
62.2 0
62.21 0
62.22 0
62.23 0
62.24 0
62.25 0
62.26 0
62.27 0
62.28 0
62.29 0
62.3 0
62.31 0
62.32 0
62.33 0
62.34 0
62.35 0
62.36 0
62.37 0
62.38 0
62.39 0
62.4 0
62.41 0
62.42 0
62.43 0
62.44 0
62.45 0
62.46 0
62.47 0
62.48 0
62.49 0
62.5 0
62.51 0
62.52 0
62.53 0
62.54 0
62.55 0
62.56 0
62.57 0
62.58 0
62.59 0
62.6 0
62.61 0
62.62 0
62.63 0
62.64 0
62.65 0
62.66 0
62.67 0
62.68 0
62.69 0
62.7 0
62.71 0
62.72 0
62.73 0
62.74 0
62.75 0
62.76 0
62.77 0
62.78 0
62.79 0
62.8 0
62.81 0
62.82 0
62.83 0
62.84 0
62.85 0
62.86 0
62.87 0
62.88 0
62.89 0
62.9 0
62.91 0
62.92 0
62.93 0
62.94 0
62.95 0
62.96 0
62.97 0
62.98 0
62.99 0
